0 0.261574 0.031915 0.266204 0.039894 0.263889 0.132979 0.266204 0.164894 0.273148 0.18883 0.275463 0.236702 0.284722 0.265957 0.284722 0.279255 0.289352 0.287234 0.289352 0.324468 0.298611 0.356383 0.298611 0.37234 0.3078699999999999 0.38297899999999996 0.456019 0.393617 0.56713 0.393617 0.699074 0.380319 0.710648 0.337766 0.7083330000000001 0.31117 0.715278 0.268617 0.722222 0.25266 0.719907 0.234043 0.726852 0.21542599999999998 0.724537 0.204787 0.731481 0.178191 0.731481 0.125 0.7361110000000001 0.106383 0.733796 0.071809 0.738426 0.069149 0.738426 0.034574 0.712963 0.037234 0.7013889999999999 0.042553 0.659722 0.042553 0.62037 0.047872 0.460648 0.050532 0.319444 0.042553 0.296296 0.034574 0.273148 0.037234
5 0.166667 0.00266 0.159722 0.005319 0.145833 0.021277 0.138889 0.037234 0.134259 0.069149 0.08101900000000001 0.151596 0.069444 0.183511 0.064815 0.239362 0.069444 0.265957 0.083333 0.292553 0.097222 0.308511 0.111111 0.316489 0.125 0.316489 0.131944 0.324468 0.131944 0.329787 0.127315 0.332447 0.127315 0.345745 0.115741 0.388298 0.097222 0.420213 0.087963 0.46276600000000007 0.055556 0.539894 0.055556 0.547872 0.023148 0.632979 0.00463 0.7047869999999999 0.002315 0.739362 0.013889 0.784574 0.043981 0.837766 0.06713 0.848404 0.087963 0.843085 0.104167 0.851064 0.101852 0.8590429999999999 0.043981 0.914894 0.043981 0.9202130000000001 0.027778 0.944149 0.034722 0.9574470000000002 0.048611 0.968085 0.071759 0.968085 0.092593 0.973404 0.12036999999999999 0.992021 0.152778 0.992021 0.178241 0.978723 0.208333 0.9813829999999999 0.222222 0.989362 0.24537 0.989362 0.25463 0.973404 0.298611 0.9547869999999999 0.298611 0.9494679999999999 0.240741 0.8563829999999999 0.243056 0.845745 0.25 0.845745 0.25463 0.837766 0.259259 0.837766 0.275463 0.821809 0.284722 0.803191 0.291667 0.7686170000000001 0.296296 0.68883 0.296296 0.531915 0.291667 0.518617 0.293981 0.470745 0.289352 0.38297899999999996 0.291667 0.361702 0.296296 0.356383 0.287037 0.321809 0.287037 0.287234 0.282407 0.279255 0.282407 0.265957 0.273148 0.236702 0.270833 0.18883 0.263889 0.164894 0.261574 0.042553 0.266204 0.034574 0.24537 0.029254999999999996 0.238426 0.021277 0.21990699999999996 0.021277 0.210648 0.013298 0.201389 0.015957 0.1875 0.005319 0.178241 0.007979
5 0.831019 0.00266 0.819444 0.007979 0.810185 0.005319 0.7986110000000001 0.013298 0.7916669999999999 0.010638 0.775463 0.021277 0.759259 0.021277 0.752315 0.029254999999999996 0.740741 0.031915 0.738426 0.037234 0.740741 0.069149 0.7361110000000001 0.071809 0.738426 0.106383 0.733796 0.125 0.733796 0.178191 0.726852 0.204787 0.7291669999999999 0.21542599999999998 0.722222 0.234043 0.724537 0.25266 0.717593 0.268617 0.710648 0.31117 0.712963 0.337766 0.7083330000000001 0.35372300000000007 0.710648 0.401596 0.703704 0.521277 0.706019 0.7659570000000001 0.710648 0.771277 0.717593 0.81117 0.7361110000000001 0.8324470000000002 0.756944 0.843085 0.759259 0.851064 0.722222 0.909574 0.7013889999999999 0.9547869999999999 0.74537 0.973404 0.75463 0.989362 0.7708330000000001 0.989362 0.796296 0.978723 0.821759 0.978723 0.847222 0.992021 0.877315 0.992021 0.909722 0.970745 0.949074 0.968085 0.965278 0.9547869999999999 0.972222 0.9547869999999999 0.972222 0.946809 0.93287 0.8909570000000001 0.907407 0.867021 0.907407 0.8590429999999999 0.9166669999999999 0.845745 0.946759 0.845745 0.949074 0.837766 0.956019 0.835106 0.9791669999999999 0.803191 0.99537 0.755319 0.99537 0.7047869999999999 0.976852 0.630319 0.9583330000000001 0.587766 0.930556 0.50266 0.914352 0.468085 0.912037 0.44680899999999996 0.905093 0.441489 0.891204 0.404255 0.8888889999999999 0.388298 0.881944 0.380319 0.875 0.340426 0.868056 0.324468 0.872685 0.316489 0.893519 0.31383 0.909722 0.300532 0.921296 0.284574 0.93287 0.257979 0.935185 0.196809 0.928241 0.17553200000000002 0.928241 0.162234 0.87037 0.077128 0.844907 0.010638
7 0.300926 0.37234 0.303241 0.38297899999999996 0.321759 0.388298 0.391204 0.388298 0.407407 0.393617 0.444444 0.39627699999999993 0.592593 0.393617 0.613426 0.388298 0.703704 0.38297899999999996 0.703704 0.369681 0.634259 0.37766 0.502315 0.38297899999999996 0.351852 0.37766 0.3171300000000001 0.369681
2 0.266204 0.031915 0.266204 0.039894 0.270833 0.045213 0.337963 0.045213 0.349537 0.050532 0.641204 0.053190999999999995 0.694444 0.050532 0.726852 0.042553 0.74537 0.042553 0.74537 0.029254999999999996 0.719907 0.029254999999999996 0.6875 0.037234 0.650463 0.039894 0.393519 0.039894 0.324074 0.031915
6 0.164352 0 0.166667 0.013298 0.18981500000000004 0.026596 0.233796 0.042553 0.25463 0.042553 0.256944 0.09574499999999998 0.268519 0.09574499999999998 0.268519 0.029254999999999996 0.240741 0.029254999999999996 0.233796 0.023936 0.196759 0.013298 0.175926 0
6 0.840278 0 0.805556 0.00266 0.7361110000000001 0.029254999999999996 0.733796 0.103723 0.74537 0.103723 0.747685 0.098404 0.75 0.039894 0.775463 0.029254999999999996 0.784722 0.029254999999999996 0.793981 0.021277 0.824074 0.015957 0.840278 0.007979
6 0.12963 0.327128 0.12963 0.335106 0.134259 0.337766 0.212963 0.348404 0.231481 0.356383 0.270833 0.361702 0.280093 0.37234 0.293981 0.37234 0.293981 0.359043 0.284722 0.35106400000000004 0.270833 0.35106400000000004 0.25 0.343085 0.208333 0.337766 0.15509300000000004 0.324468
6 0.872685 0.324468 0.837963 0.324468 0.8263889999999999 0.329787 0.775463 0.337766 0.712963 0.356383 0.706019 0.361702 0.706019 0.369681 0.717593 0.37234 0.782407 0.35106400000000004 0.8333330000000001 0.343085 0.856481 0.335106 0.872685 0.335106
6 0.243056 0.843085 0.238426 0.837766 0.231481 0.837766 0.222222 0.848404 0.19213 0.853723 0.145833 0.853723 0.104167 0.843085 0.101852 0.853723 0.10648099999999999 0.8590429999999999 0.115741 0.8590429999999999 0.122685 0.864362 0.18981500000000004 0.867021 0.21759300000000004 0.864362 0.243056 0.8563829999999999
6 0.898148 0.840426 0.849537 0.848404 0.7986110000000001 0.848404 0.761574 0.843085 0.759259 0.853723 0.7708330000000001 0.8590429999999999 0.8541669999999999 0.861702 0.898148 0.853723