0 0.223776 0.014458 0.213287 0.024095999999999996 0.22028 0.026506 0.213287 0.036145 0.23426600000000003 0.06988 0.24475500000000003 0.113253 0.272727 0.17108400000000004 0.276224 0.236145 0.29021 0.26747 0.300699 0.327711 0.328671 0.387952 0.328671 0.421687 0.335664 0.426506 0.339161 0.44819300000000006 0.388112 0.44819300000000006 0.405594 0.453012 0.559441 0.453012 0.590909 0.44819300000000006 0.695804 0.445783 0.688811 0.428916 0.695804 0.421687 0.702797 0.3301200000000001 0.713287 0.313253 0.713287 0.298795 0.734266 0.248193 0.727273 0.103614 0.734266 0.091566 0.734266 0.072289 0.751748 0.033735 0.702797 0.014458 0.678322 0.012047999999999998 0.643357 0 0.622378 0 0.622378 0.045783 0.629371 0.055422 0.629371 0.06747 0.608392 0.137349 0.545455 0.250602 0.520979 0.26747 0.513986 0.26747 0.506993 0.262651 0.4965030000000001 0.224096 0.4825169999999999 0.207229 0.479021 0.185542 0.43007 0.103614 0.423077 0.06506 0.412587 0.050602 0.405594 0.00241 0.335664 0 0.328671 0.004819 0.29021 0.004819 0.258741 0.009639 0.248252 0.007229 0.237762 0.014458
5 0.20979 0.021687000000000005 0.185315 0.036145 0.178322 0.036145 0.129371 0.072289 0.125874 0.081928 0.111888 0.089157 0.108392 0.086747 0.104895 0.09397599999999999 0.076923 0.098795 0.066434 0.09397599999999999 0.006993 0.09397599999999999 0.003497 0.108434 0.017483 0.151807 0.048951 0.183133 0.048951 0.20241 0.031469 0.22168700000000002 0.031469 0.250602 0.038462 0.250602 0.06993 0.274699 0.083916 0.306024 0.090909 0.310843 0.090909 0.3301200000000001 0.06993 0.356627 0.06993 0.366265 0.08042 0.366265 0.097902 0.380723 0.115385 0.385542 0.118881 0.390361 0.13986 0.392771 0.143357 0.39759 0.153846 0.39759 0.167832 0.409639 0.167832 0.440964 0.181818 0.44819300000000006 0.188811 0.457831 0.216783 0.46747 0.24475500000000003 0.46747 0.262238 0.474699 0.262238 0.438554 0.255245 0.436145 0.262238 0.409639 0.269231 0.40481900000000004 0.325175 0.412048 0.325175 0.387952 0.297203 0.327711 0.286713 0.26747 0.272727 0.236145 0.269231 0.17108400000000004 0.241259 0.113253 0.23076899999999997 0.06988 0.20979 0.031325 0.216783 0.028916
5 0.751748 0.036145 0.730769 0.103614 0.737762 0.248193 0.716783 0.298795 0.716783 0.313253 0.706294 0.3301200000000001 0.706294 0.368675 0.699301 0.378313 0.699301 0.419277 0.716783 0.424096 0.748252 0.443373 0.758741 0.438554 0.758741 0.428916 0.744755 0.409639 0.727273 0.4 0.727273 0.390361 0.765734 0.380723 0.776224 0.373494 0.783217 0.37590399999999996 0.786713 0.371084 0.807692 0.363855 0.800699 0.33734899999999995 0.804196 0.32048200000000004 0.863636 0.293976 0.863636 0.286747 0.842657 0.274699 0.842657 0.248193 0.856643 0.243373 0.863636 0.245783 0.888112 0.233735 0.923077 0.190361 0.923077 0.151807 0.909091 0.149398 0.905594 0.144578 0.846154 0.139759 0.839161 0.125301 0.828671 0.125301 0.814685 0.118072 0.797203 0.06988 0.783217 0.053012 0.762238 0.038554
4 0.335664 0.44819300000000006 0.311189 0.474699 0.304196 0.501205 0.27972 0.515663 0.216783 0.624096 0.185315 0.662651 0.167832 0.706024 0.052448 0.860241 0.034965 0.874699 0.034965 0.893976 0.052448 0.9277110000000001 0.05944100000000001 0.9277110000000001 0.076923 0.942169 0.104895 0.949398 0.192308 0.949398 0.216783 0.973494 0.23426600000000003 0.975904 0.272727 0.990361 0.276224 0.987952 0.377622 0.992771 0.440559 0.975904 0.517483 0.975904 0.538462 0.987952 0.562937 0.987952 0.601399 0.99759 0.737762 0.990361 0.797203 0.956627 0.863636 0.956627 0.912587 0.9518069999999998 0.9195799999999998 0.946988 0.9370630000000001 0.9445779999999999 0.9405590000000001 0.9373490000000001 0.961538 0.93012 0.968531 0.922892 0.9195799999999998 0.840964 0.905594 0.828916 0.898601 0.80241 0.888112 0.790361 0.888112 0.780723 0.877622 0.771084 0.877622 0.761446 0.867133 0.749398 0.856643 0.718072 0.839161 0.689157 0.839161 0.677108 0.818182 0.643373 0.818182 0.6337349999999999 0.800699 0.60241 0.800699 0.585542 0.772727 0.527711 0.730769 0.477108 0.706294 0.45542199999999994 0.692308 0.44819300000000006 0.590909 0.450602 0.559441 0.45542199999999994 0.405594 0.45542199999999994 0.388112 0.450602
2 0.398601 0 0.391608 0.004819 0.405594 0.077108 0.423077 0.101205 0.43007 0.122892 0.437063 0.127711 0.437063 0.149398 0.444056 0.15421700000000002 0.454545 0.183133 0.475524 0.214458 0.4825169999999999 0.243373 0.513986 0.26747 0.531469 0.26747 0.545455 0.257831 0.573427 0.224096 0.587413 0.195181 0.597902 0.185542 0.601399 0.17108400000000004 0.608392 0.16626499999999997 0.608392 0.15421700000000002 0.615385 0.146988 0.615385 0.13494 0.629371 0.108434 0.63986 0 0.622378 0 0.618881 0.004819 0.618881 0.057831 0.608392 0.108434 0.597902 0.125301 0.590909 0.15421700000000002 0.576923 0.180723 0.562937 0.195181 0.562937 0.20241 0.524476 0.250602 0.51049 0.243373 0.48951000000000006 0.19759 0.472028 0.17590400000000003 0.472028 0.163855 0.46503500000000003 0.146988 0.458042 0.142169 0.454545 0.118072 0.433566 0.089157 0.426573 0.062651 0.416084 0.04819299999999999 0.409091 0.00241
7 0.332168 0.445783 0.339161 0.45542199999999994 0.402098 0.457831 0.695804 0.45542199999999994 0.692308 0.443373 0.41958 0.445783 0.339161 0.440964
2 0.695804 0.412048 0.667832 0.409639 0.590909 0.41686699999999993 0.43007 0.41686699999999993 0.335664 0.412048 0.328671 0.41686699999999993 0.328671 0.424096 0.405594 0.428916 0.618881 0.428916 0.653846 0.424096 0.692308 0.424096
2 0.538462 0.293976 0.531469 0.293976 0.520979 0.301205 0.503497 0.33734899999999995 0.5 0.368675 0.479021 0.409639 0.479021 0.419277 0.48601399999999995 0.424096 0.5 0.421687 0.51049 0.385542 0.520979 0.373494 0.520979 0.346988 0.527972 0.339759 0.538462 0.346988 0.552448 0.380723 0.562937 0.387952 0.56993 0.40241 0.56993 0.419277 0.590909 0.419277 0.590909 0.40241 0.58042 0.380723 0.56993 0.371084
1 0.027972 0.881928 0.031469 0.898795 0.041958 0.913253 0.076923 0.942169 0.115385 0.954217 0.185315 0.954217 0.23426600000000003 0.983133 0.276224 0.99759 0.34965 0.99759 0.447552 0.983133 0.48951000000000006 0.980723 0.520979 0.983133 0.562937 0.99759 0.744755 0.99759 0.765734 0.992771 0.811189 0.961446 0.912587 0.954217 0.9720279999999999 0.9373490000000001 0.9720279999999999 0.9277110000000001 0.954545 0.9253010000000002 0.923077 0.9373490000000001 0.881119 0.9445779999999999 0.807692 0.946988 0.783217 0.956627 0.755245 0.978313 0.723776 0.985542 0.597902 0.987952 0.576923 0.985542 0.562937 0.978313 0.520979 0.968675 0.426573 0.971084 0.398601 0.978313 0.293706 0.985542 0.255245 0.975904 0.206294 0.9445779999999999 0.129371 0.942169 0.101399 0.93494 0.073427 0.918072 0.052448 0.893976 0.048951 0.881928 0.041958 0.877108
6 0.213287 0.024095999999999996 0.206294 0.033735 0.216783 0.045783 0.23076899999999997 0.103614 0.248252 0.139759 0.251748 0.173494 0.262238 0.2 0.262238 0.214458 0.269231 0.224096 0.269231 0.245783 0.27972 0.26506 0.27972 0.284337 0.293706 0.318072 0.293706 0.33494 0.311189 0.359036 0.318182 0.4 0.325175 0.407229 0.339161 0.407229 0.339161 0.37590399999999996 0.332168 0.371084 0.328671 0.349398 0.307692 0.306024 0.307692 0.291566 0.297203 0.277108 0.297203 0.253012 0.29021 0.243373 0.276224 0.17108400000000004 0.269231 0.161446 0.265734 0.13012 0.258741 0.125301 0.248252 0.074699 0.23426600000000003 0.036145 0.22028 0.024095999999999996
6 0.132867 0.084337 0.125874 0.089157 0.125874 0.09638599999999999 0.143357 0.127711 0.153846 0.17108400000000004 0.153846 0.228916 0.146853 0.248193 0.146853 0.26988 0.157343 0.315663 0.178322 0.349398 0.206294 0.380723 0.23426600000000003 0.40241 0.241259 0.40241 0.251748 0.409639 0.269231 0.409639 0.269231 0.395181 0.262238 0.390361 0.251748 0.390361 0.206294 0.354217 0.181818 0.32048200000000004 0.178322 0.303614 0.171329 0.298795 0.171329 0.272289 0.164336 0.260241 0.171329 0.243373 0.171329 0.156627 0.164336 0.142169 0.164336 0.120482 0.15035 0.09397599999999999 0.13986 0.084337
6 0.755245 0.036145 0.748252 0.036145 0.737762 0.045783 0.72028 0.103614 0.727273 0.248193 0.72028 0.257831 0.72028 0.279518 0.706294 0.33494 0.695804 0.354217 0.695804 0.373494 0.685315 0.387952 0.685315 0.39759 0.692308 0.40481900000000004 0.706294 0.40481900000000004 0.744755 0.260241 0.748252 0.2 0.737762 0.122892 0.758741 0.057831
6 0.832168 0.125301 0.818182 0.13012 0.783217 0.2 0.727273 0.26747 0.716783 0.349398 0.706294 0.371084 0.688811 0.390361 0.692308 0.40241 0.706294 0.40241 0.723776 0.383133 0.741259 0.33494 0.744755 0.281928 0.804196 0.204819 0.804196 0.19759 0.835664 0.144578