0 0.398589 0 0.38448 0.008951 0.37037 0.029412 0.343915 0.05243 0.336861 0.065217 0.33157 0.084399 0.33157 0.102302 0.336861 0.106138 0.35097 0.104859 0.354497 0.107417 0.354497 0.113811 0.335097 0.141944 0.33157 0.15601 0.294533 0.200767 0.282187 0.219949 0.23280399999999998 0.267263 0.22574999999999998 0.283887 0.22574999999999998 0.294118 0.216931 0.317136 0.215168 0.3503839999999999 0.22574999999999998 0.375959 0.22574999999999998 0.4104860000000001 0.23633199999999996 0.421995 0.253968 0.457801 0.276896 0.48977 0.285714 0.511509 0.306878 0.537084 0.358025 0.566496 0.379189 0.576726 0.412698 0.588235 0.45679000000000003 0.609974 0.49030000000000007 0.620205 0.514991 0.620205 0.550265 0.609974 0.585538 0.59335 0.589065 0.59335 0.675485 0.549872 0.707231 0.528133 0.719577 0.514066 0.740741 0.461637 0.753086 0.445013 0.761905 0.425831 0.770723 0.415601 0.777778 0.418159 0.781305 0.4104860000000001 0.784832 0.36828600000000006 0.78836 0.363171 0.791887 0.319693 0.795414 0.314578 0.795414 0.292839 0.784832 0.267263 0.772487 0.265985 0.716049 0.21867 0.687831 0.18030699999999997 0.686067 0.173913 0.66843 0.147059 0.661376 0.118926 0.656085 0.112532 0.656085 0.054987 0.631393 0.033248 0.608466 0.001279
5 0.070547 0.253197 0.058200999999999996 0.254476 0.047619 0.259591 0.022928 0.303069 0.022928 0.319693 0.037037 0.3286450000000001 0.035273 0.372123 0.026455 0.405371 0.0194 0.540921 0.012346 0.58312 0.0070550000000000005 0.732737 0.0017640000000000002 0.777494 0 0.861893 0.008818 0.893862 0.0194 0.907928 0.026455 0.924552 0.03351 0.953964 0.03351 0.987212 0.038801 0.992327 0.054674 0.996164 0.065256 0.996164 0.068783 0.998721 0.11287499999999999 0.998721 0.11816599999999998 0.996164 0.130511 0.994885 0.148148 0.919437 0.174603 0.873402 0.185185 0.822251 0.190476 0.8081840000000001 0.195767 0.7289000000000001 0.206349 0.685422 0.208113 0.626598 0.218695 0.576726 0.220459 0.433504 0.22574999999999998 0.424552 0.223986 0.375959 0.213404 0.3503839999999999 0.215168 0.317136 0.223986 0.294118 0.223986 0.283887 0.231041 0.268542 0.222222 0.268542 0.220459 0.265985 0.215168 0.265985 0.202822 0.26087 0.190476 0.26087 0.179894 0.255754 0.149912 0.253197
5 0.865961 0.249361 0.844797 0.254476 0.828924 0.253197 0.798942 0.263427 0.777778 0.265985 0.786596 0.267263 0.790123 0.278772 0.793651 0.28133 0.793651 0.287724 0.797178 0.292839 0.797178 0.314578 0.793651 0.319693 0.790123 0.363171 0.786596 0.36828600000000006 0.783069 0.4104860000000001 0.779541 0.418159 0.776014 0.419437 0.77425 0.41688 0.770723 0.41688 0.770723 0.419437 0.779541 0.429668 0.777778 0.49872099999999997 0.781305 0.503836 0.790123 0.626598 0.795414 0.649616 0.795414 0.6803070000000001 0.80776 0.7429670000000002 0.80776 0.768542 0.813051 0.7864449999999998 0.816578 0.832481 0.823633 0.860614 0.835979 0.887468 0.839506 0.902813 0.855379 0.923274 0.865961 0.9808180000000001 0.871252 0.992327 0.876543 0.996164 0.904762 0.996164 0.920635 0.998721 0.925926 0.996164 0.932981 0.9974419999999999 0.9576719999999999 0.994885 0.9647270000000001 0.984655 0.9735449999999999 0.925831 0.985891 0.907928 0.998236 0.87468 0.998236 0.832481 0.994709 0.8209720000000001 0.992945 0.686701 0.984127 0.604859 0.984127 0.542199 0.9806000000000001 0.511509 0.9770719999999999 0.505115 0.9735449999999999 0.411765 0.970018 0.39002600000000004 0.9647270000000001 0.378517 0.9647270000000001 0.337596 0.971781 0.33376 0.9770719999999999 0.33376 0.9788359999999999 0.323529 0.96649 0.280051 0.9576719999999999 0.264706 0.943563 0.255754 0.932981 0.255754 0.911817 0.250639
2 0.608466 0.003836 0.599647 0.003836 0.592593 0.008951 0.590829 0.031969 0.585538 0.038363 0.582011 0.054987 0.567901 0.078005 0.564374 0.09335 0.555556 0.112532 0.546737 0.12020499999999999 0.546737 0.12532 0.541446 0.130435 0.537919 0.143223 0.532628 0.147059 0.529101 0.15601 0.522046 0.162404 0.5097 0.181586 0.5097 0.18798 0.500882 0.19820999999999997 0.500882 0.204604 0.493827 0.217391 0.49030000000000007 0.21611299999999997 0.49030000000000007 0.212276 0.485009 0.207161 0.483245 0.19693100000000002 0.47442700000000004 0.18542199999999998 0.47442700000000004 0.18030699999999997 0.463845 0.16751899999999997 0.463845 0.161125 0.4532630000000001 0.140665 0.4532630000000001 0.134271 0.446208 0.12532 0.446208 0.116368 0.442681 0.112532 0.439153 0.098465 0.428571 0.081841 0.428571 0.074169 0.417989 0.058824 0.417989 0.049872 0.409171 0.035806 0.407407 0.008951 0.400353 0.003836 0.391534 0.005115 0.388007 0.008951 0.389771 0.039642 0.395062 0.051151 0.400353 0.056266 0.400353 0.065217 0.409171 0.078005 0.409171 0.086957 0.412698 0.09462900000000002 0.419753 0.102302 0.42328 0.116368 0.426808 0.12020499999999999 0.426808 0.129156 0.433862 0.138107 0.435626 0.152174 0.440917 0.158568 0.447972 0.177749 0.45502599999999993 0.18542199999999998 0.45679000000000003 0.194373 0.463845 0.20204600000000003 0.463845 0.207161 0.470899 0.217391 0.47266299999999994 0.226343 0.4797179999999999 0.234015 0.483245 0.245524 0.49030000000000007 0.250639 0.500882 0.249361 0.506173 0.242967 0.511464 0.223785 0.520282 0.210997 0.520282 0.20332499999999998 0.529101 0.19181600000000001 0.529101 0.186701 0.557319 0.147059 0.560847 0.13555 0.566138 0.130435 0.566138 0.126598 0.574956 0.116368 0.57672 0.108696 0.582011 0.102302 0.589065 0.079284 0.603175 0.054987 0.604938 0.043478 0.610229 0.038363 0.613757 0.006394
7 0.724868 0.508951 0.717813 0.503836 0.708995 0.505115 0.705467 0.508951 0.705467 0.514066 0.689594 0.525575 0.661376 0.538363 0.656085 0.543478 0.64903 0.544757 0.620811 0.565217 0.566138 0.590793 0.560847 0.590793 0.544974 0.598465 0.539683 0.598465 0.529101 0.603581 0.522046 0.603581 0.502646 0.611253 0.48853599999999997 0.611253 0.47619 0.604859 0.46560799999999997 0.603581 0.462081 0.599744 0.449735 0.597187 0.440917 0.592072 0.432099 0.590793 0.398589 0.578005 0.37037 0.560102 0.338624 0.544757 0.310406 0.52046 0.29806 0.52046 0.294533 0.524297 0.294533 0.530691 0.29806 0.535806 0.315697 0.547315 0.329806 0.560102 0.347443 0.566496 0.368607 0.580563 0.379189 0.584399 0.386243 0.590793 0.391534 0.590793 0.421517 0.603581 0.430335 0.604859 0.45855399999999996 0.617647 0.46560799999999997 0.617647 0.47619 0.624041 0.514991 0.624041 0.527337 0.617647 0.539683 0.616368 0.606702 0.590793 0.641975 0.57289 0.663139 0.556266 0.679012 0.549872 0.694885 0.539642 0.703704 0.537084 0.72134 0.525575 0.724868 0.519182
6 0.223986 0.273657 0.216931 0.278772 0.206349 0.308184 0.204586 0.3542199999999999 0.215168 0.398977 0.222222 0.40409200000000006 0.231041 0.40409200000000006 0.23633199999999996 0.401535 0.23633199999999996 0.391304 0.22927699999999998 0.378517 0.22751299999999997 0.35805600000000004 0.222222 0.347826 0.222222 0.324808 0.22574999999999998 0.320972 0.22574999999999998 0.31202 0.23633199999999996 0.286445 0.23633199999999996 0.276215 0.231041 0.273657
6 0.793651 0.268542 0.784832 0.269821 0.781305 0.273657 0.78836 0.324808 0.779541 0.36700799999999995 0.779541 0.378517 0.770723 0.401535 0.770723 0.414322 0.77425 0.418159 0.78836 0.41688 0.78836 0.407928 0.791887 0.40409200000000006 0.795414 0.387468 0.798942 0.382353 0.798942 0.37084399999999995 0.80776 0.3286450000000001 0.80776 0.309463 0.802469 0.277494 0.798942 0.2711
7 0.0194 0.318414 0.0194 0.322251 0.024691 0.327366 0.065256 0.34399 0.088183 0.34399 0.098765 0.346547 0.151675 0.3503839999999999 0.215168 0.3503839999999999 0.218695 0.346547 0.216931 0.340153 0.202822 0.33503799999999995 0.19224 0.337596 0.167549 0.337596 0.156966 0.33503799999999995 0.104056 0.332481 0.095238 0.329923 0.070547 0.329923 0.031746 0.313299 0.022928 0.314578
7 0.982363 0.3286450000000001 0.9753089999999999 0.323529 0.96649 0.323529 0.955908 0.327366 0.89418 0.337596 0.878307 0.342711 0.795414 0.346547 0.790123 0.349105 0.78836 0.356777 0.791887 0.36061399999999993 0.883598 0.356777 0.911817 0.349105 0.9753089999999999 0.338875 0.9806000000000001 0.33503799999999995
6 0.153439 0.929668 0.153439 0.918159 0.144621 0.913043 0.135802 0.9143219999999999 0.132275 0.918159 0.07231 0.918159 0.061728 0.9156010000000001 0.026455 0.9143219999999999 0.0194 0.919437 0.022928 0.92711 0.037037 0.929668
6 0.982363 0.923274 0.971781 0.9156010000000001 0.9629630000000001 0.9156010000000001 0.9576719999999999 0.918159 0.862434 0.918159 0.857143 0.920716 0.855379 0.92711 0.858907 0.930946 0.9788359999999999 0.930946