0 0.249688 0.849345 0.249688 0.8504369999999999 0.248439 0.851528 0.248439 0.8537119999999999 0.247191 0.854803 0.248439 0.8537119999999999 0.248439 0.85262 0.249688 0.851528 0.383271 0.002183 0.378277 0.027293 0.367041 0.04476 0.358302 0.052402 0.355805 0.05786 0.345818 0.065502 0.33957600000000004 0.065502 0.332085 0.069869 0.324594 0.070961 0.317104 0.075328 0.308365 0.077511 0.294632 0.087336 0.287141 0.090611 0.278402 0.090611 0.267166 0.09388599999999998 0.262172 0.09716200000000001 0.23221 0.108079 0.247191 0.112445 0.274657 0.139738 0.325843 0.225983 0.325843 0.232533 0.32833999999999997 0.23690000000000003 0.329588 0.251092 0.333333 0.264192 0.333333 0.282751 0.33583 0.287118 0.337079 0.302402 0.33957600000000004 0.30786 0.340824 0.389738 0.345818 0.406114 0.347066 0.42358099999999993 0.34956300000000007 0.429039 0.34956300000000007 0.456332 0.359551 0.46615699999999993 0.382022 0.50655 0.38576799999999994 0.522926 0.39700399999999997 0.550218 0.39700399999999997 0.56441 0.39201 0.5753280000000001 0.39201 0.613537 0.378277 0.6430130000000001 0.37578 0.645197 0.372035 0.658297 0.359551 0.6790389999999998 0.354557 0.695415 0.33957600000000004 0.720524 0.33583 0.734716 0.322097 0.75655 0.313358 0.779476 0.303371 0.793668 0.294632 0.819869 0.284644 0.8362449999999999 0.278402 0.8569869999999999 0.267166 0.874454 0.257179 0.895197 0.247191 0.922489 0.2397 0.93559 0.234707 0.954148 0.235955 0.967249 0.252185 0.980349 0.269663 0.9869 0.277154 0.983624 0.27965 0.972707 0.287141 0.966157 0.290886 0.965066 0.299625 0.968341 0.344569 0.968341 0.365793 0.96179 0.382022 0.951965 0.39201 0.953057 0.39700399999999997 0.949782 0.40824000000000005 0.949782 0.414482 0.954148 0.423221 0.965066 0.430712 0.969432 0.439451 0.970524 0.444444 0.973799 0.47690400000000005 0.973799 0.481898 0.970524 0.4868910000000001 0.970524 0.508115 0.984716 0.516854 0.984716 0.530587 0.987991 0.550562 0.985808 0.556804 0.982533 0.560549 0.982533 0.58427 0.995633 0.619226 0.996725 0.635456 0.990175 0.6541819999999999 0.990175 0.660424 0.994541 0.681648 0.995633 0.692884 0.99345 0.6991260000000001 0.994541 0.706617 0.987991 0.714107 0.989083 0.722846 0.981441 0.761548 0.980349 0.772784 0.974891 0.789014 0.959607 0.826467 0.959607 0.831461 0.962882 0.833958 0.983624 0.845194 0.983624 0.8614229999999999 0.977074 0.873908 0.968341 0.878901 0.953057 0.877653 0.939956 0.875156 0.931223 0.868914 0.920306 0.868914 0.914847 0.857678 0.8962880000000001 0.851436 0.879913 0.848939 0.865721 0.842697 0.858079 0.842697 0.843886 0.8302119999999998 0.811135 0.826467 0.805677 0.822722 0.792576 0.80774 0.767467 0.80025 0.742358 0.791511 0.728166 0.790262 0.718341 0.7827719999999999 0.69869 0.781523 0.684498 0.776529 0.673581 0.772784 0.650655 0.765293 0.629913 0.765293 0.6211789999999999 0.761548 0.610262 0.7602999999999999 0.587336 0.7490640000000001 0.552402 0.7490640000000001 0.522926 0.752809 0.507642 0.752809 0.492358 0.76779 0.433406 0.76779 0.39847200000000005 0.772784 0.370087 0.772784 0.313319 0.76779 0.29475999999999997 0.747815 0.259825 0.737828 0.232533 0.725343 0.209607 0.716604 0.200873 0.7103620000000002 0.189956 0.707865 0.180131 0.694132 0.157205 0.684145 0.121179 0.684145 0.098253 0.675406 0.092795 0.667915 0.091703 0.662921 0.088428 0.6429459999999999 0.086245 0.636704 0.082969 0.621723 0.08078600000000001 0.614232 0.077511 0.601748 0.076419 0.595506 0.073144 0.576779 0.073144 0.564295 0.069869 0.555556 0.063319 0.554307 0.060044 0.541823 0.048034999999999994 0.536829 0.025109 0.534332 0.022926 0.529338 0.026201 0.526841 0.032751 0.510612 0.04694299999999999 0.506866 0.063319 0.50437 0.066594 0.499376 0.067686 0.491885 0.062227000000000005 0.4868910000000001 0.05131 0.480649 0.04476 0.473159 0.04476 0.46441899999999997 0.040393000000000005 0.453184 0.039301 0.440699 0.033843 0.43196 0.033843 0.39201 0.0131 0.387016 0.004367
5 0.32833999999999997 0.75 0.32833999999999997 0.752183 0.325843 0.754367 0.325843 0.755459 0.324594 0.75655 0.324594 0.758734 0.324594 0.75655 0.32709099999999997 0.754367 0.32709099999999997 0.753275 0.32833999999999997 0.752183 0.32833999999999997 0.751092 0.329588 0.75 0.39201 0.6113539999999998 0.39201 0.615721 0.383271 0.6353710000000001 0.37578 0.64738 0.37328300000000003 0.658297 0.36204699999999995 0.676856 0.358302 0.691048 0.343321 0.716157 0.333333 0.742358 0.337079 0.737991 0.343321 0.722707 0.35081099999999993 0.715066 0.355805 0.703057 0.36204699999999995 0.696507 0.36204699999999995 0.686681 0.36829 0.681223 0.369538 0.673581 0.378277 0.664847 0.378277 0.655022 0.38451900000000006 0.6430130000000001 0.38576799999999994 0.634279 0.39201 0.6288210000000001 0.235955 0.10916999999999999 0.23221 0.10916999999999999 0.214732 0.126638 0.19226 0.163755 0.189763 0.17576399999999998 0.182272 0.187773 0.178527 0.199782 0.179775 0.21179 0.174782 0.22052400000000003 0.174782 0.228166 0.171036 0.235808 0.171036 0.241266 0.164794 0.253275 0.163546 0.267467 0.15231 0.3056769999999999 0.146067 0.31441 0.13608 0.341703 0.127341 0.353712 0.116105 0.383188 0.102372 0.407205 0.089888 0.42358099999999993 0.088639 0.432314 0.076155 0.451965 0.072409 0.462882 0.072409 0.49345 0.078652 0.5131 0.078652 0.531659 0.08489400000000001 0.552402 0.094881 0.563319 0.108614 0.568777 0.123596 0.568777 0.128589 0.573144 0.128589 0.582969 0.118602 0.605895 0.071161 0.650655 0.048689 0.677948 0.03995 0.695415 0.03995 0.708515 0.042447000000000006 0.712882 0.042447000000000006 0.720524 0.029963 0.740175 0.017478 0.755459 0 0.787118 0 0.799127 0.002497 0.806769 0.013733 0.816594 0.024968999999999998 0.8209610000000002 0.046192 0.8362449999999999 0.066167 0.8362449999999999 0.076155 0.828603 0.08489400000000001 0.828603 0.09363300000000001 0.8362449999999999 0.107366 0.840611 0.11360799999999999 0.844978 0.12234699999999998 0.84607 0.137328 0.855895 0.153558 0.85917 0.168539 0.858079 0.181024 0.863537 0.196005 0.863537 0.200999 0.85917 0.204744 0.85917 0.20973799999999998 0.855895 0.23845200000000003 0.858079 0.245943 0.855895 0.249688 0.851528 0.253433 0.834061 0.253433 0.800218 0.257179 0.774017 0.259675 0.767467 0.267166 0.760917 0.273408 0.751092 0.273408 0.723799 0.268414 0.6823139999999999 0.260924 0.659389 0.260924 0.637555 0.277154 0.6037119999999999 0.283396 0.598253 0.29588 0.593886 0.302122 0.588428 0.308365 0.587336 0.343321 0.556769 0.35205999999999993 0.54476 0.357054 0.530568 0.359551 0.514192 0.358302 0.495633 0.363296 0.481441 0.363296 0.474891 0.358302 0.46615699999999993 0.348315 0.456332 0.348315 0.429039 0.345818 0.42358099999999993 0.344569 0.406114 0.33957600000000004 0.389738 0.33832700000000004 0.30786 0.33583 0.302402 0.334582 0.287118 0.332085 0.282751 0.332085 0.264192 0.32833999999999997 0.251092 0.32709099999999997 0.23690000000000003 0.324594 0.232533 0.324594 0.225983 0.273408 0.139738 0.247191 0.113537 0.250936 0.099345 0.249688 0.100437 0.247191 0.100437 0.245943 0.101528 0.24469399999999997 0.101528 0.243446 0.10262 0.242197 0.10262 0.240949 0.103712 0.2397 0.103712 0.23845200000000003 0.104803 0.237203 0.104803 0.235955 0.105895 0.237203 0.104803 0.23845200000000003 0.104803 0.2397 0.103712 0.240949 0.103712 0.242197 0.10262 0.24469399999999997 0.10262 0.245943 0.101528 0.247191 0.101528 0.248439 0.100437 0.249688 0.100437 0.250936 0.099345 0.252185 0.099345
2 0.382022 0.004367 0.382022 0.0131 0.409488 0.033843 0.439451 0.043668 0.444444 0.043668 0.450687 0.048034999999999994 0.458177 0.048034999999999994 0.460674 0.050218 0.469413 0.05131 0.478152 0.060044 0.479401 0.065502 0.49563 0.077511 0.506866 0.077511 0.513109 0.072052 0.516854 0.065502 0.521848 0.04476 0.530587 0.03821 0.538077 0.037118 0.545568 0.030568 0.545568 0.022926 0.540574 0.018559 0.533084 0.018559 0.519351 0.028384 0.514357 0.029476 0.508115 0.034934 0.50437 0.04148500000000001 0.503121 0.05349299999999999 0.499376 0.058952 0.494382 0.055677 0.4868910000000001 0.04476 0.480649 0.039301 0.466916 0.036026 0.46441899999999997 0.033843 0.456929 0.033843 0.451935 0.030568 0.42072399999999993 0.021834 0.410737 0.016376 0.409488 0.0131 0.400749 0.007642 0.400749 0 0.387016 0
7 0.235955 0.958515 0.235955 0.965066 0.240949 0.969432 0.252185 0.974891 0.269663 0.974891 0.275905 0.971616 0.320849 0.974891 0.354557 0.970524 0.378277 0.962882 0.383271 0.959607 0.393258 0.957424 0.398252 0.953057 0.403246 0.951965 0.41822700000000007 0.962882 0.435705 0.971616 0.484395 0.973799 0.499376 0.984716 0.505618 0.985808 0.514357 0.991266 0.520599 0.991266 0.524345 0.99345 0.553059 0.99345 0.564295 0.991266 0.578027 0.998908 0.7041199999999999 0.998908 0.7153559999999999 0.994541 0.726592 0.984716 0.741573 0.990175 0.752809 0.990175 0.761548 0.985808 0.770287 0.984716 0.777778 0.978166 0.781523 0.977074 0.7940069999999999 0.965066 0.8252180000000001 0.965066 0.8389509999999999 0.974891 0.870162 0.974891 0.875156 0.970524 0.875156 0.96179 0.870162 0.957424 0.86392 0.957424 0.858926 0.960699 0.845194 0.960699 0.842697 0.958515 0.842697 0.954148 0.837703 0.949782 0.787765 0.949782 0.78402 0.950873 0.779026 0.95524 0.776529 0.960699 0.7627969999999998 0.971616 0.7553060000000001 0.971616 0.7490640000000001 0.974891 0.742821 0.974891 0.736579 0.971616 0.716604 0.971616 0.706617 0.981441 0.697878 0.984716 0.672909 0.984716 0.666667 0.9869 0.660424 0.985808 0.655431 0.979258 0.6429459999999999 0.979258 0.636704 0.984716 0.620474 0.985808 0.615481 0.987991 0.601748 0.987991 0.598002 0.985808 0.58427 0.984716 0.576779 0.980349 0.570537 0.972707 0.564295 0.972707 0.556804 0.977074 0.546816 0.979258 0.523096 0.978166 0.516854 0.973799 0.505618 0.970524 0.490637 0.957424 0.483146 0.957424 0.480649 0.959607 0.470662 0.959607 0.46441899999999997 0.957424 0.44194800000000006 0.957424 0.426966 0.949782 0.413233 0.938865 0.409488 0.937773 0.394507 0.937773 0.383271 0.944323 0.343321 0.957424 0.332085 0.957424 0.325843 0.959607 0.300874 0.959607 0.298377 0.957424 0.269663 0.957424 0.263421 0.960699 0.259675 0.960699 0.247191 0.954148 0.240949 0.954148
2 0.355805 0.061135 0.355805 0.066594 0.36204699999999995 0.072052 0.38451900000000006 0.084061 0.390762 0.084061 0.413233 0.09716200000000001 0.41947599999999996 0.09716200000000001 0.436954 0.103712 0.449438 0.103712 0.453184 0.105895 0.463171 0.105895 0.468165 0.108079 0.479401 0.10916999999999999 0.510612 0.108079 0.514357 0.104803 0.541823 0.09388599999999998 0.554307 0.084061 0.558052 0.084061 0.563046 0.07969399999999999 0.563046 0.066594 0.558052 0.062227000000000005 0.55181 0.062227000000000005 0.546816 0.066594 0.546816 0.070961 0.539326 0.076419 0.536829 0.076419 0.529338 0.082969 0.520599 0.085153 0.515605 0.088428 0.51186 0.088428 0.500624 0.094978 0.474407 0.09388599999999998 0.469413 0.091703 0.446941 0.090611 0.429463 0.084061 0.42072399999999993 0.084061 0.398252 0.069869 0.390762 0.069869 0.367041 0.056769 0.360799 0.056769
7 0.574282 0.068777 0.569288 0.073144 0.569288 0.078603 0.579276 0.09606999999999999 0.58427 0.101528 0.585518 0.105895 0.599251 0.117904 0.606742 0.131004 0.620474 0.146288 0.626717 0.157205 0.635456 0.167031 0.660424 0.207424 0.665418 0.21179 0.667915 0.219432 0.6766540000000001 0.229258 0.691635 0.255459 0.697878 0.262009 0.705368 0.275109 0.706617 0.282751 0.7103620000000002 0.286026 0.717853 0.30131 0.725343 0.325328 0.730337 0.334061 0.730337 0.344978 0.734082 0.35152799999999995 0.737828 0.373362 0.739076 0.449782 0.741573 0.45524000000000003 0.741573 0.48362399999999994 0.739076 0.489083 0.737828 0.560044 0.7353310000000001 0.566594 0.734082 0.6037119999999999 0.7353310000000001 0.656114 0.737828 0.6637550000000001 0.737828 0.676856 0.74407 0.696507 0.745318 0.722707 0.752809 0.747817 0.752809 0.762009 0.756554 0.777293 0.7602999999999999 0.782751 0.7602999999999999 0.795852 0.764045 0.808952 0.764045 0.816594 0.770287 0.8362449999999999 0.775281 0.844978 0.775281 0.85262 0.7802749999999999 0.85917 0.786517 0.8788210000000001 0.789014 0.881004 0.790262 0.887555 0.7940069999999999 0.891921 0.7940069999999999 0.8962880000000001 0.797753 0.901747 0.7690390000000001 0.9028380000000001 0.7627969999999998 0.909389 0.7627969999999998 0.914847 0.756554 0.918122 0.751561 0.918122 0.745318 0.923581 0.745318 0.927948 0.737828 0.93559 0.7103620000000002 0.953057 0.6991260000000001 0.962882 0.6903870000000001 0.966157 0.672909 0.978166 0.657928 0.982533 0.649189 0.979258 0.634207 0.978166 0.629213 0.975983 0.580524 0.938865 0.578027 0.93559 0.578027 0.930131 0.571785 0.9246719999999999 0.569288 0.9246719999999999 0.565543 0.921397 0.558052 0.921397 0.548065 0.917031 0.54432 0.9137550000000001 0.543071 0.909389 0.533084 0.9028380000000001 0.526841 0.900655 0.518102 0.901747 0.515605 0.8995630000000001 0.518102 0.883188 0.520599 0.881004 0.524345 0.865721 0.524345 0.8395199999999999 0.52809 0.827511 0.531835 0.775109 0.531835 0.675764 0.534332 0.6637550000000001 0.531835 0.475983 0.524345 0.4443230000000001 0.524345 0.421397 0.520599 0.41048 0.518102 0.385371 0.513109 0.365721 0.509363 0.358079 0.508115 0.34607 0.503121 0.332969 0.501873 0.32314400000000004 0.48813999999999996 0.293668 0.484395 0.278384 0.470662 0.254367 0.450687 0.201965 0.433208 0.173581 0.430712 0.163755 0.410737 0.126638 0.413233 0.12445400000000001 0.428215 0.122271 0.435705 0.118996 0.474407 0.113537 0.480649 0.108079 0.480649 0.10262 0.47565500000000005 0.098253 0.469413 0.098253 0.429463 0.104803 0.41822700000000007 0.10916999999999999 0.398252 0.112445 0.389513 0.117904 0.389513 0.127729 0.394507 0.132096 0.414482 0.169214 0.41822700000000007 0.182314 0.428215 0.195415 0.434457 0.207424 0.45443199999999995 0.259825 0.468165 0.28384300000000007 0.473159 0.302402 0.47565500000000005 0.304585 0.478152 0.31441 0.485643 0.328603 0.4868910000000001 0.338428 0.491885 0.35152799999999995 0.493134 0.363537 0.496879 0.371179 0.501873 0.39083 0.50437 0.415939 0.508115 0.42685599999999996 0.508115 0.449782 0.515605 0.481441 0.518102 0.658297 0.515605 0.670306 0.514357 0.796943 0.51186 0.804585 0.51186 0.822052 0.508115 0.834061 0.508115 0.860262 0.503121 0.879913 0.500624 0.883188 0.500624 0.891921 0.493134 0.905022 0.493134 0.9137550000000001 0.498127 0.918122 0.516854 0.918122 0.524345 0.915939 0.526841 0.917031 0.538077 0.9290389999999998 0.545568 0.933406 0.555556 0.934498 0.560549 0.937773 0.564295 0.944323 0.58427 0.962882 0.594257 0.968341 0.605493 0.979258 0.610487 0.980349 0.622971 0.990175 0.64794 0.994541 0.650437 0.996725 0.66417 0.996725 0.67166 0.99345 0.6804 0.992358 0.695381 0.981441 0.7103620000000002 0.973799 0.719101 0.966157 0.722846 0.966157 0.740325 0.950873 0.754057 0.943231 0.759051 0.938865 0.7602999999999999 0.9323139999999999 0.76779 0.931223 0.774032 0.925764 0.774032 0.921397 0.779026 0.917031 0.802747 0.917031 0.80774 0.914847 0.815231 0.914847 0.812734 0.912664 0.812734 0.90393 0.806492 0.894105 0.805243 0.8820960000000001 0.802747 0.8788210000000001 0.801498 0.8679039999999999 0.797753 0.860262 0.797753 0.8471619999999999 0.795256 0.844978 0.795256 0.8395199999999999 0.781523 0.813319 0.776529 0.790393 0.776529 0.777293 0.7715359999999999 0.767467 0.7690390000000001 0.75655 0.7690390000000001 0.742358 0.7602999999999999 0.713974 0.7602999999999999 0.691048 0.752809 0.667031 0.751561 0.626638 0.7490640000000001 0.616812 0.751561 0.608079 0.752809 0.525109 0.7553060000000001 0.518559 0.756554 0.49345 0.7553060000000001 0.386463 0.752809 0.381004 0.751561 0.353712 0.745318 0.336245 0.745318 0.32641900000000007 0.734082 0.295852 0.722846 0.276201 0.721598 0.269651 0.695381 0.230349 0.694132 0.224891 0.684145 0.213974 0.6804 0.20414800000000002 0.67166 0.194323 0.669164 0.187773 0.650437 0.159389 0.6429459999999999 0.151747 0.63171 0.134279 0.622971 0.125546 0.616729 0.113537 0.601748 0.100437 0.586767 0.073144 0.580524 0.068777
7 0.531835 0.758734 0.526841 0.754367 0.520599 0.754367 0.508115 0.762009 0.494382 0.812227 0.484395 0.8253280000000001 0.484395 0.830786 0.479401 0.835153 0.478152 0.8395199999999999 0.45443199999999995 0.862445 0.450687 0.868996 0.450687 0.876638 0.446941 0.8853710000000001 0.446941 0.8995630000000001 0.44194800000000006 0.90393 0.401998 0.921397 0.398252 0.9246719999999999 0.390762 0.9246719999999999 0.38576799999999994 0.9290389999999998 0.38576799999999994 0.937773 0.377029 0.944323 0.337079 0.954148 0.307116 0.957424 0.289638 0.956332 0.283396 0.950873 0.269663 0.950873 0.259675 0.95524 0.250936 0.950873 0.24469399999999997 0.950873 0.2397 0.95524 0.2397 0.96179 0.253433 0.970524 0.264669 0.970524 0.275905 0.965066 0.282147 0.970524 0.28839 0.971616 0.329588 0.970524 0.353308 0.965066 0.360799 0.965066 0.37453200000000003 0.959607 0.38451900000000006 0.958515 0.399501 0.947598 0.403246 0.937773 0.40699100000000005 0.937773 0.410737 0.934498 0.450687 0.917031 0.463171 0.905022 0.463171 0.891921 0.470662 0.8679039999999999 0.494382 0.84607 0.49563 0.841703 0.500624 0.8362449999999999 0.500624 0.830786 0.510612 0.8176860000000001 0.516854 0.799127 0.518102 0.787118 0.520599 0.784934 0.521848 0.775109 0.531835 0.765284
7 0.7715359999999999 0.764192 0.766542 0.768559 0.76779 0.795852 0.777778 0.818777 0.7940069999999999 0.838428 0.806492 0.848253 0.806492 0.85917 0.810237 0.865721 0.812734 0.876638 0.820225 0.886463 0.822722 0.894105 0.8302119999999998 0.900655 0.8364540000000001 0.914847 0.855181 0.931223 0.857678 0.931223 0.862672 0.937773 0.871411 0.937773 0.875156 0.934498 0.875156 0.925764 0.8526839999999999 0.908297 0.846442 0.895197 0.8389509999999999 0.887555 0.8364540000000001 0.881004 0.828964 0.8711789999999999 0.826467 0.860262 0.821473 0.8504369999999999 0.821473 0.837336 0.817728 0.834061 0.8139830000000001 0.834061 0.808989 0.830786 0.797753 0.818777 0.78402 0.790393 0.7827719999999999 0.769651 0.777778 0.764192
6 0.240949 0.106987 0.235955 0.111354 0.237203 0.118996 0.282147 0.164847 0.317104 0.224891 0.320849 0.24890800000000002 0.323346 0.251092 0.324594 0.265284 0.32709099999999997 0.267467 0.32709099999999997 0.28056800000000004 0.329588 0.282751 0.333333 0.312227 0.33832700000000004 0.316594 0.344569 0.316594 0.348315 0.313319 0.347066 0.286026 0.344569 0.282751 0.343321 0.262009 0.340824 0.258734 0.340824 0.251092 0.337079 0.242358 0.333333 0.219432 0.300874 0.162664 0.289638 0.148472 0.247191 0.106987
6 0.12234699999999998 0.566594 0.12234699999999998 0.572052 0.127341 0.576419 0.137328 0.576419 0.179775 0.5676860000000001 0.183521 0.569869 0.19975 0.569869 0.249688 0.580786 0.25593 0.585153 0.263421 0.5862449999999999 0.265918 0.588428 0.265918 0.591703 0.277154 0.599345 0.285893 0.599345 0.289638 0.59607 0.289638 0.5862449999999999 0.287141 0.581878 0.268414 0.5709610000000002 0.262172 0.5709610000000002 0.252185 0.565502 0.205993 0.555677 0.167291 0.554585 0.127341 0.562227
6 0.117353 0.593886 0.117353 0.599345 0.123596 0.6037119999999999 0.16978800000000002 0.608079 0.183521 0.612445 0.224719 0.618996 0.242197 0.624454 0.248439 0.624454 0.25593 0.629913 0.262172 0.629913 0.267166 0.625546 0.267166 0.618996 0.25593 0.610262 0.248439 0.610262 0.230961 0.604803 0.189763 0.598253 0.17602999999999996 0.593886 0.137328 0.5895199999999999 0.12234699999999998 0.5895199999999999
7 0.27965 0.755459 0.27965 0.737991 0.275905 0.734716 0.273408 0.728166 0.250936 0.710699 0.248439 0.70524 0.257179 0.695415 0.257179 0.68559 0.243446 0.670306 0.224719 0.659389 0.214732 0.6495630000000001 0.207241 0.6320960000000001 0.207241 0.613537 0.20349600000000004 0.610262 0.19725300000000004 0.610262 0.186017 0.6211789999999999 0.184769 0.625546 0.157303 0.650655 0.146067 0.65393 0.127341 0.65393 0.11985 0.657205 0.114856 0.661572 0.11360799999999999 0.673581 0.10486899999999999 0.677948 0.071161 0.677948 0.037453 0.706332 0.037453 0.712882 0.041199 0.716157 0.049937999999999996 0.716157 0.0799 0.691048 0.094881 0.691048 0.099875 0.693231 0.108614 0.693231 0.123596 0.686681 0.131086 0.680131 0.131086 0.669214 0.15231 0.668122 0.166042 0.6637550000000001 0.19226 0.64083 0.19725300000000004 0.65393 0.21598 0.672489 0.23221 0.6823139999999999 0.2397 0.689956 0.230961 0.697598 0.229713 0.707424 0.234707 0.717249 0.258427 0.735808 0.262172 0.742358 0.262172 0.754367 0.265918 0.757642 0.277154 0.757642