3 0.145408 0.010870000000000001 0.135204 0.027174000000000004 0.125 0.05978300000000001 0.125 0.076087 0.112245 0.111413 0.107143 0.154891 0.086735 0.217391 0.081633 0.222826 0.079082 0.26087 0.061224 0.304348 0.05102000000000001 0.347826 0.048469 0.38587 0.025510000000000005 0.475543 0.025510000000000005 0.513587 0.005102 0.630435 0.005102 0.690217 0 0.7092390000000001 0 0.7228259999999999 0.010204 0.7391300000000001 0.007653 0.8505429999999999 0.035714 0.8641300000000001 0.048469 0.8831519999999999 0.071429 0.904891 0.119898 0.9347830000000001 0.19132700000000002 0.9619570000000001 0.331633 0.994565 0.382653 0.994565 0.405612 0.9891300000000001 0.45408200000000004 0.986413 0.461735 0.9782609999999999 0.466837 0.918478 0.466837 0.684783 0.479592 0.654891 0.5 0.5625 0.5 0.527174 0.507653 0.49456500000000003 0.515306 0.40217400000000003 0.520408 0.394022 0.52551 0.296196 0.530612 0.271739 0.522959 0.005435000000000001 0.186224 0.005435000000000001
3 0.811224 0.002717 0.52551 0.008152 0.533163 0.271739 0.528061 0.296196 0.522959 0.394022 0.517857 0.40217400000000003 0.510204 0.49456500000000003 0.502551 0.527174 0.502551 0.5625 0.482143 0.654891 0.469388 0.684783 0.469388 0.918478 0.464286 0.970109 0.466837 0.9782609999999999 0.502551 0.980978 0.530612 0.9918480000000001 0.645408 0.9918480000000001 0.668367 0.9891300000000001 0.693878 0.9782609999999999 0.755102 0.970109 0.826531 0.9483699999999999 0.8979589999999998 0.9157609999999999 0.946429 0.8831519999999999 0.964286 0.8641300000000001 0.9693879999999999 0.842391 0.9974490000000001 0.8152169999999999 0.994898 0.744565 0.9897959999999999 0.730978 0.994898 0.67663 0.987245 0.657609 0.979592 0.592391 0.951531 0.480978 0.931122 0.36141299999999993 0.915816 0.32337 0.913265 0.290761 0.895408 0.23913 0.887755 0.184783 0.8724490000000001 0.146739 0.8724490000000001 0.127717 0.854592 0.092391 0.8520410000000002 0.067935 0.831633 0.013587000000000002 0.821429 0.013587000000000002
7 0.8647959999999999 0.11684799999999998 0.854592 0.11413 0.84949 0.125 0.826531 0.149457 0.795918 0.171196 0.681122 0.230978 0.604592 0.258152 0.543367 0.263587 0.512755 0.271739 0.42091799999999996 0.271739 0.408163 0.266304 0.377551 0.263587 0.367347 0.258152 0.339286 0.258152 0.290816 0.244565 0.278061 0.244565 0.18367299999999998 0.19837 0.173469 0.1875 0.137755 0.165761 0.119898 0.144022 0.109694 0.144022 0.107143 0.154891 0.130102 0.17934800000000004 0.158163 0.19565199999999996 0.17602 0.21195699999999998 0.255102 0.252717 0.288265 0.258152 0.318878 0.269022 0.35969399999999996 0.271739 0.36989799999999995 0.277174 0.405612 0.282609 0.48469399999999996 0.285326 0.576531 0.277174 0.602041 0.269022 0.642857 0.263587 0.665816 0.25 0.706633 0.23641299999999998 0.714286 0.228261 0.734694 0.222826 0.811224 0.17663 0.818878 0.17663 0.854592 0.144022 0.8647959999999999 0.127717
7 0.826531 0.010870000000000001 0.806122 0.010870000000000001 0.770408 0.032609 0.704082 0.057065 0.663265 0.0625 0.607143 0.084239 0.571429 0.08967400000000002 0.55102 0.09782599999999998 0.438776 0.09782599999999998 0.298469 0.084239 0.209184 0.05434800000000001 0.173469 0.032609 0.15051 0.010870000000000001 0.140306 0.010870000000000001 0.137755 0.021739 0.173469 0.05163000000000001 0.204082 0.067935 0.25 0.081522 0.278061 0.095109 0.30102 0.095109 0.316327 0.100543 0.339286 0.100543 0.38010200000000005 0.10869600000000001 0.543367 0.111413 0.568878 0.10869600000000001 0.576531 0.103261 0.594388 0.103261 0.637755 0.08967400000000002 0.65051 0.081522 0.663265 0.081522 0.670918 0.076087 0.737245 0.0625 0.785714 0.043478 0.826531 0.021739
1 0.321429 0.08967400000000002 0.313776 0.08967400000000002 0.308673 0.095109 0.308673 0.11413 0.295918 0.17663 0.285714 0.20108700000000002 0.27551 0.209239 0.257653 0.20380400000000004 0.219388 0.17934800000000004 0.20663299999999998 0.17663 0.178571 0.160326 0.158163 0.141304 0.153061 0.141304 0.125 0.111413 0.117347 0.111413 0.114796 0.122283 0.142857 0.152174 0.178571 0.17934800000000004 0.22193900000000003 0.19837 0.23724499999999998 0.21195699999999998 0.260204 0.220109 0.290816 0.220109 0.30102 0.206522 0.30102 0.19565199999999996 0.311224 0.173913 0.313776 0.144022 0.318878 0.13587
1 0.854592 0.084239 0.8443879999999999 0.084239 0.803571 0.127717 0.7321429999999999 0.17934800000000004 0.706633 0.192935 0.688776 0.209239 0.6760200000000001 0.214674 0.663265 0.206522 0.658163 0.182065 0.65051 0.168478 0.637755 0.100543 0.632653 0.08967400000000002 0.625 0.08967400000000002 0.622449 0.105978 0.627551 0.11684799999999998 0.632653 0.154891 0.637755 0.160326 0.640306 0.182065 0.653061 0.220109 0.660714 0.22554300000000002 0.691327 0.22554300000000002 0.716837 0.206522 0.7270410000000002 0.20380400000000004 0.7397959999999999 0.190217 0.7806120000000001 0.165761 0.836735 0.119565 0.8520410000000002 0.103261
1 0.375 0.271739 0.364796 0.274457 0.35969399999999996 0.345109 0.318878 0.521739 0.265306 0.652174 0.22704100000000002 0.706522 0.204082 0.7255429999999999 0.19132700000000002 0.7255429999999999 0.17602 0.733696 0.132653 0.7418480000000001 0.096939 0.7418480000000001 0.066327 0.730978 0 0.7228259999999999 0 0.7391300000000001 0.048469 0.7418480000000001 0.063776 0.75 0.096939 0.755435 0.137755 0.755435 0.170918 0.75 0.214286 0.736413 0.239796 0.717391 0.288265 0.641304 0.339286 0.505435 0.346939 0.456522 0.357143 0.42663 0.362245 0.38858700000000007 0.372449 0.353261
1 0.538265 0.277174 0.528061 0.279891 0.52551 0.326087 0.520408 0.336957 0.520408 0.36141299999999993 0.512755 0.394022 0.507653 0.478261 0.497449 0.524457 0.489796 0.597826 0.48469399999999996 0.603261 0.477041 0.638587 0.466837 0.652174 0.466837 0.663043 0.456633 0.6875 0.418367 0.75 0.385204 0.7907609999999999 0.331633 0.8396740000000001 0.311224 0.8505429999999999 0.295918 0.8532609999999999 0.27551 0.8668480000000001 0.22704100000000002 0.880435 0.15051 0.8831519999999999 0.137755 0.8777169999999999 0.09949 0.875 0.05867300000000001 0.8641300000000001 0.053571 0.858696 0.035714 0.8532609999999999 0.017857 0.8369570000000001 0.005102 0.8396740000000001 0.005102 0.8478259999999999 0.015306 0.858696 0.05102000000000001 0.8777169999999999 0.107143 0.891304 0.232143 0.894022 0.288265 0.8777169999999999 0.34948999999999997 0.8478259999999999 0.395408 0.8043480000000001 0.397959 0.796196 0.42602 0.766304 0.469388 0.695652 0.497449 0.622283 0.520408 0.48369600000000007 0.533163 0.345109 0.538265 0.334239
1 0.040816 0.869565 0.040816 0.8777169999999999 0.086735 0.923913 0.109694 0.9402169999999999 0.163265 0.9646740000000001 0.209184 0.970109 0.267857 0.986413 0.311224 0.9891300000000001 0.331633 0.9972830000000001 0.43112199999999995 0.9972830000000001 0.436224 0.9918480000000001 0.456633 0.9891300000000001 0.469388 0.980978 0.469388 0.967391 0.459184 0.967391 0.441327 0.9782609999999999 0.428571 0.9782609999999999 0.423469 0.983696 0.364796 0.986413 0.25 0.967391 0.219388 0.956522 0.193878 0.956522 0.18367299999999998 0.951087 0.170918 0.951087 0.147959 0.942935 0.109694 0.921196 0.05102000000000001 0.8668480000000001
1 0.571429 0.274457 0.584184 0.317935 0.602041 0.407609 0.609694 0.42663 0.617347 0.47282599999999997 0.65051 0.567935 0.678571 0.611413 0.688776 0.641304 0.7270410000000002 0.6875 0.7474490000000001 0.703804 0.829082 0.733696 0.908163 0.733696 0.951531 0.7255429999999999 0.9770410000000002 0.7119570000000001 0.9974490000000001 0.692935 0.994898 0.682065 0.9821429999999999 0.682065 0.956633 0.706522 0.943878 0.7119570000000001 0.90051 0.720109 0.8852040000000001 0.717391 0.8443879999999999 0.7228259999999999 0.757653 0.690217 0.7525509999999999 0.682065 0.734694 0.673913 0.704082 0.63587 0.688776 0.597826 0.663265 0.559783 0.627551 0.45380399999999993 0.589286 0.279891 0.581633 0.271739
1 0.48469399999999996 0.633152 0.49489799999999995 0.67663 0.502551 0.6875 0.512755 0.717391 0.55102 0.7744570000000001 0.604592 0.831522 0.658163 0.858696 0.686224 0.8641300000000001 0.7602040000000001 0.891304 0.806122 0.891304 0.831633 0.8858699999999999 0.841837 0.8777169999999999 0.882653 0.8641300000000001 0.8979589999999998 0.8641300000000001 0.9489799999999999 0.8505429999999999 0.9821429999999999 0.828804 0.9974490000000001 0.8233699999999999 0.9974490000000001 0.807065 0.9897959999999999 0.807065 0.941327 0.8369570000000001 0.890306 0.8505429999999999 0.875 0.8505429999999999 0.808673 0.875 0.762755 0.875 0.704082 0.8532609999999999 0.665816 0.845109 0.617347 0.8206519999999999 0.594388 0.8016300000000001 0.591837 0.793478 0.556122 0.755435 0.533163 0.7228259999999999 0.505102 0.660326 0.497449 0.633152
1 0.971939 0.8505429999999999 0.956633 0.8478259999999999 0.938776 0.875 0.910714 0.8967390000000001 0.862245 0.921196 0.831633 0.9293480000000001 0.818878 0.9375 0.793367 0.9402169999999999 0.770408 0.951087 0.696429 0.967391 0.670918 0.9782609999999999 0.619898 0.986413 0.543367 0.983696 0.479592 0.967391 0.469388 0.967391 0.466837 0.9782609999999999 0.538265 0.9972830000000001 0.653061 0.9972830000000001 0.6760200000000001 0.9891300000000001 0.688776 0.9891300000000001 0.714286 0.9782609999999999 0.770408 0.967391 0.783163 0.9592390000000001 0.795918 0.9592390000000001 0.803571 0.953804 0.826531 0.951087 0.890306 0.9266300000000001 0.951531 0.8858699999999999 0.971939 0.8641300000000001