0 0.221402 0.028283 0.221402 0.038384 0.214022 0.044444 0.217712 0.111111 0.225092 0.153535 0.236162 0.171717 0.236162 0.208081 0.24723199999999998 0.232323 0.243542 0.268687 0.273063 0.325253 0.269373 0.341414 0.284133 0.359596 0.291513 0.391919 0.324723 0.393939 0.402214 0.387879 0.634686 0.391919 0.690037 0.387879 0.682657 0.381818 0.697417 0.373737 0.697417 0.343434 0.704797 0.337374 0.704797 0.325253 0.712177 0.315152 0.712177 0.294949 0.734317 0.270707 0.745387 0.240404 0.752768 0.232323 0.763838 0.228283 0.760148 0.165657 0.771218 0.133333 0.771218 0.030303 0.752768 0.032323 0.693727 0.020202 0.682657 0.012121 0.664207 0.014141 0.619926 0.00202 0.564576 0.010101 0.413284 0.010101 0.369004 0.00202 0.317343 0.014141 0.298893 0.014141 0.276753 0.022222 0.265683 0.022222 0.236162 0.030303
5 0.217712 0.032323 0.195572 0.036364 0.173432 0.046465 0.114391 0.113131 0.04428 0.173737 0.066421 0.189899 0.184502 0.252525 0.225092 0.228283 0.239852 0.228283 0.232472 0.208081 0.232472 0.171717 0.221402 0.153535 0.214022 0.111111 0.210332 0.044444
5 0.774908 0.034343 0.774908 0.133333 0.763838 0.165657 0.767528 0.228283 0.756458 0.232323 0.771218 0.232323 0.785978 0.248485 0.800738 0.252525 0.892989 0.20404 0.940959 0.171717 0.929889 0.167677 0.878229 0.123232 0.811808 0.048485 0.804428 0.046465 0.808118 0.044444 0.804428 0.046465 0.797048 0.040404
4 0.295203 0.393939 0.261993 0.416162 0.199262 0.484848 0.158672 0.549495 0.151292 0.577778 0.140221 0.587879 0.132841 0.614141 0.125461 0.618182 0.125461 0.628283 0.099631 0.672727 0.095941 0.70101 0.084871 0.715152 0.077491 0.751515 0.03321 0.838384 0.03321 0.8606060000000001 0.00369 0.943434 0.051661 0.955556 0.059041 0.961616 0.059041 0.979798 0.077491 0.979798 0.088561 0.987879 0.114391 0.985859 0.143911 0.991919 0.195572 0.987879 0.221402 0.989899 0.287823 0.971717 0.332103 0.971717 0.380074 0.985859 0.409594 0.985859 0.416974 0.983838 0.428044 0.969697 0.450185 0.965657 0.479705 0.971717 0.509225 0.9939389999999999 0.549815 0.991919 0.586716 0.9959600000000001 0.656827 0.973737 0.682657 0.973737 0.726937 0.991919 0.760148 0.991919 0.774908 0.9959600000000001 0.815498 0.9959600000000001 0.830258 0.991919 0.845018 0.9939389999999999 0.918819 0.983838 0.922509 0.961616 0.944649 0.955556 0.97417 0.955556 0.98893 0.941414 0.98524 0.911111 0.9778599999999998 0.90303 0.9778599999999998 0.886869 0.9631 0.856566 0.95203 0.806061 0.944649 0.8 0.944649 0.783838 0.937269 0.775758 0.918819 0.721212 0.904059 0.70303 0.904059 0.694949 0.878229 0.652525 0.867159 0.614141 0.848708 0.591919 0.845018 0.567677 0.822878 0.543434 0.819188 0.525253 0.804428 0.513131 0.804428 0.50303 0.797048 0.49899 0.774908 0.462626 0.726937 0.418182 0.719557 0.40404 0.693727 0.389899 0.634686 0.393939 0.402214 0.389899 0.324723 0.39596
7 0.284133 0.389899 0.287823 0.4 0.324723 0.39596 0.697417 0.39798 0.693727 0.385859 0.678967 0.381818 0.642066 0.379798 0.380074 0.379798 0.369004 0.383838 0.309963 0.383838 0.291513 0.385859
6 0.217712 0.028283 0.210332 0.032323 0.210332 0.163636 0.225092 0.210101 0.221402 0.222222 0.228782 0.230303 0.24723199999999998 0.230303 0.250923 0.21616200000000002 0.239852 0.187879 0.232472 0.129293 0.236162 0.044444 0.232472 0.030303
6 0.760148 0.032323 0.760148 0.2 0.752768 0.21212099999999998 0.752768 0.228283 0.774908 0.230303 0.782288 0.222222 0.782288 0.034343
2 0.365314 0 0.357934 0.006061 0.365314 0.054545 0.405904 0.117172 0.405904 0.125253 0.416974 0.133333 0.435424 0.177778 0.442804 0.181818 0.442804 0.187879 0.453875 0.191919 0.479705 0.222222 0.505535 0.224242 0.527675 0.189899 0.538745 0.181818 0.538745 0.173737 0.579336 0.10707099999999999 0.590406 0.09899 0.590406 0.090909 0.601476 0.082828 0.601476 0.074747 0.619926 0.054545 0.638376 0.008081 0.630996 0.00404 0.619926 0.00404 0.612546 0.008081 0.590406 0.056566 0.575646 0.066667 0.575646 0.076768 0.542435 0.117172 0.505535 0.187879 0.49077499999999996 0.19798 0.453875 0.159596 0.442804 0.129293 0.431734 0.119192 0.431734 0.111111 0.416974 0.09697 0.416974 0.088889 0.405904 0.076768 0.405904 0.068687 0.383764 0.034343 0.383764 0
2 0.258303 0.311111 0.261993 0.321212 0.280443 0.321212 0.317343 0.311111 0.453875 0.30303 0.535055 0.30303 0.549815 0.307071 0.653137 0.311111 0.675277 0.317172 0.708487 0.317172 0.712177 0.305051 0.686347 0.30303 0.664207 0.29697 0.623616 0.29697 0.557196 0.290909 0.420664 0.290909 0.306273 0.29697
2 0.295203 0.018182 0.287823 0.022222 0.287823 0.052525 0.302583 0.070707 0.313653 0.10303 0.332103 0.123232 0.335793 0.139394 0.346863 0.147475 0.357934 0.169697 0.365314 0.173737 0.369004 0.187879 0.394834 0.218182 0.394834 0.230303 0.405904 0.242424 0.409594 0.256566 0.405904 0.290909 0.413284 0.29697 0.431734 0.29697 0.431734 0.236364 0.416974 0.220202 0.416974 0.20404 0.405904 0.19798 0.391144 0.167677 0.380074 0.159596 0.369004 0.137374 0.361624 0.133333 0.357934 0.117172 0.346863 0.111111 0.346863 0.10303 0.328413 0.076768 0.328413 0.064646 0.309963 0.042424 0.309963 0.020202
2 0.693727 0.016162 0.682657 0.016162 0.675277 0.020202 0.671587 0.052525 0.649446 0.09899 0.590406 0.173737 0.575646 0.183838 0.575646 0.189899 0.553506 0.21212099999999998 0.553506 0.224242 0.542435 0.240404 0.546125 0.29697 0.564576 0.29697 0.564576 0.256566 0.579336 0.218182 0.638376 0.153535 0.645756 0.137374 0.664207 0.121212 0.686347 0.086869 0.697417 0.058586
2 0.487085 0.21414100000000003 0.479705 0.218182 0.476015 0.292929 0.483395 0.29697 0.501845 0.29697 0.501845 0.21616200000000002
1 0 0.939394 0 0.947475 0.04797 0.963636 0.051661 0.985859 0.088561 0.99798 0.236162 0.99798 0.276753 0.987879 0.302583 0.973737 0.376384 0.987879 0.413284 0.989899 0.442804 0.971717 0.483395 0.983838 0.49815500000000007 0.9939389999999999 0.512915 0.99798 0.630996 0.99798 0.686347 0.975758 0.726937 0.99798 0.859779 0.99798 0.915129 0.991919 0.929889 0.983838 0.929889 0.967677 0.937269 0.963636 0.9963100000000001 0.957576 0.9963100000000001 0.943434 0.9704800000000001 0.941414 0.9557199999999999 0.947475 0.918819 0.951515 0.907749 0.959596 0.907749 0.973737 0.889299 0.981818 0.848708 0.983838 0.741697 0.983838 0.697417 0.961616 0.656827 0.963636 0.619926 0.983838 0.546125 0.989899 0.457565 0.957576 0.431734 0.957576 0.402214 0.973737 0.387454 0.973737 0.324723 0.959596 0.298893 0.959596 0.273063 0.965657 0.258303 0.975758 0.225092 0.983838 0.125461 0.985859 0.099631 0.983838 0.077491 0.977778 0.073801 0.955556 0.059041 0.947475 0.0369 0.943434 0.01845 0.935354 0.00738 0.935354