0 0.37888199999999994 0.016645 0.36646 0.030729999999999997 0.360248 0.033291 0.358178 0.039693 0.387164 0.048656 0.403727 0.061459999999999994 0.407867 0.070423 0.428571 0.074264 0.440994 0.079385 0.457557 0.09219 0.461698 0.121639 0.469979 0.139565 0.47205 0.190781 0.47619 0.197183 0.482402 0.19590299999999997 0.488613 0.199744 0.515528 0.199744 0.521739 0.20230500000000004 0.532091 0.20102399999999998 0.544513 0.20358499999999996 0.575569 0.20358499999999996 0.583851 0.206146 0.619048 0.206146 0.63354 0.20358499999999996 0.650104 0.20358499999999996 0.68323 0.19334199999999999 0.68323 0.183099 0.687371 0.177977 0.687371 0.163892 0.681159 0.15493 0.68323 0.122919 0.687371 0.117798 0.691511 0.09347 0.695652 0.088348 0.695652 0.053777 0.706004 0.040973 0.706004 0.030729999999999997 0.699793 0.028169 0.699793 0.021767000000000005 0.689441 0.023047 0.668737 0.014085 0.654244 0.014085 0.643892 0.010243 0.623188 0.008963 0.610766 0.003841 0.598344 0.003841 0.587992 0 0.581781 0 0.583851 0.005121999999999999 0.596273 0.012804 0.608696 0.026889000000000003 0.614907 0.037132 0.614907 0.04481399999999999 0.606625 0.049936 0.590062 0.053777 0.571429 0.052497 0.565217 0.055058 0.52381 0.055058 0.498965 0.051216 0.486542 0.04481399999999999 0.47619 0.021767000000000005 0.4679090000000001 0.011524000000000001 0.455487 0.003841 0.428571 0.003841 0.409938 0.007682 0.391304 0.015364999999999998
4 0.687371 0.18181800000000004 0.68323 0.194622 0.662526 0.199744 0.645963 0.20102399999999998 0.635611 0.20486600000000002 0.623188 0.20486600000000002 0.612836 0.207426 0.583851 0.207426 0.575569 0.20486600000000002 0.544513 0.20486600000000002 0.532091 0.20230500000000004 0.521739 0.20358499999999996 0.515528 0.20102399999999998 0.503106 0.20230500000000004 0.488613 0.20102399999999998 0.482402 0.197183 0.47619 0.198464 0.47412 0.19590299999999997 0.47205 0.198464 0.465839 0.19590299999999997 0.399586 0.272727 0.325052 0.36747799999999997 0.246377 0.47631200000000007 0.20911 0.53265 0.113872 0.68758 0.07039299999999998 0.765685 0.060041 0.790013 0.033126 0.818182 0.035197 0.839949 0.014493 0.877081 0.012422 0.8886040000000001 0.004141 0.9001280000000002 0.008282 0.918054 0.018634 0.925736 0.047619 0.927017 0.064182 0.9385400000000002 0.082816 0.9398210000000001 0.09730800000000002 0.952625 0.128364 0.952625 0.140787 0.961588 0.15528 0.9641489999999999 0.175983 0.959027 0.18426500000000004 0.959027 0.192547 0.965429 0.204969 0.96927 0.219462 0.96799 0.229814 0.961588 0.236025 0.961588 0.248447 0.966709 0.267081 0.966709 0.27950299999999995 0.961588 0.285714 0.961588 0.293996 0.966709 0.304348 0.96927 0.333333 0.966709 0.339545 0.973111 0.3685300000000001 0.988476 0.399586 0.9871959999999999 0.418219 0.997439 0.426501 0.997439 0.443064 0.991037 0.451346 0.991037 0.459627 0.997439 0.486542 0.997439 0.498965 0.991037 0.503106 0.991037 0.511387 0.997439 0.532091 0.997439 0.546584 0.989757 0.556936 0.989757 0.569358 0.996159 0.57764 0.996159 0.600414 0.984635 0.614907 0.989757 0.6294 0.989757 0.652174 0.976953 0.679089 0.976953 0.697723 0.96927 0.716356 0.976953 0.730849 0.976953 0.749482 0.96927 0.763975 0.975672 0.778468 0.975672 0.78882 0.973111 0.799172 0.9628680000000001 0.819876 0.9641489999999999 0.824017 0.960307 0.824017 0.952625 0.830228 0.9475029999999999 0.836439 0.9475029999999999 0.84472 0.951344 0.861284 0.950064 0.871636 0.942382 0.877847 0.942382 0.890269 0.9487839999999998 0.902692 0.9487839999999998 0.925466 0.9385400000000002 0.950311 0.9398210000000001 0.956522 0.93598 0.964803 0.9244559999999999 0.975155 0.921895 0.973085 0.898848 0.968944 0.8886040000000001 0.968944 0.8693979999999999 0.979296 0.862996 0.985507 0.852753 0.993789 0.8501920000000001 0.99793 0.846351 0.99793 0.829706 0.987578 0.814341 0.977226 0.778489 0.954451 0.723431 0.958592 0.7183099999999999 0.966874 0.7183099999999999 0.966874 0.7144690000000001 0.956522 0.705506 0.956522 0.693982 0.942029 0.6863 0.937888 0.681178 0.933747 0.665813 0.923395 0.649168 0.89441 0.580026 0.859213 0.513444 0.853002 0.495519 0.838509 0.472471 0.832298 0.455826 0.778468 0.355954 0.766046 0.34315 0.7122149999999999 0.20998700000000003 0.701863 0.192061 0.693582 0.18822
5 0.3706 0.024328 0.362319 0.033291 0.356108 0.035851 0.347826 0.035851 0.327122 0.046095 0.331263 0.053777 0.341615 0.058899 0.343685 0.06402 0.308489 0.103713 0.310559 0.111396 0.285714 0.142125 0.273292 0.148528 0.269151 0.15749 0.291925 0.17413600000000004 0.300207 0.17413600000000004 0.304348 0.177977 0.325052 0.183099 0.337474 0.189501 0.387164 0.19590299999999997 0.416149 0.197183 0.449275 0.194622 0.478261 0.185659 0.478261 0.17669700000000002 0.4679090000000001 0.153649 0.4679090000000001 0.134443 0.459627 0.121639 0.457557 0.096031 0.447205 0.084507 0.428571 0.075544 0.418219 0.074264 0.403727 0.060179 0.37888199999999994 0.046095 0.3706 0.034571
7 0.693582 0.18822 0.689441 0.18437900000000002 0.677019 0.183099 0.662526 0.190781 0.648033 0.19334199999999999 0.63147 0.19334199999999999 0.621118 0.197183 0.598344 0.197183 0.583851 0.199744 0.521739 0.197183 0.490683 0.190781 0.4679090000000001 0.190781 0.461698 0.19334199999999999 0.459627 0.199744 0.463768 0.20358499999999996 0.480331 0.20358499999999996 0.515528 0.211268 0.590062 0.213828 0.606625 0.211268 0.6294 0.211268 0.666667 0.20358499999999996 0.681159 0.20358499999999996 0.691511 0.194622
2 0.625259 0.051216 0.625259 0.033291 0.621118 0.025608 0.608696 0.012804 0.608696 0.006402 0.596273 0.00128 0.585921 0.0025609999999999995 0.581781 0.010243 0.587992 0.016645 0.590062 0.024328 0.598344 0.030729999999999997 0.6045549999999998 0.04353400000000001 0.583851 0.049936 0.519669 0.049936 0.488613 0.035851 0.469979 0.021767000000000005 0.465839 0.012804 0.459627 0.007682 0.449275 0.006402 0.440994 0.011524000000000001 0.451346 0.030729999999999997 0.47205 0.047375 0.484472 0.055058 0.513458 0.06402 0.592133 0.06402 0.616977 0.056338
2 0.68323 0.145967 0.674948 0.140845 0.606625 0.148528 0.532091 0.148528 0.47412 0.145967 0.4679090000000001 0.148528 0.465839 0.15493 0.469979 0.158771 0.478261 0.158771 0.484472 0.161332 0.612836 0.162612 0.674948 0.15621 0.681159 0.153649
7 0.360248 0.035851 0.362319 0.04481399999999999 0.37888199999999994 0.056338 0.385093 0.057618 0.403727 0.069142 0.428571 0.076825 0.445135 0.084507 0.451346 0.084507 0.469979 0.09090900000000002 0.542443 0.09090900000000002 0.548654 0.09347 0.569358 0.096031 0.612836 0.096031 0.650104 0.088348 0.664596 0.081946 0.677019 0.071703 0.693582 0.066581 0.699793 0.055058 0.714286 0.042254 0.714286 0.033291 0.708075 0.030729999999999997 0.699793 0.030729999999999997 0.691511 0.034571 0.674948 0.053777 0.658385 0.061459999999999994 0.643892 0.072983 0.606625 0.081946 0.5590059999999999 0.080666 0.548654 0.076825 0.47619 0.076825 0.42029 0.057618 0.401656 0.046095 0.395445 0.04481399999999999 0.37888199999999994 0.03201 0.3685300000000001 0.030729999999999997
1 0.99793 0.84379 0.987578 0.833547 0.975155 0.8271450000000001 0.958592 0.824584 0.950311 0.820743 0.958592 0.816901 0.960663 0.809219 0.94824 0.800256 0.921325 0.7912929999999999 0.908903 0.7912929999999999 0.888199 0.786172 0.869565 0.784891 0.850932 0.778489 0.861284 0.774648 0.89234 0.7720870000000001 0.908903 0.768246 0.908903 0.751601 0.890269 0.746479 0.8654240000000001 0.745198 0.809524 0.736236 0.799172 0.731114 0.801242 0.728553 0.830228 0.720871 0.863354 0.715749 0.869565 0.709347 0.869565 0.701665 0.8654240000000001 0.6978230000000001 0.846791 0.695262 0.830228 0.690141 0.821946 0.690141 0.807453 0.6837389999999999 0.7474120000000001 0.681178 0.73499 0.6786169999999999 0.689441 0.6837389999999999 0.652174 0.6837389999999999 0.63354 0.6863 0.498965 0.68758 0.469979 0.696543 0.463768 0.715749 0.453416 0.722151 0.41407900000000003 0.728553 0.372671 0.731114 0.337474 0.740077 0.296066 0.759283 0.285714 0.765685 0.273292 0.778489 0.271222 0.7925740000000001 0.27950299999999995 0.805378 0.300207 0.818182 0.345756 0.837388 0.3685300000000001 0.851472 0.374741 0.859155 0.372671 0.8655570000000001 0.354037 0.8706790000000001 0.3147 0.873239 0.254658 0.873239 0.238095 0.8706790000000001 0.124224 0.871959 0.093168 0.883483 0.091097 0.893726 0.10766 0.902689 0.134576 0.9090909999999999 0.142857 0.914213 0.140787 0.915493 0.084886 0.910371 0.035197 0.897567 0.018634 0.897567 0.008282 0.9001280000000002 0.00207 0.90653 0.00207 0.911652 0.006211 0.916773 0.022774 0.927017 0.035197 0.9244559999999999 0.035197 0.915493 0.039337 0.914213 0.078675 0.9244559999999999 0.124224 0.929577 0.15942 0.929577 0.171843 0.9231750000000001 0.171843 0.914213 0.165631 0.90653 0.153209 0.898848 0.122153 0.889885 0.130435 0.8860439999999999 0.339545 0.8860439999999999 0.360248 0.8847630000000001 0.389234 0.877081 0.397516 0.868118 0.397516 0.855314 0.391304 0.8450700000000001 0.36646 0.828425 0.320911 0.809219 0.298137 0.7964149999999999 0.296066 0.78233 0.320911 0.765685 0.351967 0.751601 0.364389 0.75032 0.37888199999999994 0.745198 0.407867 0.743918 0.455487 0.7375160000000001 0.47205 0.7323940000000001 0.482402 0.725992 0.490683 0.706786 0.505176 0.701665 0.5942029999999999 0.701665 0.614907 0.6991040000000001 0.695652 0.6978230000000001 0.7225669999999998 0.693982 0.7577639999999999 0.693982 0.799172 0.6978230000000001 0.809524 0.702945 0.824017 0.704225 0.826087 0.705506 0.821946 0.708067 0.7826090000000001 0.7183099999999999 0.774327 0.724712 0.774327 0.733675 0.778468 0.738796 0.799172 0.7490400000000002 0.859213 0.759283 0.834369 0.7669650000000001 0.826087 0.7720870000000001 0.826087 0.783611 0.84265 0.793854 0.850932 0.7964149999999999 0.881988 0.800256 0.89648 0.804097 0.910973 0.804097 0.921325 0.809219 0.913043 0.815621 0.917184 0.824584 0.9461700000000001 0.837388 0.964803 0.841229 0.975155 0.847631 0.956522 0.868118 0.960663 0.8758 0.975155 0.8758 0.99793 0.854033
6 0.362319 0.03201 0.358178 0.039693 0.374741 0.058899 0.397516 0.072983 0.428571 0.08578699999999999 0.447205 0.107554 0.449275 0.116517 0.457557 0.11907800000000002 0.4679090000000001 0.117798 0.47205 0.11395599999999999 0.469979 0.103713 0.449275 0.075544 0.43271200000000004 0.070423 0.407867 0.058899 0.403727 0.053777 0.391304 0.047375 0.376812 0.03201
7 0.302277 0.108835 0.302277 0.112676 0.308489 0.117798 0.358178 0.135723 0.387164 0.134443 0.412008 0.137004 0.447205 0.145967 0.465839 0.145967 0.47205 0.143406 0.47205 0.134443 0.463768 0.130602 0.449275 0.130602 0.430642 0.12548 0.393375 0.120359 0.36646 0.121639 0.31677 0.103713 0.306418 0.104994
7 0.271222 0.15493 0.271222 0.158771 0.277433 0.163892 0.354037 0.185659 0.426501 0.18437900000000002 0.43271200000000004 0.189501 0.440994 0.190781 0.47205 0.190781 0.478261 0.18822 0.47619 0.177977 0.451346 0.17669700000000002 0.447205 0.17285499999999998 0.436853 0.170294 0.360248 0.171575 0.351967 0.16773399999999997 0.285714 0.149808 0.275362 0.151088