3 0.434586 0.016345 0.421053 0.02526 0.407519 0.026746 0.398496 0.032689 0.384962 0.032689 0.381955 0.035661 0.372932 0.056464 0.362406 0.072808 0.342857 0.096582 0.324812 0.111441 0.320301 0.12035700000000002 0.318797 0.130758 0.306767 0.142645 0.299248 0.15899 0.269173 0.187221 0.261654 0.188707 0.257143 0.193165 0.249624 0.210996 0.234586 0.23328400000000002 0.234586 0.248143 0.22857100000000002 0.261516 0.201504 0.297177 0.19548899999999997 0.31055 0.166917 0.350669 0.133835 0.41307600000000005 0.129323 0.429421 0.12180500000000001 0.442793 0.12030100000000002 0.45319500000000007 0.100752 0.49034199999999994 0.091729 0.523031 0.081203 0.542348 0.079699 0.554235 0.07218 0.569094 0.070677 0.582467 0.057143 0.607727 0.055639 0.616642 0.04812 0.628529 0.031579 0.67162 0.025564000000000003 0.69688 0.025564000000000003 0.711738 0.019549 0.725111 0.013534 0.753343 0.009023 0.760773 0.004511 0.780089 0 0.824666 0.01203 0.8335809999999999 0.045113 0.8335809999999999 0.061654 0.839525 0.100752 0.8380389999999999 0.109774 0.8439820000000001 0.123308 0.842496 0.133835 0.846954 0.148872 0.860327 0.192481 0.860327 0.20451100000000003 0.869242 0.206015 0.8915299999999999 0.213534 0.901932 0.21954899999999997 0.903418 0.225564 0.900446 0.23609000000000002 0.900446 0.24811999999999998 0.907875 0.266165 0.912333 0.27218 0.9167900000000001 0.273684 0.922734 0.270677 0.930163 0.27218 0.94948 0.278195 0.953938 0.305263 0.959881 0.323308 0.959881 0.347368 0.9569090000000001 0.354887 0.947994 0.374436 0.952452 0.384962 0.9509659999999999 0.395489 0.955423 0.41203 0.955423 0.41654099999999994 0.959881 0.41654099999999994 0.9732539999999998 0.419549 0.979198 0.45714299999999997 0.995542 0.475188 0.997028 0.4781949999999999 0.9866270000000001 0.48721799999999993 0.982169 0.500752 0.9836550000000001 0.512782 0.989599 0.521805 0.989599 0.526316 0.992571 0.541353 0.992571 0.562406 0.9836550000000001 0.562406 0.9732539999999998 0.565414 0.965825 0.578947 0.967311 0.58797 0.964339 0.596992 0.9569090000000001 0.607519 0.955423 0.61203 0.952452 0.61203 0.922734 0.604511 0.897474 0.601504 0.8083209999999998 0.607519 0.7815750000000001 0.607519 0.71471 0.615038 0.692422 0.615038 0.67162 0.621053 0.658247 0.649624 0.634473 0.657143 0.619614 0.682707 0.548291 0.684211 0.534918 0.688722 0.523031 0.690226 0.505201 0.693233 0.49925699999999995 0.696241 0.463596 0.703759 0.4353639999999999 0.723308 0.408618 0.729323 0.39673099999999994 0.732331 0.38187199999999993 0.736842 0.375929 0.736842 0.367013 0.742857 0.350669 0.745865 0.312036 0.750376 0.297177 0.756391 0.181278 0.759398 0.153046 0.76391 0.138187 0.765414 0.084695 0.748872 0.084695 0.729323 0.078752 0.720301 0.078752 0.700752 0.069837 0.687218 0.068351 0.667669 0.059435 0.64812 0.057949 0.637594 0.053492 0.619549 0.053492 0.613534 0.05052 0.578947 0.047548 0.571429 0.043091 0.536842 0.041605 0.514286 0.032689 0.4977440000000001 0.031203999999999996 0.4781949999999999 0.022288
3 0.830075 0.072808 0.795489 0.080238 0.784962 0.084695 0.766917 0.084695 0.765414 0.087667 0.765414 0.138187 0.760902 0.153046 0.757895 0.181278 0.75188 0.297177 0.747368 0.312036 0.744361 0.350669 0.738346 0.367013 0.738346 0.375929 0.733835 0.38187199999999993 0.730827 0.39673099999999994 0.715789 0.423477 0.708271 0.43090599999999996 0.703759 0.442793 0.702256 0.454681 0.697744 0.463596 0.696241 0.49034199999999994 0.684211 0.548291 0.658647 0.619614 0.651128 0.634473 0.622556 0.658247 0.616541 0.67162 0.616541 0.692422 0.609023 0.71471 0.609023 0.7815750000000001 0.603008 0.8083209999999998 0.603008 0.8380389999999999 0.606015 0.8588410000000001 0.604511 0.876672 0.606015 0.897474 0.613534 0.9242200000000002 0.622556 0.9242200000000002 0.630075 0.9286780000000001 0.657143 0.9286780000000001 0.666165 0.918276 0.675188 0.918276 0.699248 0.925706 0.754887 0.925706 0.792481 0.915305 0.8466169999999998 0.9138189999999999 0.861654 0.907875 0.8676690000000001 0.894502 0.870677 0.894502 0.875188 0.8989600000000001 0.8796989999999999 0.909361 0.885714 0.909361 0.8947369999999999 0.904903 0.900752 0.9063889999999999 0.905263 0.903418 0.917293 0.903418 0.930827 0.897474 0.9443609999999999 0.887073 0.971429 0.882615 0.9759399999999999 0.879643 0.9939850000000001 0.8781579999999999 0.998496 0.872214 0.998496 0.857355 0.9909769999999999 0.832095 0.9909769999999999 0.8083209999999998 0.9939850000000001 0.802377 0.9909769999999999 0.723626 0.9789470000000001 0.679049 0.9789470000000001 0.66419 0.9744359999999999 0.64636 0.968421 0.634473 0.962406 0.609212 0.956391 0.551263 0.950376 0.533432 0.9488720000000002 0.505201 0.9428570000000001 0.491828 0.9428570000000001 0.476969 0.930827 0.442793 0.926316 0.417533 0.921805 0.410104 0.911278 0.3789 0.902256 0.334324 0.873684 0.276374 0.858647 0.231798 0.858647 0.222883 0.8511280000000001 0.210996 0.843609 0.190193 0.839098 0.15899 0.8345859999999999 0.148588 0.8345859999999999 0.129272 0.842105 0.115899 0.8330829999999999 0.093611
7 0.434586 0.019316 0.434586 0.02526 0.43909799999999993 0.029717999999999998 0.44962399999999997 0.029717999999999998 0.452632 0.032689 0.46466199999999996 0.035661 0.49624100000000004 0.037147 0.509774 0.041605 0.52782 0.043091 0.535338 0.049034 0.55188 0.05052 0.572932 0.056464 0.592481 0.056464 0.607519 0.063893 0.633083 0.069837 0.649624 0.069837 0.655639 0.074294 0.667669 0.077266 0.681203 0.077266 0.697744 0.081724 0.720301 0.08321 0.723308 0.086181 0.732331 0.086181 0.745865 0.090639 0.783459 0.093611 0.810526 0.087667 0.813534 0.08321 0.8210530000000001 0.08321 0.8315790000000001 0.078752 0.8315790000000001 0.068351 0.8285709999999998 0.065379 0.8060150000000001 0.069837 0.8015040000000001 0.074294 0.783459 0.078752 0.754887 0.077266 0.742857 0.074294 0.73985 0.071322 0.705263 0.068351 0.690226 0.063893 0.678195 0.063893 0.657143 0.056464 0.642105 0.056464 0.61203 0.049034 0.6 0.043091 0.580451 0.043091 0.574436 0.040119 0.544361 0.035661 0.535338 0.029717999999999998 0.517293 0.028232 0.503759 0.023774 0.484211 0.023774 0.445113 0.014858999999999999 0.43909799999999993 0.014858999999999999
7 0.264662 0.194651 0.264662 0.200594 0.267669 0.20356600000000002 0.287218 0.20356600000000002 0.291729 0.20653800000000003 0.297744 0.20653800000000003 0.305263 0.21248100000000003 0.333835 0.216939 0.348872 0.22436799999999998 0.359398 0.22436799999999998 0.372932 0.23031200000000002 0.378947 0.23031200000000002 0.398496 0.23922700000000002 0.41203 0.249629 0.43308300000000005 0.258544 0.44060200000000005 0.264487 0.44811999999999996 0.265973 0.46466199999999996 0.27786 0.493233 0.292719 0.505263 0.304606 0.512782 0.307578 0.524812 0.317979 0.535338 0.322437 0.545865 0.332838 0.553383 0.33581 0.595489 0.367013 0.630075 0.399703 0.646617 0.408618 0.673684 0.429421 0.679699 0.43090599999999996 0.693233 0.4442789999999999 0.708271 0.442793 0.744361 0.40416 0.7984959999999999 0.365527 0.857143 0.31055 0.8676690000000001 0.304606 0.873684 0.297177 0.8781949999999998 0.297177 0.8812030000000001 0.294205 0.8812030000000001 0.282318 0.8781949999999998 0.279346 0.870677 0.279346 0.7864660000000001 0.35364 0.73985 0.38781599999999994 0.702256 0.424963 0.697744 0.426449 0.63609 0.383358 0.598496 0.349183 0.554887 0.319465 0.544361 0.309064 0.533835 0.304606 0.514286 0.291233 0.503759 0.280832 0.454135 0.251114 0.44962399999999997 0.251114 0.4421050000000001 0.24517099999999997 0.41804500000000006 0.23477 0.407519 0.225854 0.38797 0.216939 0.37594 0.21545299999999998 0.369925 0.210996 0.359398 0.210996 0.342857 0.20356600000000002 0.329323 0.20208 0.318797 0.19762300000000002 0.309774 0.19762300000000002 0.305263 0.193165 0.296241 0.190193 0.27218 0.188707
7 0.968421 0.622585 0.965414 0.619614 0.9443609999999999 0.619614 0.930827 0.624071 0.923308 0.624071 0.9142859999999999 0.628529 0.8977440000000001 0.630015 0.8796989999999999 0.637444 0.873684 0.637444 0.86015 0.643388 0.822556 0.652303 0.807519 0.658247 0.741353 0.673105 0.682707 0.674591 0.639098 0.673105 0.630075 0.670134 0.619549 0.670134 0.615038 0.674591 0.615038 0.680535 0.619549 0.684993 0.634586 0.687964 0.747368 0.687964 0.813534 0.673105 0.825564 0.667162 0.8661650000000001 0.658247 0.869173 0.655275 0.875188 0.655275 0.8781949999999998 0.652303 0.8947369999999999 0.649331 0.903759 0.644874 0.921805 0.643388 0.930827 0.637444 0.9398499999999999 0.637444 0.953383 0.632987 0.965414 0.634473 0.968421 0.631501
7 0.067669 0.573551 0.067669 0.579495 0.081203 0.591382 0.088722 0.591382 0.109774 0.597325 0.186466 0.597325 0.210526 0.609212 0.218045 0.610698 0.225564 0.616642 0.23609000000000002 0.619614 0.24060200000000004 0.624071 0.24811999999999998 0.625557 0.257143 0.632987 0.281203 0.640416 0.288722 0.644874 0.308271 0.647845 0.311278 0.650817 0.326316 0.650817 0.33985 0.655275 0.348872 0.655275 0.35188 0.658247 0.38797 0.658247 0.413534 0.66419 0.42405999999999994 0.66419 0.44060200000000005 0.67162 0.44962399999999997 0.67162 0.512782 0.690936 0.544361 0.693908 0.553383 0.698366 0.604511 0.698366 0.607519 0.695394 0.62406 0.690936 0.631579 0.683507 0.631579 0.677563 0.628571 0.673105 0.621053 0.668648 0.615038 0.668648 0.610526 0.673105 0.609023 0.680535 0.598496 0.683507 0.559398 0.683507 0.55188 0.680535 0.523308 0.677563 0.481203 0.66419 0.469173 0.662704 0.45714299999999997 0.656761 0.44661699999999993 0.656761 0.43308300000000005 0.650817 0.422556 0.650817 0.4 0.644874 0.36391 0.644874 0.333835 0.637444 0.320301 0.637444 0.314286 0.632987 0.294737 0.630015 0.263158 0.618128 0.245113 0.606241 0.237594 0.604755 0.19548899999999997 0.583952 0.12030100000000002 0.583952 0.087218 0.576523 0.079699 0.569094 0.07218 0.569094
1 0.9939850000000001 0.734027 0.9909769999999999 0.731055 0.9744359999999999 0.731055 0.957895 0.736999 0.9488720000000002 0.736999 0.933835 0.744428 0.926316 0.744428 0.915789 0.750371 0.900752 0.753343 0.8962410000000001 0.756315 0.857143 0.7637439999999999 0.8165410000000001 0.777117 0.807519 0.777117 0.7984959999999999 0.7815750000000001 0.7714290000000001 0.787519 0.729323 0.791976 0.718797 0.796434 0.663158 0.794948 0.649624 0.79049 0.637594 0.79049 0.613534 0.777117 0.607519 0.777117 0.603008 0.7815750000000001 0.603008 0.787519 0.62406 0.802377 0.642105 0.8038630000000001 0.651128 0.8083209999999998 0.729323 0.809807 0.735338 0.806835 0.745865 0.806835 0.750376 0.8038630000000001 0.772932 0.802377 0.804511 0.796434 0.815038 0.79049 0.827068 0.79049 0.830075 0.787519 0.8481199999999999 0.784547 0.8646619999999999 0.777117 0.917293 0.766716 0.930827 0.759287 0.9428570000000001 0.757801 0.956391 0.750371 0.965414 0.750371 0.981955 0.744428 0.992481 0.744428
1 0.9939850000000001 0.8142640000000001 0.9894739999999999 0.809807 0.966917 0.812779 0.9142859999999999 0.812779 0.893233 0.824666 0.885714 0.824666 0.87218 0.830609 0.843609 0.835067 0.837594 0.8380389999999999 0.796992 0.84101 0.7864660000000001 0.851412 0.783459 0.860327 0.777444 0.864785 0.76391 0.869242 0.670677 0.869242 0.658647 0.8707279999999998 0.654135 0.875186 0.654135 0.879643 0.646617 0.8841010000000001 0.631579 0.8841010000000001 0.618045 0.8781579999999999 0.610526 0.8781579999999999 0.606015 0.882615 0.606015 0.8885590000000001 0.610526 0.893016 0.622556 0.897474 0.652632 0.8989600000000001 0.663158 0.894502 0.667669 0.890045 0.669173 0.8841010000000001 0.679699 0.882615 0.766917 0.8841010000000001 0.7819549999999998 0.8781579999999999 0.78797 0.8781579999999999 0.7984959999999999 0.867756 0.8 0.8588410000000001 0.8060150000000001 0.8543830000000001 0.8646619999999999 0.8484399999999999 0.87218 0.8439820000000001 0.8812030000000001 0.8439820000000001 0.890226 0.839525 0.902256 0.8380389999999999 0.921805 0.8261520000000001 0.992481 0.824666
1 0.998496 0.8618130000000002 0.9894739999999999 0.8707279999999998 0.9744359999999999 0.8707279999999998 0.962406 0.8736999999999999 0.954887 0.8781579999999999 0.945865 0.8781579999999999 0.938346 0.882615 0.932331 0.882615 0.920301 0.8915299999999999 0.8992479999999999 0.897474 0.890226 0.897474 0.8781949999999998 0.885587 0.870677 0.885587 0.858647 0.897474 0.837594 0.904903 0.777444 0.9108469999999999 0.759398 0.918276 0.724812 0.9212480000000001 0.712782 0.918276 0.697744 0.918276 0.679699 0.9108469999999999 0.661654 0.9108469999999999 0.652632 0.918276 0.628571 0.919762 0.615038 0.9167900000000001 0.610526 0.9212480000000001 0.610526 0.9286780000000001 0.619549 0.933135 0.652632 0.933135 0.666165 0.930163 0.670677 0.9242200000000002 0.688722 0.931649 0.702256 0.931649 0.714286 0.934621 0.742857 0.934621 0.7699250000000001 0.931649 0.774436 0.927192 0.784962 0.9242200000000002 0.8496239999999999 0.918276 0.854135 0.915305 0.86015 0.915305 0.873684 0.904903 0.8812030000000001 0.9108469999999999 0.908271 0.9108469999999999 0.9293230000000001 0.904903 0.938346 0.897474 0.947368 0.8959879999999999 0.954887 0.8915299999999999 0.9639100000000002 0.8915299999999999 0.981955 0.8841010000000001 0.996992 0.8841010000000001
1 0.02406 0.686478 0.02406 0.692422 0.030074999999999998 0.698366 0.055639 0.704309 0.064662 0.704309 0.081203 0.711738 0.117293 0.72214 0.12030100000000002 0.725111 0.130827 0.725111 0.13985 0.729569 0.169925 0.736999 0.180451 0.744428 0.207519 0.7711739999999999 0.21202999999999997 0.7711739999999999 0.22857100000000002 0.7815750000000001 0.264662 0.7890039999999999 0.318797 0.79049 0.321805 0.7934619999999999 0.37594 0.7979199999999999 0.389474 0.800892 0.392481 0.8038630000000001 0.403008 0.8038630000000001 0.41203 0.8083209999999998 0.469173 0.8112929999999999 0.485714 0.817236 0.4947369999999999 0.817236 0.500752 0.82318 0.515789 0.8261520000000001 0.518797 0.8291229999999999 0.541353 0.832095 0.578947 0.830609 0.593985 0.824666 0.601504 0.817236 0.609023 0.8142640000000001 0.609023 0.800892 0.603008 0.796434 0.592481 0.796434 0.58797 0.800892 0.58797 0.8083209999999998 0.571429 0.817236 0.548872 0.8187220000000001 0.526316 0.81575 0.520301 0.8112929999999999 0.506767 0.8083209999999998 0.502256 0.8038630000000001 0.493233 0.8038630000000001 0.4781949999999999 0.7979199999999999 0.42405999999999994 0.794948 0.410526 0.79049 0.40150399999999997 0.79049 0.386466 0.784547 0.348872 0.7815750000000001 0.342857 0.778603 0.288722 0.777117 0.266165 0.774146 0.22706799999999996 0.7637439999999999 0.221053 0.757801 0.21654099999999998 0.757801 0.190977 0.732541 0.178947 0.723626 0.169925 0.72214 0.166917 0.719168 0.138346 0.710253 0.126316 0.710253 0.073684 0.690936 0.04812 0.686478 0.043609 0.683507 0.028571 0.682021
1 0 0.820208 0 0.832095 0.003008 0.835067 0.019549 0.842496 0.034586 0.845468 0.040602 0.849926 0.123308 0.8484399999999999 0.12782 0.851412 0.138346 0.851412 0.144361 0.8543830000000001 0.157895 0.867756 0.171429 0.8662699999999999 0.174436 0.869242 0.18797 0.8707279999999998 0.2 0.881129 0.20451100000000003 0.8915299999999999 0.218045 0.904903 0.24811999999999998 0.912333 0.255639 0.918276 0.26015 0.918276 0.269173 0.927192 0.27218 0.9465080000000001 0.282707 0.958395 0.293233 0.9613670000000001 0.296241 0.964339 0.323308 0.964339 0.348872 0.9613670000000001 0.36391 0.9509659999999999 0.37594 0.958395 0.404511 0.958395 0.410526 0.965825 0.413534 0.982169 0.422556 0.989599 0.43609 0.9940559999999999 0.44060200000000005 0.9985139999999999 0.482707 0.9985139999999999 0.4977440000000001 0.988113 0.517293 0.9985139999999999 0.545865 0.9985139999999999 0.560902 0.9910850000000001 0.574436 0.977712 0.574436 0.971768 0.580451 0.965825 0.601504 0.964339 0.610526 0.9569090000000001 0.615038 0.943536 0.615038 0.934621 0.61203 0.931649 0.606015 0.931649 0.6 0.937593 0.598496 0.945022 0.592481 0.9509659999999999 0.572932 0.952452 0.559398 0.962853 0.559398 0.970282 0.55188 0.977712 0.536842 0.985141 0.526316 0.985141 0.503759 0.9732539999999998 0.493233 0.9732539999999998 0.482707 0.977712 0.469173 0.989599 0.455639 0.985141 0.44962399999999997 0.985141 0.44060200000000005 0.979198 0.430075 0.9762259999999999 0.427068 0.9732539999999998 0.427068 0.964339 0.422556 0.953938 0.413534 0.945022 0.384962 0.945022 0.369925 0.9361069999999999 0.357895 0.9361069999999999 0.338346 0.947994 0.305263 0.9509659999999999 0.293233 0.945022 0.285714 0.937593 0.284211 0.9212480000000001 0.269173 0.904903 0.261654 0.903418 0.252632 0.897474 0.22706799999999996 0.8915299999999999 0.218045 0.882615 0.210526 0.869242 0.198496 0.8588410000000001 0.183459 0.855869 0.178947 0.852897 0.16391 0.852897 0.159398 0.8439820000000001 0.147368 0.8380389999999999 0.13985 0.8380389999999999 0.129323 0.8335809999999999 0.091729 0.8335809999999999 0.084211 0.836553 0.04812 0.835067 0.043609 0.832095 0.02406 0.827637 0.007518999999999999 0.8187220000000001