0 0.605263 0.04005 0.592105 0.041302 0.593985 0.046308 0.586466 0.048811 0.582707 0.053817000000000004 0.575188 0.052566 0.56391 0.05632000000000001 0.546992 0.05632000000000001 0.541353 0.058824 0.516917 0.057572 0.513158 0.060075 0.49812 0.058824 0.48872200000000005 0.05506900000000001 0.477444 0.05632000000000001 0.469925 0.051314 0.460526 0.052566 0.456767 0.045056 0.43609 0.045056 0.426692 0.05632000000000001 0.424812 0.10388 0.421053 0.116395 0.441729 0.150188 0.441729 0.165207 0.43797 0.173967 0.460526 0.18398 0.48496199999999995 0.191489 0.546992 0.202753 0.554511 0.202753 0.567669 0.198999 0.575188 0.193992 0.597744 0.187735 0.609023 0.180225 0.609023 0.171464 0.603383 0.162703 0.605263 0.131414 0.610902 0.116395 0.62406 0.100125 0.62594 0.0801 0.620301 0.057572
5 0.379699 0.006258 0.37218 0.008761 0.357143 0.007509 0.351504 0.011264 0.351504 0.017522 0.347744 0.020025 0.351504 0.026283 0.351504 0.031289 0.345865 0.037547 0.347744 0.046308 0.325188 0.068836 0.31391 0.08761 0.317669 0.098874 0.345865 0.113892 0.340226 0.145181 0.323308 0.176471 0.31391 0.180225 0.315789 0.190238 0.31203 0.198999 0.272556 0.234043 0.276316 0.242804 0.295113 0.254068 0.304511 0.257822 0.317669 0.256571 0.328947 0.261577 0.340226 0.261577 0.353383 0.255319 0.364662 0.21526900000000002 0.370301 0.205257 0.383459 0.20025 0.379699 0.190238 0.389098 0.176471 0.389098 0.165207 0.400376 0.12015 0.409774 0.115144 0.409774 0.11138900000000002 0.415414 0.11013800000000001 0.422932 0.10388 0.424812 0.05632000000000001 0.43609 0.043805 0.443609 0.045056 0.43797 0.041302 0.441729 0.038798 0.43797 0.030038 0.426692 0.027534000000000003 0.424812 0.02378 0.411654 0.020025 0.406015 0.013767000000000001 0.398496 0.013767000000000001
6 0.343985 0.11013800000000001 0.345865 0.115144 0.37782 0.116395 0.394737 0.121402 0.404135 0.12015 0.404135 0.116395 0.400376 0.113892 0.383459 0.11013800000000001 0.349624 0.006258 0.347744 0.012516 0.351504 0.01627 0.387218 0.017522 0.402256 0.022528 0.424812 0.042553 0.43985 0.045056 0.447368 0.041302 0.447368 0.032541 0.43797 0.028786 0.421053 0.012516 0.394737 0.003755 0.381579 0.003755 0.37594 0.001252 0.355263 0.003755
6 0.315789 0.190238 0.317669 0.195244 0.349624 0.20025 0.362782 0.206508 0.370301 0.205257 0.370301 0.198999 0.355263 0.193992 0.327068 0.188986
4 0.43985 0.175219 0.43609 0.178974 0.424812 0.178974 0.404135 0.186483 0.404135 0.20025 0.394737 0.209011 0.396617 0.212766 0.379699 0.22403000000000003 0.370301 0.235294 0.360902 0.236546 0.336466 0.262829 0.330827 0.279099 0.306391 0.299124 0.300752 0.315394 0.285714 0.329161 0.276316 0.350438 0.266917 0.360451 0.257519 0.385482 0.24248099999999997 0.399249 0.24248099999999997 0.413016 0.206767 0.458073 0.163534 0.52816 0.144737 0.546934 0.144737 0.55194 0.150376 0.559449 0.148496 0.566959 0.112782 0.625782 0.095865 0.659574 0.086466 0.685857 0.075188 0.702128 0.075188 0.707134 0.080827 0.710889 0.080827 0.720901 0.065789 0.743429 0.028195 0.817272 0 0.8948690000000001 0.005639 0.901126 0.035714 0.914894 0.043233 0.923655 0.056391 0.932416 0.112782 0.94368 0.156015 0.94368 0.163534 0.947434 0.163534 0.952441 0.167293 0.956195 0.180451 0.962453 0.221805 0.97622 0.24624100000000002 0.979975 0.362782 0.979975 0.381579 0.986233 0.398496 0.988736 0.422932 0.986233 0.43985 0.987484 0.471805 0.996245 0.483083 0.997497 0.539474 0.997497 0.578947 0.988736 0.609023 0.986233 0.618421 0.98373 0.639098 0.974969 0.652256 0.962453 0.672932 0.957447 0.708647 0.957447 0.723684 0.968711 0.746241 0.974969 0.778195 0.97622 0.819549 0.969962 0.860902 0.95995 0.879699 0.952441 0.924812 0.94368 0.932331 0.937422 0.930451 0.927409 0.93797 0.9211510000000002 0.962406 0.909887 0.9830830000000002 0.9048810000000002 0.9981199999999999 0.8961200000000001 0.996241 0.8873590000000001 0.984962 0.8723399999999999 0.981203 0.8535669999999999 0.958647 0.79224 0.928571 0.729662 0.928571 0.71965 0.919173 0.700876 0.917293 0.680851 0.890977 0.624531 0.866541 0.583229 0.864662 0.571965 0.87218 0.561952 0.857143 0.545682 0.855263 0.536921 0.845865 0.524406 0.830827 0.490613 0.781955 0.411765 0.780075 0.399249 0.766917 0.385482 0.75188 0.359199 0.75 0.346683 0.744361 0.337922 0.744361 0.33041300000000007 0.733083 0.32165200000000005 0.725564 0.305382 0.712406 0.290363 0.708647 0.277847 0.695489 0.270338 0.68797 0.252816 0.671053 0.239049 0.672932 0.236546 0.667293 0.230288 0.663534 0.21902400000000002 0.635338 0.195244 0.62782 0.185232 0.62406 0.185232 0.610902 0.175219 0.610902 0.180225 0.597744 0.188986 0.575188 0.195244 0.565789 0.20025 0.541353 0.202753 0.526316 0.201502 0.515038 0.197747 0.505639 0.197747 0.460526 0.185232
1 0.404135 0.196496 0.407895 0.204005 0.415414 0.205257 0.432331 0.212766 0.443609 0.212766 0.483083 0.22528200000000004 0.49060200000000004 0.22528200000000004 0.505639 0.230288 0.526316 0.232791 0.531955 0.235294 0.558271 0.235294 0.567669 0.231539 0.577068 0.231539 0.586466 0.22653300000000004 0.609023 0.22528200000000004 0.62782 0.21652100000000002 0.639098 0.206508 0.635338 0.198999 0.62218 0.197747 0.616541 0.20025 0.612782 0.205257 0.597744 0.211514 0.580827 0.212766 0.569549 0.21777200000000002 0.56203 0.21777200000000002 0.552632 0.22152700000000003 0.541353 0.22152700000000003 0.535714 0.21902400000000002 0.522556 0.21902400000000002 0.50188 0.212766 0.48872200000000005 0.211514 0.468045 0.202753 0.458647 0.202753 0.447368 0.197747 0.43609 0.197747 0.421053 0.191489 0.411654 0.191489
7 0.434211 0.172716 0.434211 0.176471 0.441729 0.182728 0.462406 0.186483 0.492481 0.197747 0.50188 0.197747 0.516917 0.202753 0.575188 0.202753 0.603383 0.190238 0.614662 0.188986 0.620301 0.18398 0.618421 0.175219 0.612782 0.172716 0.605263 0.172716 0.565789 0.188986 0.522556 0.188986 0.507519 0.18398 0.5 0.18398 0.473684 0.173967 0.456767 0.171464 0.447368 0.16771 0.43797 0.168961
1 0.404135 0.209011 0.402256 0.21652100000000002 0.411654 0.235294 0.428571 0.254068 0.49060200000000004 0.297872 0.520677 0.309136 0.528195 0.314143 0.595865 0.337922 0.605263 0.337922 0.629699 0.345432 0.654135 0.346683 0.671053 0.35169 0.712406 0.352941 0.718045 0.355444 0.746241 0.355444 0.753759 0.35169 0.755639 0.342929 0.74812 0.337922 0.742481 0.337922 0.734962 0.341677 0.723684 0.341677 0.718045 0.339174 0.676692 0.337922 0.659774 0.332916 0.635338 0.331665 0.616541 0.32540700000000006 0.590226 0.32040100000000005 0.543233 0.302879 0.537594 0.299124 0.516917 0.292866 0.50188 0.285357 0.445489 0.244055 0.430451 0.227785 0.421053 0.209011 0.415414 0.206508
1 0.550752 0.314143 0.546992 0.310388 0.535714 0.309136 0.49624099999999993 0.32540700000000006 0.466165 0.3341680000000001 0.424812 0.341677 0.343985 0.349186 0.274436 0.346683 0.268797 0.349186 0.266917 0.355444 0.274436 0.360451 0.315789 0.362954 0.389098 0.360451 0.419173 0.355444 0.432331 0.355444 0.43797 0.352941 0.477444 0.346683 0.48872200000000005 0.341677 0.507519 0.337922 0.518797 0.331665 0.528195 0.33041300000000007 0.537594 0.32540700000000006 0.545113 0.32415499999999997 0.550752 0.317897
1 0.236842 0.401752 0.236842 0.405507 0.24248099999999997 0.410513 0.257519 0.415519 0.265038 0.420526 0.287594 0.426783 0.31015 0.43804800000000005 0.317669 0.43804800000000005 0.330827 0.44305400000000006 0.345865 0.441802 0.353383 0.445557 0.368421 0.44680900000000007 0.381579 0.4530660000000001 0.400376 0.458073 0.443609 0.456821 0.458647 0.458073 0.49060200000000004 0.465582 0.530075 0.465582 0.565789 0.458073 0.609023 0.455569 0.62406 0.4518150000000001 0.640977 0.4518150000000001 0.657895 0.44806000000000007 0.676692 0.44806000000000007 0.714286 0.44305400000000006 0.742481 0.43554400000000004 0.746241 0.43178999999999995 0.765038 0.425532 0.781955 0.415519 0.789474 0.40801 0.785714 0.400501 0.772556 0.399249 0.74812 0.415519 0.731203 0.420526 0.727444 0.42427999999999993 0.708647 0.42928700000000003 0.678571 0.43178999999999995 0.671053 0.43429300000000004 0.652256 0.43429300000000004 0.635338 0.43804800000000005 0.618421 0.43804800000000005 0.603383 0.441802 0.56015 0.44430500000000006 0.524436 0.4518150000000001 0.49624099999999993 0.4518150000000001 0.475564 0.44806000000000007 0.466165 0.44430500000000006 0.406015 0.44430500000000006 0.37406 0.43304099999999995 0.360902 0.43178999999999995 0.353383 0.42803499999999994 0.334586 0.42803499999999994 0.327068 0.42427999999999993 0.319549 0.42427999999999993 0.25 0.396746 0.24060200000000004 0.397997
1 0.140977 0.556946 0.144737 0.564456 0.201128 0.585732 0.214286 0.586984 0.229323 0.59199 0.276316 0.595745 0.285714 0.589487 0.370301 0.610763 0.424812 0.612015 0.481203 0.622028 0.520677 0.622028 0.531955 0.618273 0.552632 0.618273 0.565789 0.622028 0.592105 0.622028 0.601504 0.618273 0.609023 0.618273 0.62406 0.612015 0.68985 0.612015 0.704887 0.604506 0.727444 0.598248 0.763158 0.596996 0.787594 0.593242 0.81391 0.585732 0.828947 0.585732 0.851504 0.576971 0.864662 0.574468 0.87594 0.566959 0.87218 0.559449 0.860902 0.558198 0.849624 0.563204 0.834586 0.565707 0.828947 0.569462 0.800752 0.573217 0.781955 0.579474 0.757519 0.583229 0.719925 0.584481 0.68985 0.593242 0.680451 0.598248 0.614662 0.598248 0.603383 0.604506 0.595865 0.604506 0.586466 0.60826 0.571429 0.60826 0.558271 0.604506 0.524436 0.604506 0.515038 0.60826 0.48684199999999994 0.60826 0.430451 0.598248 0.383459 0.598248 0.280075 0.571965 0.263158 0.573217 0.257519 0.580726 0.236842 0.578223 0.227444 0.574468 0.208647 0.571965 0.156015 0.55194 0.148496 0.55194
1 0.075188 0.707134 0.077068 0.713392 0.112782 0.738423 0.131579 0.738423 0.18609 0.75219 0.204887 0.7597 0.218045 0.760951 0.233083 0.765957 0.280075 0.767209 0.31391 0.770964 0.357143 0.778473 0.37406 0.778473 0.411654 0.785982 0.443609 0.785982 0.456767 0.782228 0.48872200000000005 0.778473 0.520677 0.783479 0.614662 0.785982 0.635338 0.780976 0.693609 0.780976 0.699248 0.778473 0.731203 0.777222 0.761278 0.772215 0.781955 0.772215 0.806391 0.765957 0.815789 0.765957 0.842105 0.758448 0.860902 0.758448 0.892857 0.747184 0.909774 0.745932 0.930451 0.737171 0.93609 0.732165 0.934211 0.720901 0.922932 0.718398 0.917293 0.720901 0.915414 0.725907 0.906015 0.730914 0.885338 0.733417 0.87218 0.739675 0.853383 0.744681 0.836466 0.744681 0.776316 0.758448 0.755639 0.758448 0.725564 0.763454 0.693609 0.764706 0.68797 0.767209 0.629699 0.767209 0.609023 0.772215 0.577068 0.772215 0.56015 0.769712 0.526316 0.769712 0.49624099999999993 0.764706 0.483083 0.764706 0.451128 0.768461 0.43797 0.772215 0.417293 0.772215 0.379699 0.764706 0.353383 0.763454 0.319549 0.757196 0.285714 0.753442 0.24060200000000004 0.75219 0.212406 0.745932 0.201128 0.740926 0.137218 0.724656 0.12218 0.724656 0.090226 0.702128 0.082707 0.702128
1 0 0.8848560000000001 0 0.901126 0.011278 0.909887 0.020677 0.9111390000000001 0.028195 0.914894 0.041353 0.932416 0.065789 0.944931 0.12218 0.952441 0.161654 0.951189 0.165414 0.958698 0.174812 0.964956 0.18985 0.971214 0.218045 0.978723 0.236842 0.978723 0.24436100000000002 0.981227 0.265038 0.982478 0.343985 0.981227 0.396617 0.992491 0.443609 0.991239 0.458647 0.992491 0.48496199999999995 0.998748 0.595865 0.997497 0.620301 0.992491 0.648496 0.982478 0.672932 0.966208 0.716165 0.966208 0.721805 0.969962 0.742481 0.97622 0.778195 0.97622 0.783835 0.978723 0.81015 0.978723 0.823308 0.974969 0.828947 0.968711 0.847744 0.964956 0.859023 0.958698 0.870301 0.957447 0.879699 0.953692 0.909774 0.951189 0.930451 0.946183 0.93985 0.93617 0.93985 0.927409 0.951128 0.9199000000000002 0.9736839999999999 0.9111390000000001 0.9830830000000002 0.909887 0.9887219999999999 0.906133 0.9981199999999999 0.9048810000000002 0.9981199999999999 0.8898619999999999 0.9887219999999999 0.8898619999999999 0.930451 0.9123900000000001 0.919173 0.922403 0.919173 0.931164 0.915414 0.934919 0.87406 0.939925 0.864662 0.94368 0.847744 0.946183 0.836466 0.952441 0.828947 0.952441 0.81391 0.958698 0.787594 0.958698 0.770677 0.962453 0.74812 0.962453 0.721805 0.952441 0.663534 0.952441 0.633459 0.971214 0.612782 0.978723 0.571429 0.986233 0.528195 0.987484 0.518797 0.984981 0.49060200000000004 0.984981 0.464286 0.978723 0.449248 0.977472 0.402256 0.978723 0.349624 0.967459 0.270677 0.968711 0.25 0.967459 0.24248099999999997 0.964956 0.223684 0.964956 0.18985 0.953692 0.184211 0.949937 0.180451 0.942428 0.169173 0.937422 0.12782 0.938673 0.073308 0.931164 0.056391 0.9211510000000002 0.052632 0.9111390000000001 0.045113 0.9048810000000002 0.024436 0.897372 0.009398 0.8861080000000001
2 0.434211 0.042553 0.43609 0.048811 0.447368 0.05506900000000001 0.468045 0.057572 0.49060200000000004 0.065081 0.511278 0.066333 0.573308 0.065081 0.601504 0.05506900000000001 0.610902 0.046308 0.609023 0.04005 0.603383 0.037547 0.595865 0.037547 0.567669 0.051314 0.556391 0.052566 0.49624099999999993 0.051314 0.475564 0.043805 0.458647 0.042553 0.447368 0.037547 0.43797 0.038798