7 0.719008 0 0.677686 0 0.659091 0.004405 0.512397 0.006608 0.285124 0.004405 0.280992 0.013216 0.285124 0.017621 0.322314 0.015419 0.35124 0.019824 0.607438 0.017621 0.714876 0.013216 0.719008 0.008811
7 0.254132 0.10132200000000001 0.258264 0.110132 0.36157 0.110132 0.390496 0.112335 0.402893 0.11674 0.448347 0.118943 0.677686 0.11674 0.700413 0.112335 0.733471 0.112335 0.741736 0.105727 0.7376030000000001 0.096916 0.673554 0.103524 0.452479 0.105727 0.378099 0.10132200000000001 0.365702 0.096916 0.258264 0.096916
7 0.756198 0.544053 0.719008 0.54185 0.700413 0.550661 0.681818 0.568282 0.669421 0.6013220000000001 0.663223 0.6079300000000001 0.64876 0.674009 0.632231 0.852423 0.613636 0.944934 0.613636 0.95815 0.617769 0.962555 0.626033 0.960352 0.632231 0.903084 0.642562 0.870044 0.644628 0.837004 0.650826 0.806167 0.650826 0.773128 0.657025 0.742291 0.659091 0.69163 0.669421 0.645374 0.669421 0.6321589999999999 0.690083 0.579295 0.704545 0.563877 0.727273 0.555066 0.752066 0.557269 0.77686 0.577093 0.795455 0.599119 0.82438 0.647577 0.869835 0.762115 0.876033 0.792952 0.886364 0.8193830000000001 0.88843 0.84141 0.894628 0.854626 0.902893 0.903084 0.909091 0.9163 0.919421 0.914097 0.919421 0.903084 0.911157 0.8678410000000001 0.907025 0.8612330000000001 0.907025 0.8502199999999999 0.900826 0.837004 0.89876 0.814978 0.88843 0.788546 0.882231 0.757709 0.873967 0.731278 0.86157 0.709251 0.853306 0.6806169999999999 0.838843 0.651982 0.838843 0.645374 0.78719 0.566079
7 0.857438 0.513216 0.840909 0.526432 0.834711 0.54185 0.838843 0.605727 0.845041 0.625551 0.85124 0.676211 0.863636 0.726872 0.873967 0.748899 0.886364 0.790749 0.896694 0.848018 0.913223 0.905286 0.911157 0.914097 0.919421 0.918502 0.923554 0.914097 0.923554 0.8920699999999999 0.911157 0.852423 0.911157 0.84141 0.894628 0.777533 0.894628 0.76652 0.88843 0.757709 0.88843 0.748899 0.876033 0.722467 0.863636 0.671806 0.857438 0.621145 0.85124 0.6013220000000001 0.85124 0.581498 0.847107 0.568282 0.849174 0.539648 0.857438 0.528634 0.871901 0.530837 0.871901 0.522026 0.863636 0.513216
7 0.466942 0.557269 0.440083 0.572687 0.413223 0.6079300000000001 0.394628 0.676211 0.38843 0.7290749999999999 0.38843 0.8436119999999999 0.384298 0.88326 0.384298 0.938326 0.38843 0.951542 0.38843 0.969163 0.392562 0.973568 0.400826 0.971366 0.400826 0.947137 0.396694 0.933921 0.396694 0.887665 0.400826 0.848018 0.400826 0.7356829999999999 0.407025 0.6806169999999999 0.413223 0.665198 0.413223 0.654185 0.421488 0.623348 0.444215 0.585903 0.471074 0.570485 0.497934 0.566079 0.514463 0.572687 0.533058 0.590308 0.549587 0.640969 0.549587 0.654185 0.5537189999999999 0.662996 0.56405 0.7290749999999999 0.56405 0.786344 0.578512 0.944934 0.582645 0.95815 0.582645 0.975771 0.592975 0.977974 0.595041 0.953744 0.590909 0.940529 0.590909 0.922907 0.586777 0.914097 0.586777 0.881057 0.580579 0.845815 0.572314 0.693833 0.561983 0.6497800000000001 0.561983 0.636564 0.545455 0.5837 0.514463 0.557269
7 0.262397 0.537445 0.227273 0.537445 0.208678 0.548458 0.196281 0.561674 0.177686 0.612335 0.150826 0.762115 0.150826 0.786344 0.144628 0.825991 0.144628 0.8612330000000001 0.13843 0.909692 0.13843 0.953744 0.142562 0.95815 0.14876 0.955947 0.154959 0.8502199999999999 0.161157 0.810573 0.161157 0.779736 0.167355 0.7533039999999999 0.167355 0.7356829999999999 0.173554 0.720264 0.173554 0.700441 0.183884 0.640969 0.198347 0.590308 0.208678 0.566079 0.231405 0.550661 0.243802 0.548458 0.260331 0.552863 0.270661 0.563877 0.280992 0.590308 0.280992 0.603524 0.293388 0.6387669999999999 0.293388 0.768722 0.28719 0.799559 0.28719 0.828194 0.278926 0.881057 0.27686 0.953744 0.272727 0.95815 0.27686 0.96696 0.285124 0.96696 0.289256 0.95815 0.291322 0.885463 0.299587 0.832599 0.299587 0.803965 0.305785 0.77533 0.305785 0.6321589999999999 0.293388 0.599119 0.293388 0.585903 0.280992 0.555066
7 0.128099 0.506608 0.119835 0.511013 0.117769 0.519824 0.121901 0.524229 0.13843 0.524229 0.144628 0.530837 0.150826 0.559471 0.150826 0.610132 0.144628 0.660793 0.13843 0.6806169999999999 0.132231 0.7533039999999999 0.105372 0.870044 0.105372 0.896476 0.099174 0.940529 0.105372 0.953744 0.11363600000000001 0.949339 0.117769 0.876652 0.123967 0.839207 0.142562 0.76652 0.14876 0.700441 0.161157 0.636564 0.161157 0.544053 0.157025 0.524229 0.146694 0.513216
1 0.997934 0.8436119999999999 0.993802 0.8436119999999999 0.981405 0.863436 0.97314 0.870044 0.954545 0.876652 0.917355 0.876652 0.913223 0.885463 0.923554 0.8920699999999999 0.960744 0.889868 0.981405 0.881057 0.997934 0.863436
1 0.921488 0.927313 0.911157 0.914097 0.907025 0.914097 0.902893 0.918502 0.907025 0.929515 0.882231 0.938326 0.85124 0.938326 0.822314 0.929515 0.801653 0.929515 0.791322 0.938326 0.791322 0.953744 0.785124 0.964758 0.75 0.975771 0.690083 0.977974 0.659091 0.973568 0.644628 0.969163 0.634298 0.953744 0.626033 0.95815 0.626033 0.964758 0.636364 0.980176 0.654959 0.986784 0.68595 0.991189 0.754132 0.988987 0.791322 0.977974 0.801653 0.964758 0.805785 0.942731 0.818182 0.942731 0.847107 0.951542 0.886364 0.951542 0.913223 0.942731 0.921488 0.933921
1 0.394628 0.96696 0.39876 0.975771 0.411157 0.975771 0.423554 0.95815 0.42562 0.940529 0.438017 0.938326 0.450413 0.944934 0.450413 0.960352 0.466942 0.975771 0.497934 0.980176 0.578512 0.977974 0.586777 0.971366 0.586777 0.962555 0.580579 0.95815 0.57438 0.95815 0.568182 0.964758 0.5537189999999999 0.96696 0.493802 0.96696 0.471074 0.962555 0.46281 0.955947 0.460744 0.936123 0.454545 0.929515 0.442149 0.92511 0.421488 0.92511 0.413223 0.936123 0.409091 0.95815
1 0.27686 0.940529 0.268595 0.931718 0.247934 0.931718 0.227273 0.942731 0.177686 0.953744 0.13843 0.951542 0.134298 0.960352 0.13843 0.964758 0.192149 0.964758 0.231405 0.955947 0.252066 0.944934 0.262397 0.944934 0.264463 0.947137 0.260331 0.955947 0.266529 0.962555 0.274793 0.962555 0.278926 0.95815
1 0 0.8193830000000001 0 0.837004 0.012397 0.854626 0.028926 0.863436 0.066116 0.870044 0.070248 0.874449 0.070248 0.9163 0.078512 0.938326 0.097107 0.95815 0.109504 0.95815 0.11157 0.949339 0.088843 0.929515 0.084711 0.918502 0.084711 0.874449 0.07438 0.856828 0.041322 0.852423 0.020661 0.8436119999999999 0.004132 0.8193830000000001