0 0.636816 0.053333 0.615257 0.047407 0.610282 0.05037 0.603648 0.048889 0.595357 0.042963 0.585406 0.042963 0.575456 0.048889 0.565506 0.045926 0.553897 0.045926 0.547264 0.051852 0.538972 0.05037 0.512438 0.063704 0.487562 0.084444 0.4776119999999999 0.097778 0.4776119999999999 0.105185 0.505804 0.158519 0.509121 0.171852 0.507463 0.188148 0.643449 0.188148 0.638474 0.183704 0.640133 0.11703700000000002 0.650083 0.096296 0.650083 0.072593 0.645108 0.060740999999999996
5 0.44112799999999996 0.007407000000000001 0.432836 0.014815 0.429519 0.031111000000000003 0.424544 0.04 0.4262020000000001 0.053333 0.414594 0.068148 0.414594 0.074074 0.419569 0.077037 0.427861 0.077037 0.429519 0.06963 0.43449400000000005 0.066667 0.44941999999999993 0.066667 0.462687 0.071111 0.474295 0.087407 0.47595400000000004 0.099259 0.485904 0.084444 0.515755 0.060740999999999996 0.4776119999999999 0.025185 0.451078 0.008889
4 0.0033170000000000005 0.8237039999999999 0.008292 0.8355559999999999 0.00995 0.85037 0.013267 0.85037 0.018242 0.854815 0.0033170000000000005 0.8696300000000001 0.0033170000000000005 0.8755560000000001 0.00995 0.8874070000000001 0.0199 0.894815 0.023217 0.903704 0.041459 0.921481 0.06136 0.9244440000000002 0.064677 0.927407 0.066335 0.939259 0.072968 0.9451850000000002 0.076285 0.9451850000000002 0.092869 0.9570370000000001 0.109453 0.9555559999999998 0.11940299999999998 0.965926 0.126036 0.967407 0.13267 0.974815 0.162521 0.988148 0.189055 0.991111 0.199005 0.982222 0.215589 0.986667 0.225539 0.986667 0.23714800000000003 0.982222 0.250415 0.997037 0.278607 0.9955560000000001 0.283582 0.9985189999999999 0.323383 0.9985189999999999 0.330017 0.980741 0.344942 0.967407 0.351575 0.967407 0.361526 0.979259 0.374793 0.979259 0.38806 0.974815 0.394693 0.976296 0.401327 0.986667 0.414594 0.986667 0.432836 0.997037 0.442786 0.997037 0.46600300000000006 0.985185 0.482587 0.9837040000000001 0.49253700000000006 0.9777780000000001 0.49253700000000006 0.9629630000000001 0.489221 0.9570370000000001 0.485904 0.891852 0.4776119999999999 0.84 0.484245 0.8311110000000002 0.49751199999999995 0.8296299999999999 0.505804 0.825185 0.515755 0.825185 0.527363 0.8355559999999999 0.55058 0.84 0.568823 0.84 0.575456 0.8370370000000001 0.578773 0.8311110000000002 0.59204 0.826667 0.598673 0.826667 0.610282 0.8370370000000001 0.633499 0.8311110000000002 0.633499 0.841481 0.636816 0.845926 0.674959 0.848889 0.686567 0.862222 0.688226 0.874074 0.684909 0.888889 0.684909 0.9081480000000001 0.679934 0.9229629999999999 0.684909 0.931852 0.684909 0.9437039999999999 0.699834 0.958519 0.721393 0.9629630000000001 0.72471 0.9688890000000001 0.729685 0.9718520000000002 0.751244 0.973333 0.761194 0.9688890000000001 0.767828 0.961481 0.779436 0.961481 0.794362 0.954074 0.812604 0.954074 0.817579 0.958519 0.825871 0.9837040000000001 0.834163 0.986667 0.842454 0.986667 0.85738 0.979259 0.872305 0.9777780000000001 0.885572 0.97037 0.893864 0.96 0.9038140000000001 0.96 0.913765 0.964444 0.91874 0.9629630000000001 0.925373 0.9570370000000001 0.9402990000000001 0.952593 0.9436149999999999 0.940741 0.9502489999999999 0.9362960000000001 0.9568820000000001 0.9362960000000001 0.9635159999999999 0.940741 0.975124 0.9377779999999999 0.976783 0.933333 0.973466 0.9229629999999999 0.985075 0.9170369999999999 0.986733 0.90963 0.9966830000000001 0.8962959999999999 0.998342 0.888889 0.998342 0.868148 0.953566 0.838519 0.923715 0.813333 0.9170810000000001 0.8044440000000002 0.91874 0.7940740000000001 0.932007 0.7851849999999999 0.933665 0.777778 0.922056 0.765926 0.87728 0.702222 0.839138 0.635556 0.797678 0.548148 0.794362 0.534815 0.777778 0.49777800000000005 0.766169 0.451852 0.766169 0.445926 0.772803 0.43851899999999994 0.772803 0.432593 0.751244 0.383704 0.751244 0.364444 0.737977 0.336296 0.739635 0.30963 0.726368 0.291852 0.716418 0.282963 0.691542 0.24888900000000003 0.691542 0.232593 0.686567 0.228148 0.681592 0.216296 0.6733 0.213333 0.668325 0.217778 0.661692 0.217778 0.646766 0.201481 0.643449 0.18963 0.505804 0.18963 0.504146 0.19703700000000002 0.4941960000000001 0.20592599999999997 0.46600300000000006 0.22074099999999997 0.44941999999999993 0.226667 0.43449400000000005 0.237037 0.43449400000000005 0.244444 0.44112799999999996 0.251852 0.442786 0.259259 0.358209 0.345185 0.358209 0.351111 0.366501 0.358519 0.366501 0.362963 0.320066 0.425185 0.320066 0.42963 0.331675 0.435556 0.330017 0.441481 0.308458 0.475556 0.295191 0.49185200000000007 0.288557 0.506667 0.268657 0.536296 0.222222 0.591111 0.180763 0.626667 0.167496 0.644444 0.145937 0.666667 0.036484 0.757037 0.033167 0.768889 0.036484 0.774815 0.044776 0.780741 0.046434 0.786667 0.056385 0.792593 0.056385 0.798519 0.031509 0.8103700000000001 0.00995 0.816296 0.640133 0.182222 0.640133 0.183704 0.641791 0.185185 0.641791 0.186667 0.641791 0.185185 0.640133 0.183704
1 0.600332 0.19703700000000002 0.597015 0.19407399999999997 0.578773 0.195556 0.55058 0.216296 0.55058 0.226667 0.553897 0.232593 0.572139 0.24592600000000003 0.570481 0.257778 0.558872 0.268148 0.548922 0.272593 0.510779 0.274074 0.499171 0.277037 0.490879 0.282963 0.489221 0.302222 0.499171 0.317037 0.4941960000000001 0.327407 0.482587 0.331852 0.47595400000000004 0.337778 0.456053 0.343704 0.446103 0.351111 0.41791 0.355556 0.406302 0.351111 0.399668 0.351111 0.396352 0.348148 0.369818 0.339259 0.359867 0.339259 0.354892 0.343704 0.354892 0.354074 0.359867 0.358519 0.374793 0.357037 0.38806 0.364444 0.396352 0.364444 0.401327 0.367407 0.432836 0.368889 0.43946899999999994 0.365926 0.454395 0.364444 0.46600300000000006 0.357037 0.482587 0.352593 0.4941960000000001 0.343704 0.505804 0.339259 0.515755 0.325926 0.515755 0.30963 0.504146 0.293333 0.507463 0.29037 0.514096 0.29037 0.519071 0.287407 0.560531 0.285926 0.583748 0.268148 0.587065 0.257778 0.587065 0.237037 0.580431 0.23111100000000004 0.572139 0.228148 0.568823 0.222222 0.580431 0.211852 0.598673 0.207407
1 0.59204 0.19703700000000002 0.587065 0.201481 0.587065 0.207407 0.595357 0.213333 0.61194 0.216296 0.618574 0.222222 0.615257 0.228148 0.600332 0.24 0.600332 0.256296 0.608624 0.263704 0.608624 0.266667 0.620232 0.277037 0.625207 0.278519 0.621891 0.281481 0.621891 0.287407 0.625207 0.29037 0.635158 0.29037 0.646766 0.296296 0.656716 0.297778 0.668325 0.305185 0.666667 0.314074 0.661692 0.321481 0.661692 0.327407 0.671642 0.337778 0.679934 0.342222 0.699834 0.346667 0.704809 0.351111 0.728027 0.357037 0.73466 0.364444 0.747927 0.364444 0.749585 0.351111 0.74461 0.346667 0.71476 0.337778 0.704809 0.331852 0.686567 0.327407 0.681592 0.322963 0.68325 0.296296 0.66335 0.282963 0.655058 0.281481 0.646766 0.271111 0.635158 0.263704 0.630182 0.263704 0.615257 0.24888900000000003 0.630182 0.237037 0.630182 0.232593 0.635158 0.228148 0.635158 0.213333 0.620232 0.201481
1 0.593698 0.29037 0.572139 0.271111 0.563847 0.271111 0.558872 0.275556 0.558872 0.281481 0.577114 0.296296 0.583748 0.314074 0.575456 0.331852 0.558872 0.352593 0.53068 0.37037 0.487562 0.371852 0.442786 0.41185199999999994 0.414594 0.42963 0.39801 0.426667 0.374793 0.413333 0.359867 0.413333 0.348259 0.4177779999999999 0.339967 0.4177779999999999 0.331675 0.422222 0.321725 0.4207409999999999 0.31675 0.425185 0.31675 0.432593 0.320066 0.435556 0.341625 0.435556 0.351575 0.431111 0.368159 0.428148 0.389718 0.441481 0.419569 0.444444 0.44941999999999993 0.425185 0.452736 0.425185 0.49751199999999995 0.38518499999999994 0.538972 0.383704 0.552239 0.377778 0.580431 0.354074 0.585406 0.343704 0.593698 0.336296 0.593698 0.33037 0.598673 0.324444 0.598673 0.300741
1 0.588723 0.328889 0.588723 0.334815 0.595357 0.339259 0.620232 0.367407 0.645108 0.38222199999999995 0.655058 0.383704 0.669983 0.39111100000000004 0.693201 0.39111100000000004 0.704809 0.402963 0.704809 0.407407 0.728027 0.428148 0.761194 0.445926 0.772803 0.444444 0.772803 0.434074 0.73466 0.413333 0.719735 0.39851900000000007 0.719735 0.39407400000000004 0.704809 0.377778 0.679934 0.377778 0.6733 0.373333 0.655058 0.368889 0.631841 0.355556 0.618574 0.339259 0.60199 0.324444 0.593698 0.324444
1 0.563847 0.37037 0.558872 0.374815 0.558872 0.380741 0.563847 0.386667 0.583748 0.4 0.603648 0.407407 0.61194 0.41481499999999993 0.613599 0.422222 0.620232 0.431111 0.656716 0.43851899999999994 0.693201 0.460741 0.698176 0.466667 0.698176 0.49777800000000005 0.655058 0.536296 0.651741 0.545185 0.651741 0.558519 0.658375 0.564444 0.668325 0.565926 0.704809 0.582222 0.709784 0.588148 0.704809 0.598519 0.658375 0.634074 0.643449 0.648889 0.636816 0.662222 0.636816 0.675556 0.640133 0.681481 0.651741 0.688889 0.689884 0.688889 0.703151 0.700741 0.713101 0.703704 0.731343 0.703704 0.73466 0.706667 0.746269 0.708148 0.787728 0.73037 0.802653 0.743704 0.800995 0.752593 0.761194 0.7644439999999999 0.681592 0.8029629999999999 0.6733 0.8103700000000001 0.668325 0.819259 0.668325 0.825185 0.665008 0.8296299999999999 0.666667 0.848889 0.679934 0.8577780000000002 0.739635 0.8577780000000002 0.747927 0.854815 0.78607 0.8518520000000002 0.80597 0.845926 0.820896 0.845926 0.839138 0.84 0.854063 0.838519 0.9087890000000001 0.8177779999999999 0.932007 0.798519 0.936982 0.7911109999999999 0.936982 0.780741 0.933665 0.777778 0.91874 0.7762959999999999 0.913765 0.780741 0.913765 0.786667 0.9170810000000001 0.78963 0.902156 0.8029629999999999 0.84743 0.8237039999999999 0.832504 0.825185 0.81592 0.8311110000000002 0.79602 0.832593 0.767828 0.838519 0.742952 0.84 0.72471 0.844444 0.689884 0.844444 0.681592 0.84 0.684909 0.822222 0.689884 0.8177779999999999 0.769486 0.777778 0.776119 0.777778 0.817579 0.762963 0.824212 0.757037 0.824212 0.746667 0.819237 0.742222 0.817579 0.734815 0.802653 0.721481 0.774461 0.703704 0.752902 0.693333 0.713101 0.687407 0.711443 0.677037 0.708126 0.674074 0.660033 0.675556 0.655058 0.672593 0.6534 0.668148 0.660033 0.654815 0.693201 0.626667 0.708126 0.617778 0.72471 0.598519 0.723051 0.576296 0.71476 0.568889 0.698176 0.562963 0.693201 0.558519 0.68325 0.557037 0.669983 0.54963 0.669983 0.545185 0.713101 0.506667 0.713101 0.457778 0.703151 0.447407 0.684909 0.43851899999999994 0.669983 0.426667 0.631841 0.4177779999999999 0.620232 0.39851900000000007 0.587065 0.383704 0.570481 0.37037
1 0.600332 0.3925930000000001 0.597015 0.38963 0.590381 0.38963 0.580431 0.4 0.573798 0.413333 0.55058 0.42963 0.54063 0.42963 0.502488 0.44 0.49253700000000006 0.444444 0.484245 0.454815 0.484245 0.466667 0.499171 0.48148099999999994 0.512438 0.4888890000000001 0.522388 0.49037000000000003 0.532338 0.499259 0.537313 0.500741 0.547264 0.511111 0.552239 0.524444 0.547264 0.548148 0.538972 0.554074 0.49253700000000006 0.564444 0.470978 0.564444 0.43946899999999994 0.57037 0.412935 0.583704 0.391376 0.601481 0.391376 0.613333 0.406302 0.62963 0.43449400000000005 0.644444 0.442786 0.644444 0.447761 0.648889 0.457711 0.65037 0.47263700000000003 0.662222 0.480929 0.672593 0.47927 0.688889 0.46931999999999996 0.697778 0.432836 0.708148 0.378109 0.712593 0.353234 0.717037 0.328358 0.737778 0.31675 0.754074 0.31675 0.768889 0.331675 0.7822220000000001 0.338308 0.7851849999999999 0.373134 0.7911109999999999 0.44112799999999996 0.813333 0.451078 0.819259 0.442786 0.8311110000000002 0.427861 0.838519 0.404643 0.844444 0.393035 0.844444 0.369818 0.85037 0.331675 0.85037 0.308458 0.84 0.288557 0.825185 0.276949 0.822222 0.24875599999999998 0.8088889999999999 0.23383099999999998 0.805926 0.22388100000000002 0.798519 0.208955 0.7940740000000001 0.192371 0.7940740000000001 0.18408 0.801481 0.18408 0.8103700000000001 0.189055 0.8237039999999999 0.202322 0.838519 0.172471 0.838519 0.137645 0.822222 0.094527 0.8103700000000001 0.079602 0.801481 0.048093 0.7674070000000001 0.048093 0.76 0.044776 0.757037 0.038143 0.757037 0.033167 0.7614810000000001 0.033167 0.774815 0.049751 0.795556 0.069652 0.8148150000000001 0.08126 0.819259 0.087894 0.825185 0.104478 0.8311110000000002 0.12437799999999999 0.834074 0.165837 0.853333 0.21393000000000004 0.854815 0.22056399999999998 0.848889 0.22056399999999998 0.8370370000000001 0.21724700000000002 0.834074 0.215589 0.826667 0.205638 0.816296 0.205638 0.8103700000000001 0.21890499999999996 0.8148150000000001 0.22719700000000004 0.820741 0.240464 0.822222 0.283582 0.841481 0.301824 0.854815 0.325041 0.865185 0.376451 0.865185 0.379768 0.862222 0.429519 0.854815 0.44941999999999993 0.845926 0.46600300000000006 0.8296299999999999 0.46600300000000006 0.8088889999999999 0.461028 0.8044440000000002 0.427861 0.7911109999999999 0.411277 0.7881480000000001 0.378109 0.7762959999999999 0.344942 0.7703699999999999 0.333333 0.7614810000000001 0.333333 0.7585190000000002 0.341625 0.748148 0.363184 0.73037 0.393035 0.725926 0.432836 0.724444 0.451078 0.72 0.454395 0.717037 0.461028 0.717037 0.47927 0.711111 0.49585399999999996 0.694815 0.49585399999999996 0.663704 0.484245 0.65037 0.46931999999999996 0.638519 0.461028 0.637037 0.451078 0.631111 0.44112799999999996 0.62963 0.419569 0.619259 0.409619 0.61037 0.409619 0.607407 0.421227 0.597037 0.427861 0.595556 0.447761 0.583704 0.47595400000000004 0.580741 0.484245 0.577778 0.514096 0.576296 0.525705 0.573333 0.529022 0.57037 0.545605 0.568889 0.560531 0.558519 0.567164 0.540741 0.567164 0.515556 0.563847 0.503704 0.55058 0.49037000000000003 0.535655 0.48 0.52073 0.475556 0.502488 0.4622220000000001 0.502488 0.459259 0.524046 0.448889 0.560531 0.442963 0.58209 0.428148 0.590381 0.419259 0.600332 0.402963
1 0 0.822222 0.001658 0.84 0.013267 0.856296 0.0033170000000000005 0.874074 0.0033170000000000005 0.882963 0.011609 0.8962959999999999 0.028192000000000002 0.914074 0.058043000000000004 0.939259 0.064677 0.940741 0.092869 0.9570370000000001 0.106136 0.961481 0.144279 0.985185 0.177446 0.994074 0.23714800000000003 0.991111 0.24875599999999998 0.9985189999999999 0.334992 0.9985189999999999 0.339967 0.994074 0.339967 0.9896300000000001 0.344942 0.9837040000000001 0.358209 0.976296 0.393035 0.980741 0.414594 0.992593 0.427861 0.994074 0.431177 0.997037 0.456053 0.997037 0.45937 0.994074 0.474295 0.991111 0.487562 0.985185 0.49585399999999996 0.9777780000000001 0.49585399999999996 0.912593 0.490879 0.900741 0.485904 0.865185 0.487562 0.8355559999999999 0.4941960000000001 0.8311110000000002 0.507463 0.8311110000000002 0.524046 0.84 0.543947 0.844444 0.583748 0.844444 0.597015 0.838519 0.613599 0.8355559999999999 0.626866 0.844444 0.643449 0.848889 0.646766 0.8518520000000002 0.669983 0.854815 0.674959 0.860741 0.6733 0.918519 0.676617 0.946667 0.688226 0.961481 0.701493 0.965926 0.709784 0.9718520000000002 0.718076 0.9718520000000002 0.733002 0.976296 0.766169 0.976296 0.81592 0.961481 0.827529 0.97037 0.825871 0.980741 0.832504 0.988148 0.8524050000000001 0.988148 0.85738 0.985185 0.8689880000000001 0.985185 0.87728 0.979259 0.8905469999999999 0.974815 0.902156 0.965926 0.9386399999999999 0.9629630000000001 0.951907 0.952593 0.951907 0.946667 0.960199 0.940741 0.971808 0.940741 0.981758 0.9348149999999998 0.9834159999999998 0.925926 0.9933670000000001 0.912593 0.998342 0.891852 0.998342 0.865185 0.988391 0.872593 0.986733 0.88 0.981758 0.885926 0.976783 0.906667 0.965174 0.925926 0.9452740000000001 0.9303700000000001 0.9386399999999999 0.9362960000000001 0.936982 0.9437039999999999 0.932007 0.948148 0.922056 0.9511110000000002 0.8988389999999999 0.9511110000000002 0.8888890000000002 0.954074 0.8623549999999999 0.97037 0.84743 0.9718520000000002 0.844113 0.9629630000000001 0.824212 0.946667 0.807629 0.946667 0.759536 0.961481 0.742952 0.9629630000000001 0.726368 0.9570370000000001 0.716418 0.9570370000000001 0.696517 0.946667 0.696517 0.942222 0.689884 0.931852 0.688226 0.9111109999999999 0.689884 0.853333 0.676617 0.84 0.648425 0.8355559999999999 0.615257 0.819259 0.605307 0.819259 0.572139 0.8311110000000002 0.557214 0.8311110000000002 0.532338 0.825185 0.517413 0.8177779999999999 0.484245 0.8177779999999999 0.470978 0.828148 0.46931999999999996 0.84 0.470978 0.8844439999999999 0.474295 0.891852 0.47595400000000004 0.912593 0.480929 0.9229629999999999 0.47927 0.97037 0.44941999999999993 0.982222 0.43781100000000006 0.982222 0.419569 0.9777780000000001 0.412935 0.9718520000000002 0.391376 0.964444 0.353234 0.961481 0.338308 0.967407 0.318408 0.988148 0.278607 0.9896300000000001 0.25539 0.9837040000000001 0.24709800000000004 0.9777780000000001 0.21890499999999996 0.976296 0.185738 0.980741 0.180763 0.9777780000000001 0.167496 0.976296 0.159204 0.9718520000000002 0.154229 0.9718520000000002 0.11276900000000001 0.946667 0.067993 0.925926 0.043118 0.905185 0.021559 0.88 0.023217 0.871111 0.031509 0.860741 0.031509 0.8518520000000002 0.018242 0.834074 0.016584 0.819259 0.013267 0.816296 0.006633 0.816296
2 0.6534 0.05777800000000001 0.643449 0.05037 0.638474 0.05037 0.625207 0.042963 0.616915 0.042963 0.598673 0.037037 0.562189 0.038519 0.517413 0.051852 0.512438 0.056296 0.502488 0.059259 0.474295 0.08 0.46766199999999997 0.088889 0.46766199999999997 0.096296 0.470978 0.099259 0.480929 0.099259 0.4941960000000001 0.084444 0.512438 0.072593 0.519071 0.071111 0.527363 0.065185 0.543947 0.062222000000000006 0.572139 0.051852 0.588723 0.05037 0.606965 0.05481500000000001 0.610282 0.05777800000000001 0.618574 0.05777800000000001 0.628524 0.063704 0.633499 0.063704 0.641791 0.071111 0.650083 0.071111 0.6534 0.068148
6 0.515755 0.056296 0.504146 0.056296 0.470978 0.087407 0.470978 0.093333 0.47595400000000004 0.097778 0.485904 0.097778 0.489221 0.091852 0.512438 0.071111 0.519071 0.068148 0.519071 0.059259