0 0.25 0.019108 0.24375 0.033121 0.221875 0.03949 0.20625 0.03949 0.20625 0.043312 0.215625 0.05095500000000001 0.234375 0.058599 0.234375 0.06879 0.24375 0.070064 0.25 0.073885 0.25 0.09172 0.265625 0.095541 0.26875 0.10828000000000002 0.284375 0.110828 0.296875 0.12484100000000001 0.309375 0.128662 0.325 0.128662 0.33125 0.13121 0.328125 0.133758 0.35 0.141401 0.34375 0.143949 0.353125 0.173248 0.365625 0.185987 0.375 0.205096 0.384375 0.21273900000000004 0.384375 0.247134 0.390625 0.24968200000000002 0.446875 0.24968200000000002 0.4625 0.247134 0.7 0.24968200000000002 0.7 0.23949 0.69375 0.235669 0.7 0.226752 0.696875 0.21783399999999997 0.70625 0.210191 0.7125 0.196178 0.71875 0.192357 0.71875 0.185987 0.728125 0.17707 0.74375 0.140127 0.765625 0.129936 0.775 0.13121 0.784375 0.127389 0.79375 0.117197 0.81875 0.109554 0.83125 0.09044599999999998 0.840625 0.08535 0.840625 0.075159 0.853125 0.071338 0.853125 0.05732500000000001 0.846875 0.056051 0.875 0.053503 0.88125 0.04840799999999999 0.88125 0.03949 0.871875 0.03949 0.846875 0.033121 0.840625 0.029299 0.840625 0.021656 0.834375 0.019108 0.790625 0.014013 0.759375 0.014013 0.725 0.020382 0.70625 0.020382 0.675 0.031847 0.540625 0.031847 0.525 0.034395 0.490625 0.034395 0.478125 0.031847 0.453125 0.033121 0.446875 0.030573 0.40625 0.033121 0.36875 0.021656 0.325 0.014013 0.284375 0.014013
4 0.384375 0.24840800000000002 0.359375 0.271338 0.359375 0.280255 0.34375 0.29172 0.34375 0.298089 0.33125 0.309554 0.328125 0.321019 0.3125 0.34140100000000007 0.3125 0.350318 0.303125 0.35796200000000006 0.303125 0.366879 0.29375 0.378344 0.290625 0.405096 0.28125 0.428025 0.28125 0.448408 0.275 0.456051 0.253125 0.540127 0.253125 0.582166 0.240625 0.6 0.228125 0.667516 0.23125 0.6777070000000001 0.225 0.681529 0.228125 0.6929939999999999 0.221875 0.698089 0.225 0.70828 0.21875 0.7146500000000001 0.221875 0.726115 0.203125 0.8165609999999999 0.1875 0.8242039999999999 0.165625 0.842038 0.15 0.863694 0.134375 0.876433 0.128125 0.894268 0.1125 0.903185 0.1125 0.922293 0.09375 0.9401270000000002 0.090625 0.9707010000000001 0.10625 0.975796 0.14375 0.979618 0.15625 0.978344 0.165625 0.974522 0.175 0.974522 0.184375 0.978344 0.190625 0.987261 0.225 0.997452 0.234375 0.997452 0.275 0.988535 0.290625 0.991083 0.309375 0.987261 0.3375 0.974522 0.346875 0.974522 0.375 0.989809 0.3875 0.989809 0.421875 0.996178 0.5 0.997452 0.515625 0.992357 0.515625 0.989809 0.525 0.985987 0.540625 0.987261 0.546875 0.984713 0.553125 0.984713 0.578125 0.996178 0.6625 0.996178 0.7 0.988535 0.7375 0.973248 0.746875 0.973248 0.784375 0.988535 0.83125 0.988535 0.846875 0.994904 0.859375 0.994904 0.878125 0.991083 0.896875 0.983439 0.90625 0.974522 0.921875 0.973248 0.9375 0.978344 0.98125 0.974522 0.99375 0.966879 0.99375 0.95414 0.984375 0.9426750000000002 0.971875 0.899363 0.9625 0.894268 0.965625 0.882803 0.953125 0.873885 0.928125 0.833121 0.909375 0.8216559999999999 0.896875 0.8063690000000001 0.884375 0.761783 0.8875 0.746497 0.88125 0.743949 0.875 0.70828 0.86875 0.700637 0.871875 0.681529 0.859375 0.666242 0.85625 0.6535029999999998 0.85625 0.621656 0.846875 0.610191 0.8375 0.580892 0.840625 0.563057 0.834375 0.552866 0.834375 0.541401 0.828125 0.538854 0.815625 0.498089 0.815625 0.471338 0.80625 0.46369400000000005 0.809375 0.44586 0.796875 0.434395 0.7875 0.374522 0.778125 0.366879 0.775 0.350318 0.765625 0.34140100000000007 0.765625 0.335032 0.75 0.322293 0.740625 0.301911 0.703125 0.259873 0.7 0.250955 0.55625 0.24840800000000002 0.4625 0.24840800000000002 0.446875 0.250955 0.390625 0.250955
7 0.378125 0.24586 0.38125 0.252229 0.390625 0.254777 0.521875 0.254777 0.53125 0.252229 0.6125 0.252229 0.621875 0.254777 0.703125 0.256051 0.7125 0.253503 0.7125 0.244586 0.703125 0.242038 0.6375 0.240764 0.628125 0.238217 0.390625 0.240764
7 0.9125 0.8140129999999999 0.903125 0.8114649999999999 0.88125 0.8114649999999999 0.84375 0.8165609999999999 0.775 0.817834 0.675 0.8242039999999999 0.465625 0.8229299999999999 0.390625 0.817834 0.240625 0.817834 0.196875 0.8127389999999999 0.1875 0.8152869999999999 0.184375 0.8216559999999999 0.203125 0.829299 0.21875 0.829299 0.23125 0.831847 0.38125 0.831847 0.45625 0.8369430000000001 0.684375 0.8382170000000001 0.721875 0.8369430000000001 0.75625 0.833121 0.825 0.831847 0.834375 0.829299 0.890625 0.8267519999999999 0.9125 0.8229299999999999
1 0.996875 0.964331 0.91875 0.965605 0.89375 0.9707010000000001 0.884375 0.97707 0.859375 0.984713 0.840625 0.984713 0.83125 0.982166 0.80625 0.980892 0.79375 0.978344 0.778125 0.9707010000000001 0.765625 0.968153 0.75 0.968153 0.725 0.973248 0.7125 0.978344 0.696875 0.979618 0.684375 0.984713 0.653125 0.987261 0.609375 0.987261 0.584375 0.984713 0.565625 0.979618 0.53125 0.979618 0.49375 0.987261 0.471875 0.987261 0.4625 0.989809 0.440625 0.989809 0.403125 0.984713 0.365625 0.9707010000000001 0.3375 0.9707010000000001 0.28125 0.984713 0.215625 0.984713 0.203125 0.973248 0.184375 0.965605 0.171875 0.965605 0.153125 0.9707010000000001 0.13125 0.9694270000000001 0.1125 0.965605 0.09375 0.965605 0.084375 0.968153 0.08125 0.974522 0.0875 0.978344 0.11875 0.983439 0.1625 0.984713 0.171875 0.982166 0.184375 0.993631 0.2 0.998726 0.29375 0.998726 0.30625 0.994904 0.334375 0.991083 0.35 0.984713 0.365625 0.992357 0.390625 0.998726 0.525 0.998726 0.540625 0.993631 0.553125 0.993631 0.56875 0.998726 0.69375 0.998726 0.721875 0.991083 0.73125 0.991083 0.746875 0.984713 0.75625 0.984713 0.775 0.991083 0.796875 0.994904 0.821875 0.996178 0.83125 0.998726 0.875 0.998726 0.89375 0.994904 0.915625 0.983439 0.93125 0.979618 0.996875 0.978344
2 0.39375 0.035669 0.396875 0.04203799999999999 0.40625 0.044586 0.446875 0.044586 0.5 0.040764 0.634375 0.04203799999999999 0.64375 0.044586 0.665625 0.044586 0.678125 0.03949 0.671875 0.031847 0.646875 0.028025 0.490625 0.026752 0.4375 0.030573 0.40625 0.030573
2 0.40625 0.033121 0.39375 0.038217 0.39375 0.058599 0.4 0.067516 0.4 0.078981 0.409375 0.089172 0.409375 0.112102 0.41875 0.121019 0.425 0.159236 0.43125 0.163057 0.434375 0.17707 0.44375 0.185987 0.44375 0.197452 0.453125 0.210191 0.453125 0.21783399999999997 0.459375 0.221656 0.459375 0.24586 0.465625 0.24968200000000002 0.484375 0.250955 0.496875 0.24586 0.49375 0.215287 0.4875 0.211465 0.48125 0.194904 0.475 0.189809 0.475 0.178344 0.459375 0.155414 0.45625 0.128662 0.45 0.12484100000000001 0.45 0.113376 0.44375 0.10828000000000002 0.44375 0.08535 0.434375 0.075159 0.428125 0.038217 0.421875 0.034395
2 0.684375 0.035669 0.671875 0.035669 0.659375 0.040764 0.65625 0.06242 0.64375 0.080255 0.64375 0.092994 0.6375 0.096815 0.6375 0.109554 0.625 0.122293 0.621875 0.147771 0.615625 0.16433099999999998 0.609375 0.168153 0.60625 0.194904 0.596875 0.205096 0.590625 0.229299 0.590625 0.244586 0.603125 0.24968200000000002 0.621875 0.247134 0.621875 0.236943 0.628125 0.23312100000000002 0.63125 0.210191 0.640625 0.19872599999999999 0.64375 0.173248 0.65625 0.151592 0.659375 0.126115 0.671875 0.113376 0.678125 0.08407599999999998 0.696875 0.047134 0.696875 0.040764
7 0.259375 0.021656 0.246875 0.026752 0.246875 0.038217 0.271875 0.056051 0.271875 0.071338 0.290625 0.081529 0.29375 0.09936299999999999 0.315625 0.117197 0.325 0.128662 0.328125 0.142675 0.34375 0.15414 0.34375 0.169427 0.359375 0.18216599999999997 0.359375 0.191083 0.36875 0.197452 0.371875 0.211465 0.384375 0.226752 0.38125 0.240764 0.3875 0.244586 0.403125 0.24586 0.41875 0.23949 0.41875 0.221656 0.409375 0.21401299999999998 0.403125 0.193631 0.39375 0.18471299999999996 0.39375 0.17707 0.378125 0.16560499999999997 0.378125 0.149045 0.3625 0.138854 0.35 0.112102 0.328125 0.095541 0.325 0.075159 0.303125 0.063694 0.303125 0.04840799999999999 0.278125 0.031847 0.278125 0.024203999999999996
7 0.2125 0.036943 0.203125 0.03949 0.2 0.047134 0.215625 0.063694 0.23125 0.070064 0.240625 0.077707 0.234375 0.081529 0.234375 0.095541 0.2625 0.11465000000000002 0.278125 0.119745 0.284375 0.127389 0.29375 0.129936 0.296875 0.13758 0.3125 0.146497 0.3125 0.151592 0.33125 0.166879 0.33125 0.170701 0.359375 0.188535 0.359375 0.194904 0.378125 0.211465 0.38125 0.230573 0.40625 0.23184700000000003 0.41875 0.225478 0.41875 0.219108 0.409375 0.21273900000000004 0.409375 0.202548 0.396875 0.193631 0.39375 0.18471299999999996 0.365625 0.16560499999999997 0.321875 0.121019 0.278125 0.098089 0.278125 0.094268 0.26875 0.09044599999999998 0.275 0.073885 0.259375 0.061146 0.240625 0.052229 0.23125 0.03949
7 0.8375 0.021656 0.828125 0.021656 0.815625 0.025478000000000004 0.778125 0.049682 0.76875 0.058599 0.7625 0.078981 0.7375 0.094268 0.7375 0.12484100000000001 0.71875 0.143949 0.7 0.173248 0.6875 0.18216599999999997 0.684375 0.205096 0.675 0.21401299999999998 0.671875 0.228025 0.65625 0.235669 0.659375 0.243312 0.671875 0.247134 0.6875 0.24586 0.70625 0.23312100000000002 0.709375 0.21783399999999997 0.71875 0.208917 0.721875 0.185987 0.7375 0.174522 0.753125 0.147771 0.771875 0.129936 0.771875 0.09936299999999999 0.796875 0.08407599999999998 0.80625 0.058599 0.85 0.030573 0.846875 0.024203999999999996
7 0.875 0.036943 0.85625 0.038217 0.834375 0.052229 0.834375 0.063694 0.821875 0.077707 0.803125 0.09172 0.771875 0.105732 0.76875 0.112102 0.740625 0.129936 0.734375 0.138854 0.703125 0.163057 0.7 0.174522 0.6875 0.18471299999999996 0.6875 0.193631 0.671875 0.22293 0.671875 0.23439499999999996 0.6625 0.240764 0.6625 0.24586 0.675 0.250955 0.690625 0.250955 0.7 0.24840800000000002 0.7 0.243312 0.70625 0.23949 0.7125 0.210191 0.721875 0.19872599999999999 0.721875 0.188535 0.734375 0.178344 0.734375 0.171975 0.746875 0.157962 0.759375 0.152866 0.765625 0.141401 0.796875 0.122293 0.803125 0.11465000000000002 0.8375 0.096815 0.85625 0.081529 0.86875 0.067516 0.86875 0.056051 0.884375 0.04840799999999999 0.884375 0.03949