0 0.15313200000000002 0.129032 0.160093 0.153846 0.164733 0.2134 0.183295 0.277916 0.194896 0.332506 0.194896 0.349876 0.213457 0.416873 0.213457 0.451613 0.204176 0.48139 0.201856 0.516129 0.197216 0.528536 0.201856 0.588089 0.208817 0.595533 0.215777 0.632754 0.236659 0.682382 0.238979 0.699752 0.257541 0.7568240000000002 0.262181 0.789082 0.259861 0.858561 0.24826 0.890819 0.213457 0.950372 0.213457 0.967742 0.243619 0.9727049999999999 0.25058 0.977667 0.273782 0.975186 0.292343 0.985112 0.320186 0.98263 0.334107 0.992556 0.36891 0.990074 0.38051 0.997519 0.406032 0.997519 0.417633 0.992556 0.426914 0.997519 0.473318 0.997519 0.477958 0.992556 0.484919 0.992556 0.489559 0.997519 0.538283 0.997519 0.545244 0.990074 0.554524 0.997519 0.566125 0.992556 0.575406 0.997519 0.62645 0.997519 0.62877 0.992556 0.647332 0.98263 0.672854 0.985112 0.679814 0.9801489999999999 0.7169370000000002 0.9801489999999999 0.7540599999999998 0.9727049999999999 0.763341 0.9627790000000002 0.7656609999999999 0.950372 0.733179 0.890819 0.7192579999999998 0.856079 0.714617 0.8312659999999998 0.714617 0.779156 0.726218 0.719603 0.7540599999999998 0.64268 0.7540599999999998 0.622829 0.767981 0.590571 0.772622 0.568238 0.777262 0.563275 0.779582 0.491315 0.772622 0.48139 0.7656609999999999 0.456576 0.777262 0.42928 0.777262 0.4193549999999999 0.786543 0.39206 0.7981440000000001 0.290323 0.812065 0.240695 0.812065 0.210918 0.816705 0.200993 0.816705 0.158809 0.823666 0.129032 0.777262 0.121588 0.742459 0.121588 0.707657 0.109181 0.679814 0.094293 0.649652 0.06203500000000001 0.633411 0.054591 0.62413 0.044665 0.61949 0.019851 0.6102090000000001 0.007443999999999999 0.593968 0.002481 0.589327 0.007443999999999999 0.575406 0.009926 0.542923 0 0.531323 0 0.517401 0.009926 0.484919 0.009926 0.4663570000000001 0.002481 0.424594 0.004963 0.417633 0 0.37819 0 0.36658899999999994 0.027295000000000003 0.36658899999999994 0.042184 0.357309 0.049628000000000005 0.33874699999999996 0.052108999999999996 0.327146 0.066998 0.327146 0.07196 0.310905 0.08933 0.266821 0.109181 0.234339 0.116625 0.227378 0.121588 0.215777 0.121588 0.206497 0.126551
5 0.8259859999999999 0.131514 0.819026 0.158809 0.819026 0.200993 0.814385 0.210918 0.814385 0.240695 0.800464 0.290323 0.788863 0.39206 0.779582 0.4193549999999999 0.779582 0.42928 0.767981 0.456576 0.767981 0.46402 0.781903 0.491315 0.779582 0.563275 0.774942 0.568238 0.774942 0.580645 0.7703020000000002 0.588089 0.786543 0.602978 0.814385 0.605459 0.830626 0.612903 0.863109 0.612903 0.87239 0.605459 0.888631 0.602978 0.916473 0.605459 0.937355 0.593052 0.9535959999999999 0.598015 0.976798 0.585608 0.976798 0.545906 0.99768 0.521092 0.99768 0.491315 0.967517 0.424318 0.955916 0.369727 0.944316 0.342432 0.930394 0.280397 0.909513 0.22332499999999997 0.87703 0.163772 0.856148 0.143921
5 0.15313200000000002 0.136476 0.136891 0.138958 0.116009 0.148883 0.092807 0.171216 0.081206 0.193548 0.07656600000000001 0.218362 0.062645 0.248139 0.044084 0.34739500000000006 0.030162 0.382134 0.027842 0.397022 0.023202 0.401985 0.020882 0.416873 0.016241 0.421836 0.00232 0.476427 0.00232 0.501241 0.018561 0.526055 0.030162 0.53598 0.030162 0.550868 0.023202 0.560794 0.020882 0.575682 0.025522 0.583127 0.069606 0.605459 0.090487 0.605459 0.09976800000000001 0.598015 0.12761 0.595533 0.146172 0.598015 0.150812 0.602978 0.167053 0.593052 0.194896 0.595533 0.19953600000000002 0.583127 0.194896 0.528536 0.19953600000000002 0.516129 0.201856 0.48139 0.211137 0.451613 0.211137 0.416873 0.192575 0.349876 0.192575 0.332506 0.180974 0.277916 0.162413 0.2134 0.157773 0.153846
2 0.37123 0.004963 0.37355 0.022333000000000002 0.417633 0.06203500000000001 0.457077 0.076923 0.48027800000000004 0.076923 0.4872389999999999 0.081886 0.542923 0.081886 0.561485 0.07196 0.575406 0.069479 0.603248 0.042184 0.617169 0.022333000000000002 0.617169 0.012407000000000001 0.6055679999999999 0.009926 0.587007 0.039702 0.568445 0.054591 0.533643 0.069479 0.50116 0.069479 0.4872389999999999 0.064516 0.4663570000000001 0.064516 0.452436 0.057072 0.436195 0.054591 0.396752 0.024814000000000003 0.3851510000000001 0.012407000000000001 0.3851510000000001 0.004963 0.38051 0
2 0.324826 0.069479 0.336427 0.094293 0.392111 0.138958 0.415313 0.143921 0.419954 0.148883 0.436195 0.148883 0.443155 0.153846 0.45939700000000006 0.156328 0.531323 0.153846 0.547564 0.148883 0.568445 0.148883 0.575406 0.143921 0.603248 0.138958 0.62877 0.124069 0.661253 0.086849 0.661253 0.074442 0.651972 0.069479 0.638051 0.091811 0.614849 0.116625 0.598608 0.124069 0.556845 0.136476 0.468677 0.143921 0.4315550000000001 0.136476 0.3851510000000001 0.116625 0.37355 0.10421799999999999 0.36891 0.10421799999999999 0.343387 0.076923 0.343387 0.07196 0.336427 0.064516 0.329466 0.064516
2 0.389791 0.119107 0.3851510000000001 0.119107 0.33874699999999996 0.18362299999999998 0.310905 0.240695 0.287703 0.277916 0.273782 0.315136 0.25522 0.349876 0.2529 0.362283 0.232019 0.397022 0.220418 0.42928 0.213457 0.436725 0.215777 0.44664999999999994 0.225058 0.44664999999999994 0.232019 0.439206 0.236659 0.4193549999999999 0.264501 0.3746900000000001 0.266821 0.362283 0.283063 0.332506 0.283063 0.325062 0.296984 0.300248 0.299304 0.287841 0.324826 0.24565800000000002 0.35266800000000004 0.188586 0.389791 0.138958
2 0.607889 0.131514 0.603248 0.141439 0.649652 0.220844 0.679814 0.322581 0.693735 0.354839 0.721578 0.394541 0.742459 0.44168700000000005 0.756381 0.444169 0.756381 0.43424300000000005 0.7378190000000001 0.401985 0.733179 0.38709699999999997 0.723898 0.377171 0.7053360000000001 0.344913 0.703016 0.332506 0.693735 0.320099 0.686775 0.287841 0.675174 0.263027 0.661253 0.210918 0.61949 0.138958 0.612529 0.131514
2 0.7656609999999999 0.449132 0.763341 0.436725 0.7471 0.431762 0.740139 0.424318 0.721578 0.416873 0.663573 0.416873 0.587007 0.444169 0.568445 0.44664999999999994 0.547564 0.459057 0.512761 0.471464 0.477958 0.47394499999999995 0.387471 0.44168700000000005 0.37123 0.431762 0.33874699999999996 0.424318 0.25522 0.4193549999999999 0.225058 0.42928 0.218097 0.436725 0.220418 0.444169 0.234339 0.444169 0.24594 0.436725 0.271462 0.431762 0.294664 0.436725 0.329466 0.436725 0.336427 0.44168700000000005 0.361949 0.444169 0.3851510000000001 0.456576 0.424594 0.468983 0.429234 0.47394499999999995 0.482599 0.488834 0.50348 0.488834 0.531323 0.48139 0.542923 0.47394499999999995 0.559165 0.471464 0.580046 0.459057 0.6055679999999999 0.45409399999999994 0.6102090000000001 0.449132 0.675174 0.42928 0.714617 0.42928 0.74478 0.444169 0.75174 0.45409399999999994 0.761021 0.45409399999999994
7 0.206497 0.9553350000000002 0.206497 0.960298 0.222738 0.977667 0.232019 0.9801489999999999 0.280742 0.977667 0.299304 0.990074 0.334107 0.9875929999999999 0.341067 0.992556 0.37587 0.997519 0.638051 0.997519 0.679814 0.98263 0.712297 0.98263 0.7169370000000002 0.977667 0.761021 0.9727049999999999 0.772622 0.965261 0.772622 0.952854 0.7656609999999999 0.950372 0.7587010000000001 0.957816 0.742459 0.9627790000000002 0.709977 0.965261 0.700696 0.970223 0.6705340000000001 0.970223 0.62645 0.985112 0.49884 0.985112 0.4872389999999999 0.990074 0.401392 0.990074 0.382831 0.98263 0.3596289999999999 0.98263 0.341067 0.975186 0.308585 0.977667 0.290023 0.965261 0.241299 0.967742 0.229698 0.965261 0.215777 0.950372
6 0.157773 0.131514 0.15313200000000002 0.136476 0.15313200000000002 0.18362299999999998 0.183295 0.307692 0.183295 0.322581 0.197216 0.379653 0.197216 0.401985 0.201856 0.42679900000000004 0.206497 0.43424300000000005 0.206497 0.451613 0.218097 0.45409399999999994 0.218097 0.42679900000000004 0.208817 0.394541 0.208817 0.369727 0.194896 0.315136 0.187935 0.258065 0.171694 0.191067 0.167053 0.18362299999999998 0.167053 0.136476
6 0.828306 0.131514 0.819026 0.136476 0.800464 0.310174 0.7935029999999998 0.34739500000000006 0.788863 0.354839 0.788863 0.36724599999999996 0.781903 0.379653 0.781903 0.397022 0.772622 0.4193549999999999 0.772622 0.42928 0.763341 0.439206 0.763341 0.449132 0.767981 0.456576 0.779582 0.45409399999999994 0.784223 0.42928 0.795824 0.399504 0.800464 0.362283 0.8051039999999999 0.35732 0.812065 0.322581 0.814385 0.28536 0.821346 0.263027 0.823666 0.191067 0.830626 0.168734
6 0.027842 0.53598 0.027842 0.540943 0.034803 0.545906 0.197216 0.543424 0.194896 0.531017 0.032483 0.531017
6 0.777262 0.533499 0.777262 0.538462 0.784223 0.543424 0.835267 0.550868 0.87703 0.550868 0.8863110000000001 0.555831 0.972158 0.555831 0.972158 0.540943 0.967517 0.53598 0.962877 0.53598 0.955916 0.543424 0.916473 0.543424 0.888631 0.538462 0.8584689999999999 0.538462 0.802784 0.528536 0.781903 0.528536