0 0.44901300000000005 0.047452 0.442434 0.063269 0.42927599999999994 0.084359 0.419408 0.094903 0.419408 0.12478 0.432566 0.168717 0.44572400000000006 0.202109 0.44572400000000006 0.212654 0.452303 0.23901599999999998 0.450658 0.246046 0.467105 0.246046 0.48026300000000005 0.24253099999999997 0.616776 0.240773 0.615132 0.216169 0.618421 0.205624 0.618421 0.186292 0.625 0.170475 0.625 0.161687 0.631579 0.140598 0.634868 0.107206 0.641447 0.089631 0.626645 0.06151100000000001 0.610197 0.043937 0.601974 0.042179 0.600329 0.050967 0.590461 0.050967 0.587171 0.065026 0.580592 0.072056 0.572368 0.072056 0.567434 0.087873 0.557566 0.087873 0.547697 0.070299 0.53125 0.073814 0.529605 0.070299 0.524671 0.070299 0.511513 0.052724 0.49177599999999994 0.056239 0.48848699999999995 0.052724 0.483553 0.052724 0.470395 0.040422 0.463816 0.040422
5 0.388158 0.001757 0.358553 0.001757 0.360197 0.012302 0.355263 0.022847 0.348684 0.026362 0.348684 0.052724 0.34375 0.075571 0.335526 0.084359 0.330592 0.105448 0.279605 0.168717 0.28125 0.173989 0.291118 0.175747 0.317434 0.202109 0.330592 0.210896 0.337171 0.210896 0.337171 0.214411 0.330592 0.221441 0.274671 0.31283 0.276316 0.326889 0.284539 0.333919 0.277961 0.349736 0.276316 0.372583 0.284539 0.384886 0.284539 0.395431 0.291118 0.413005 0.309211 0.427065 0.309211 0.45166999999999996 0.3125 0.463972 0.325658 0.4797890000000001 0.347039 0.490334 0.366776 0.488576 0.383224 0.481547 0.393092 0.472759 0.399671 0.46045700000000006 0.396382 0.398946 0.40625 0.393673 0.417763 0.377856 0.414474 0.3058 0.402961 0.221441 0.407895 0.217926 0.421053 0.221441 0.42927599999999994 0.214411 0.432566 0.207381 0.4375 0.209139 0.440789 0.203866 0.434211 0.188049 0.43092100000000005 0.168717 0.422697 0.149385 0.424342 0.142355 0.417763 0.12478 0.417763 0.094903 0.42763200000000007 0.084359 0.440789 0.063269 0.44572400000000006 0.049209 0.450658 0.043937 0.440789 0.038664 0.434211 0.026362 0.412829 0.008787
4 0.9983549999999999 0.927944 0.9983549999999999 0.9226710000000001 0.985197 0.899824 0.978618 0.88225 0.947368 0.824253 0.9457239999999999 0.803163 0.9375 0.794376 0.922697 0.785589 0.90625 0.764499 0.90625 0.741652 0.911184 0.727592 0.9095390000000001 0.717047 0.9046049999999999 0.713533 0.881579 0.711775 0.870066 0.676626 0.832237 0.588752 0.769737 0.463972 0.720395 0.379613 0.700658 0.358524 0.695724 0.346221 0.659539 0.288225 0.651316 0.27065 0.646382 0.265378 0.639803 0.26362 0.618421 0.24253099999999997 0.48026300000000005 0.244288 0.467105 0.24780300000000002 0.44901300000000005 0.246046 0.43092100000000005 0.253076 0.416118 0.267135 0.411184 0.267135 0.401316 0.274165 0.356908 0.316344 0.340461 0.339192 0.317434 0.363796 0.287829 0.407733 0.287829 0.413005 0.261513 0.44464 0.22039499999999998 0.506151 0.189145 0.56239 0.126645 0.695958 0.113487 0.732865 0.078947 0.768014 0.052632 0.803163 0.03125 0.845343 0.001645 0.891037 0.001645 0.894552 0.016447 0.913884 0.041118 0.9209140000000001 0.044408 0.924429 0.064145 0.9226710000000001 0.072368 0.9191560000000001 0.092105 0.9191560000000001 0.105263 0.933216 0.11513199999999998 0.9367310000000001 0.134868 0.9543059999999999 0.161184 0.9560630000000001 0.167763 0.963093 0.177632 0.964851 0.182566 0.9701229999999998 0.228618 0.9701229999999998 0.23848700000000003 0.964851 0.243421 0.9560630000000001 0.261513 0.9525480000000001 0.264803 0.9578209999999999 0.264803 0.9683659999999998 0.269737 0.9736380000000001 0.277961 0.9753950000000001 0.302632 0.964851 0.314145 0.950791 0.315789 0.943761 0.320724 0.9402460000000001 0.330592 0.966608 0.337171 0.9753950000000001 0.356908 0.9876979999999999 0.370066 0.9876979999999999 0.393092 0.9753950000000001 0.394737 0.9701229999999998 0.404605 0.9595780000000002 0.40625 0.950791 0.412829 0.947276 0.417763 0.9543059999999999 0.421053 0.9753950000000001 0.432566 0.9876979999999999 0.44736799999999993 0.9912129999999999 0.46217100000000005 0.980668 0.467105 0.980668 0.47861799999999993 0.9912129999999999 0.49177599999999994 0.996485 0.503289 0.996485 0.513158 0.9929700000000001 0.529605 0.982425 0.541118 0.966608 0.541118 0.961336 0.544408 0.9578209999999999 0.550987 0.963093 0.5625 0.982425 0.575658 0.9912129999999999 0.592105 0.9929700000000001 0.616776 0.9771530000000002 0.628289 0.964851 0.628289 0.9595780000000002 0.636513 0.945518 0.641447 0.945518 0.649671 0.9543059999999999 0.652961 0.963093 0.674342 0.9753950000000001 0.702303 0.9753950000000001 0.707237 0.9560630000000001 0.712171 0.950791 0.731908 0.9683659999999998 0.745066 0.9736380000000001 0.764803 0.9753950000000001 0.777961 0.966608 0.796053 0.943761 0.815789 0.9560630000000001 0.825658 0.9560630000000001 0.827303 0.947276 0.822368 0.942004 0.824013 0.929701 0.828947 0.929701 0.838816 0.9402460000000001 0.84375 0.942004 0.8733549999999999 0.943761 0.891447 0.931459 0.8980260000000001 0.9226710000000001 0.9046049999999999 0.9226710000000001 0.911184 0.931459 0.917763 0.933216 0.922697 0.9384889999999999 0.925987 0.949033 0.9375 0.9525480000000001 0.958882 0.9525480000000001 0.978618 0.943761
7 0.44736799999999993 0.24253099999999997 0.44901300000000005 0.251318 0.49013200000000007 0.24780300000000002 0.59375 0.24780300000000002 0.615132 0.251318 0.618421 0.24780300000000002 0.618421 0.240773 0.615132 0.23725799999999997 0.564145 0.23374299999999998 0.501645 0.23374299999999998 0.47861799999999993 0.23725799999999997 0.453947 0.23725799999999997
2 0.44572400000000006 0.047452 0.44736799999999993 0.056239 0.46052599999999994 0.056239 0.463816 0.052724 0.473684 0.050967 0.481908 0.056239 0.49342100000000005 0.070299 0.501645 0.070299 0.508224 0.066784 0.521382 0.077329 0.539474 0.077329 0.550987 0.094903 0.555921 0.098418 0.570724 0.098418 0.575658 0.084359 0.580592 0.079086 0.588816 0.077329 0.59375 0.065026 0.603618 0.06151100000000001 0.610197 0.054482 0.610197 0.047452 0.606908 0.043937 0.598684 0.043937 0.59375 0.049209 0.585526 0.050967 0.578947 0.063269 0.569079 0.068541 0.560855 0.080844 0.549342 0.065026 0.529605 0.063269 0.516447 0.052724 0.5 0.052724 0.48026300000000005 0.036907 0.463816 0.036907 0.450658 0.042179
1 0 0.885764 0 0.898067 0.016447 0.915641 0.05756599999999999 0.931459 0.103618 0.931459 0.134868 0.9578209999999999 0.139803 0.9578209999999999 0.152961 0.964851 0.182566 0.9683659999999998 0.22368399999999997 0.9683659999999998 0.254934 0.964851 0.268092 0.97891 0.286184 0.97891 0.307566 0.9683659999999998 0.320724 0.9560630000000001 0.338816 0.982425 0.379934 0.984183 0.40625 0.963093 0.412829 0.9771530000000002 0.42598699999999995 0.9894550000000001 0.439145 0.994728 0.452303 0.994728 0.463816 0.9912129999999999 0.472039 0.998243 0.527961 0.998243 0.541118 0.98594 0.549342 0.9736380000000001 0.567434 0.9929700000000001 0.575658 0.994728 0.578947 0.998243 0.608553 0.998243 0.618421 0.9894550000000001 0.639803 0.9578209999999999 0.644737 0.964851 0.659539 0.9718800000000001 0.664474 0.9771530000000002 0.679276 0.980668 0.700658 0.980668 0.712171 0.9718800000000001 0.713816 0.964851 0.71875 0.9718800000000001 0.740132 0.980668 0.771382 0.980668 0.782895 0.9718800000000001 0.792763 0.9560630000000001 0.809211 0.963093 0.828947 0.963093 0.832237 0.9595780000000002 0.833882 0.942004 0.840461 0.945518 0.868421 0.943761 0.884868 0.9384889999999999 0.8980260000000001 0.929701 0.922697 0.950791 0.9457239999999999 0.9525480000000001 0.975329 0.947276 0.995066 0.9349739999999999 0.9983549999999999 0.929701 0.9983549999999999 0.9191560000000001 0.990132 0.9173990000000001 0.978618 0.927944 0.9555920000000001 0.9384889999999999 0.9342109999999999 0.9384889999999999 0.925987 0.9349739999999999 0.901316 0.912127 0.8930920000000001 0.912127 0.881579 0.9226710000000001 0.8569079999999999 0.931459 0.8470390000000001 0.931459 0.835526 0.924429 0.824013 0.924429 0.819079 0.929701 0.817434 0.949033 0.805921 0.945518 0.796053 0.9384889999999999 0.786184 0.9384889999999999 0.771382 0.961336 0.759868 0.9683659999999998 0.735197 0.963093 0.715461 0.947276 0.707237 0.947276 0.700658 0.9560630000000001 0.700658 0.961336 0.692434 0.9683659999999998 0.674342 0.964851 0.666118 0.9578209999999999 0.65625 0.9543059999999999 0.641447 0.9367310000000001 0.634868 0.9367310000000001 0.621711 0.9560630000000001 0.621711 0.9595780000000002 0.600329 0.984183 0.585526 0.984183 0.582237 0.980668 0.574013 0.97891 0.557566 0.961336 0.555921 0.9525480000000001 0.552632 0.949033 0.546053 0.949033 0.539474 0.9560630000000001 0.536184 0.966608 0.527961 0.97891 0.513158 0.9876979999999999 0.48848699999999995 0.9876979999999999 0.47861799999999993 0.984183 0.472039 0.9753950000000001 0.46217100000000005 0.9753950000000001 0.44572400000000006 0.980668 0.435855 0.9771530000000002 0.42598699999999995 0.9683659999999998 0.419408 0.9525480000000001 0.419408 0.945518 0.414474 0.9384889999999999 0.404605 0.9402460000000001 0.391447 0.9578209999999999 0.370066 0.9718800000000001 0.355263 0.9718800000000001 0.347039 0.9683659999999998 0.335526 0.9543059999999999 0.333882 0.945518 0.325658 0.9367310000000001 0.315789 0.9367310000000001 0.300987 0.9543059999999999 0.289474 0.9578209999999999 0.279605 0.964851 0.274671 0.964851 0.261513 0.950791 0.236842 0.950791 0.21710500000000002 0.9543059999999999 0.172697 0.9525480000000001 0.152961 0.949033 0.146382 0.943761 0.141447 0.943761 0.11019699999999999 0.9173990000000001 0.064145 0.9173990000000001 0.050987 0.913884 0.024671 0.9015819999999999 0.008224 0.884007
1 0.842105 0.743409 0.835526 0.73638 0.824013 0.73638 0.792763 0.718805 0.768092 0.690685 0.753289 0.666081 0.751645 0.657293 0.738487 0.634446 0.728618 0.59754 0.723684 0.553603 0.725329 0.518453 0.717105 0.511424 0.710526 0.511424 0.689145 0.490334 0.671053 0.4534270000000001 0.671053 0.448155 0.662829 0.428822 0.65625 0.393673 0.65625 0.372583 0.620066 0.335677 0.608553 0.300527 0.606908 0.28471 0.590461 0.272408 0.585526 0.260105 0.574013 0.244288 0.565789 0.244288 0.552632 0.253076 0.547697 0.265378 0.537829 0.275923 0.537829 0.282953 0.544408 0.293497 0.544408 0.311072 0.537829 0.335677 0.529605 0.351494 0.509868 0.367311 0.509868 0.374341 0.519737 0.391916 0.521382 0.414763 0.518092 0.434095 0.508224 0.46045700000000006 0.495066 0.483304 0.481908 0.497364 0.47861799999999993 0.497364 0.46052599999999994 0.511424 0.455592 0.511424 0.450658 0.516696 0.450658 0.530756 0.453947 0.539543 0.450658 0.567663 0.434211 0.606327 0.419408 0.630931 0.391447 0.664323 0.358553 0.6942 0.348684 0.697715 0.340461 0.706503 0.340461 0.71529 0.34375 0.718805 0.347039 0.731107 0.350329 0.822496 0.356908 0.85413 0.360197 0.892794 0.330592 0.898067 0.317434 0.894552 0.300987 0.894552 0.289474 0.910369 0.259868 0.929701 0.226974 0.943761 0.21710500000000002 0.943761 0.199013 0.949033 0.169408 0.949033 0.149671 0.942004 0.116776 0.915641 0.05756599999999999 0.9173990000000001 0.039474 0.912127 0.027961000000000003 0.9050969999999999 0.013158 0.887522 0.011513 0.876977 0.004934 0.876977 0.001645 0.880492 0.001645 0.898067 0.009868 0.910369 0.013158 0.910369 0.027961000000000003 0.924429 0.050987 0.931459 0.11184199999999998 0.931459 0.123355 0.943761 0.126645 0.943761 0.138158 0.9543059999999999 0.162829 0.963093 0.205592 0.963093 0.22368399999999997 0.9578209999999999 0.233553 0.9578209999999999 0.246711 0.950791 0.258224 0.949033 0.287829 0.931459 0.294408 0.924429 0.297697 0.924429 0.310855 0.908612 0.342105 0.910369 0.373355 0.9050969999999999 0.370066 0.845343 0.365132 0.831283 0.360197 0.724077 0.356908 0.711775 0.371711 0.702988 0.407895 0.669596 0.434211 0.636204 0.44736799999999993 0.613357 0.463816 0.574692 0.463816 0.525483 0.47861799999999993 0.518453 0.498355 0.502636 0.508224 0.492091 0.509868 0.48506199999999994 0.521382 0.46748699999999993 0.53125 0.441125 0.532895 0.428822 0.532895 0.391916 0.527961 0.372583 0.542763 0.358524 0.550987 0.342707 0.557566 0.318102 0.555921 0.279438 0.5625 0.27065 0.565789 0.260105 0.572368 0.267135 0.580592 0.28471 0.59375 0.295255 0.600329 0.325132 0.608553 0.344464 0.625 0.365554 0.644737 0.381371 0.644737 0.407733 0.649671 0.435852 0.657895 0.46045700000000006 0.672697 0.492091 0.689145 0.513181 0.703947 0.525483 0.712171 0.528998 0.712171 0.588752 0.725329 0.641476 0.733553 0.653779 0.746711 0.685413 0.766447 0.713533 0.789474 0.73638 0.809211 0.743409 0.817434 0.750439 0.827303 0.750439 0.830592 0.755712 0.832237 0.878735 0.837171 0.929701 0.84375 0.9384889999999999 0.855263 0.9367310000000001 0.855263 0.927944 0.850329 0.9226710000000001 0.8453950000000001 0.887522
1 0.361842 0.752197 0.376645 0.753954 0.399671 0.745167 0.40625 0.739895 0.42763200000000007 0.745167 0.45723699999999995 0.745167 0.465461 0.741652 0.49177599999999994 0.717047 0.5 0.704745 0.506579 0.681898 0.509868 0.678383 0.534539 0.711775 0.552632 0.743409 0.580592 0.764499 0.603618 0.764499 0.633224 0.743409 0.639803 0.73638 0.652961 0.711775 0.657895 0.695958 0.657895 0.68717 0.662829 0.678383 0.699013 0.718805 0.722039 0.731107 0.763158 0.741652 0.782895 0.741652 0.796053 0.738137 0.799342 0.734622 0.799342 0.727592 0.796053 0.724077 0.784539 0.724077 0.776316 0.727592 0.75 0.724077 0.728618 0.717047 0.708882 0.706503 0.677632 0.671353 0.669408 0.655536 0.664474 0.650264 0.65625 0.650264 0.651316 0.657293 0.649671 0.673111 0.646382 0.676626 0.639803 0.704745 0.629934 0.724077 0.620066 0.734622 0.600329 0.748682 0.587171 0.750439 0.564145 0.732865 0.546053 0.70123 0.521382 0.667838 0.516447 0.650264 0.513158 0.646749 0.506579 0.646749 0.5 0.657293 0.5 0.664323 0.496711 0.667838 0.485197 0.699473 0.465461 0.72232 0.44901300000000005 0.731107 0.421053 0.72935 0.411184 0.72232 0.404605 0.72232 0.393092 0.731107 0.366776 0.739895 0.361842 0.745167
6 0.360197 0 0.358553 0.008787 0.361842 0.012302 0.373355 0.010545 0.383224 0.015817 0.40625 0.02109 0.435855 0.043937 0.4375 0.054482 0.42763200000000007 0.073814 0.414474 0.091388 0.414474 0.098418 0.417763 0.101933 0.42598699999999995 0.101933 0.432566 0.094903 0.452303 0.056239 0.452303 0.042179 0.4375 0.022847 0.416118 0.008787 0.388158 0
6 0.421053 0.089631 0.417763 0.086116 0.411184 0.086116 0.404605 0.093146 0.393092 0.096661 0.332237 0.096661 0.328947 0.100176 0.328947 0.107206 0.332237 0.110721 0.399671 0.110721 0.416118 0.105448 0.421053 0.100176
6 0.335526 0.205624 0.335526 0.212654 0.338816 0.216169 0.371711 0.216169 0.391447 0.224956 0.40625 0.223199 0.404605 0.210896 0.394737 0.210896 0.381579 0.203866 0.338816 0.202109
7 0.28125 0.165202 0.28125 0.172232 0.284539 0.175747 0.332237 0.177504 0.348684 0.188049 0.384868 0.186292 0.394737 0.196837 0.407895 0.205624 0.414474 0.205624 0.42598699999999995 0.210896 0.439145 0.209139 0.4375 0.195079 0.42598699999999995 0.195079 0.422697 0.191564 0.416118 0.191564 0.404605 0.184534 0.393092 0.172232 0.360197 0.175747 0.333882 0.15993 0.325658 0.15993 0.322368 0.163445 0.284539 0.161687