0 0.233288 0.033621 0.231924 0.037069 0.24010900000000002 0.047414 0.245566 0.061207 0.249659 0.081897 0.251023 0.143966 0.24829500000000002 0.15 0.25648 0.156034 0.263302 0.166379 0.263302 0.274138 0.260573 0.277586 0.257844 0.3 0.264666 0.310345 0.274216 0.337931 0.291951 0.361207 0.305593 0.386207 0.305593 0.391379 0.308322 0.393966 0.312415 0.407759 0.308322 0.423276 0.309686 0.432759 0.319236 0.439655 0.334243 0.442241 0.347885 0.446552 0.39427 0.44827600000000006 0.45702599999999993 0.44827600000000006 0.503411 0.4439660000000001 0.574352 0.44482800000000006 0.587995 0.446552 0.59618 0.446552 0.608458 0.4439660000000001 0.631651 0.4439660000000001 0.639836 0.44569000000000003 0.653479 0.44569000000000003 0.678035 0.4431030000000001 0.693042 0.4431030000000001 0.747613 0.437069 0.758527 0.427586 0.758527 0.402586 0.755798 0.399138 0.75307 0.37931 0.747613 0.371552 0.7571619999999999 0.333621 0.758527 0.30431 0.765348 0.282759 0.7667119999999998 0.241379 0.773533 0.235345 0.783083 0.23017199999999996 0.799454 0.22586200000000003 0.818554 0.225 0.826739 0.22069000000000003 0.834925 0.212069 0.834925 0.206034 0.828104 0.198276 0.810368 0.187931 0.795362 0.181897 0.777626 0.169828 0.750341 0.157759 0.735334 0.153448 0.723056 0.14569 0.7135060000000001 0.14569 0.709413 0.143103 0.693042 0.121552 0.690314 0.11379300000000002 0.661664 0.078448 0.635744 0.05 0.619372 0.037069 0.594816 0.028447999999999998 0.582538 0.026724 0.568895 0.021552 0.540246 0.013793 0.527967 0.007759000000000001 0.519782 0.008621 0.510232 0.016379 0.500682 0.019828 0.496589 0.019828 0.481583 0.024138 0.470668 0.024138 0.461119 0.028447999999999998 0.41882700000000006 0.028447999999999998 0.409277 0.025862 0.380628 0.022414 0.365621 0.016379 0.35061400000000004 0.013793 0.323329 0.001724 0.312415 0.000862 0.27558 0.018103
4 0.7407909999999999 0.438793 0.693042 0.4439660000000001 0.678035 0.4439660000000001 0.653479 0.446552 0.639836 0.446552 0.631651 0.44482800000000006 0.608458 0.44482800000000006 0.59618 0.447414 0.587995 0.447414 0.574352 0.44569000000000003 0.503411 0.44482800000000006 0.45702599999999993 0.44913800000000004 0.361528 0.44827600000000006 0.347885 0.447414 0.33015 0.442241 0.326057 0.4431030000000001 0.324693 0.45258600000000004 0.323329 0.453448 0.319236 0.45 0.315143 0.4551720000000001 0.312415 0.46379299999999996 0.282401 0.500862 0.270123 0.524138 0.227831 0.574138 0.22101000000000004 0.593103 0.21146 0.606897 0.207367 0.618966 0.19235999999999998 0.639655 0.19508899999999998 0.643966 0.18963200000000002 0.65 0.18963200000000002 0.653448 0.18417500000000003 0.659483 0.173261 0.681034 0.169168 0.685345 0.167804 0.692241 0.159618 0.703448 0.152797 0.72069 0.14734 0.725862 0.14734 0.731897 0.141883 0.741379 0.141883 0.744828 0.13779 0.748276 0.126876 0.77069 0.11732600000000001 0.781034 0.11323300000000001 0.793966 0.11050500000000002 0.797414 0.100955 0.801724 0.077763 0.801724 0.065484 0.80431 0.05320600000000001 0.809483 0.05320600000000001 0.82069 0.055935 0.828448 0.066849 0.84569 0.077763 0.855172 0.077763 0.859483 0.070941 0.863793 0.05457000000000001 0.868103 0.035471 0.877586 0.028649 0.883621 0.028649 0.8879310000000001 0.035471 0.893103 0.049113 0.897414 0.06002699999999999 0.9051720000000001 0.062756 0.9232760000000001 0.06002699999999999 0.925862 0.05729900000000001 0.9379309999999998 0.06139200000000001 0.9456900000000001 0.066849 0.949138 0.087312 0.957759 0.102319 0.962069 0.163711 0.975 0.19508899999999998 0.9767239999999999 0.20600299999999996 0.9793100000000001 0.236016 0.9793100000000001 0.251023 0.9767239999999999 0.282401 0.9767239999999999 0.375171 0.993103 0.392906 0.993103 0.402456 0.9948280000000002 0.41337000000000007 0.9948280000000002 0.42292 0.997414 0.46384700000000006 0.999138 0.511596 0.999138 0.526603 0.997414 0.55116 0.997414 0.562074 0.9948280000000002 0.57708 0.99569 0.59618 0.991379 0.635744 0.9853449999999999 0.652115 0.975 0.664393 0.9706900000000002 0.746248 0.9706900000000002 0.787176 0.9767239999999999 0.810368 0.977586 0.8663029999999999 0.9767239999999999 0.878581 0.9741380000000001 0.8922239999999999 0.973276 0.9113230000000001 0.9681029999999999 0.930423 0.9655170000000001 0.9427009999999999 0.9612070000000001 0.946794 0.9612070000000001 0.959072 0.955172 0.9645289999999999 0.949138 0.9645289999999999 0.933621 0.959072 0.9224139999999998 0.959072 0.9137929999999999 0.9645289999999999 0.9094829999999999 0.982265 0.9043099999999998 0.997271 0.8956899999999999 0.998636 0.893103 0.997271 0.888793 0.989086 0.883621 0.976808 0.87931 0.957708 0.867241 0.952251 0.858621 0.952251 0.852586 0.972715 0.826724 0.978172 0.808621 0.971351 0.803448 0.9645289999999999 0.801724 0.9276940000000001 0.801724 0.923602 0.8 0.919509 0.794828 0.8894950000000001 0.718966 0.88131 0.707759 0.863574 0.662931 0.8485680000000001 0.637069 0.847203 0.628448 0.8431109999999999 0.625 0.844475 0.621552 0.8390180000000002 0.613793 0.833561 0.591379 0.825375 0.582759 0.821282 0.57069 0.813097 0.558621 0.811733 0.550862 0.804911 0.543103 0.803547 0.538793 0.793997 0.52931 0.791269 0.52069 0.783083 0.511207 0.773533 0.49310300000000007 0.762619 0.481897 0.748977 0.45431 0.748977 0.450862 0.742156 0.4431030000000001
5 0.251023 0.153448 0.245566 0.156034 0.24283800000000003 0.156034 0.241473 0.15431 0.233288 0.156897 0.19508899999999998 0.156034 0.170532 0.157759 0.167804 0.159483 0.139154 0.159483 0.126876 0.162931 0.091405 0.162931 0.087312 0.167241 0.085948 0.181034 0.08322 0.186207 0.065484 0.206897 0.043656 0.223276 0.043656 0.23017199999999996 0.046385 0.231897 0.05320600000000001 0.23275899999999997 0.06139200000000001 0.23620699999999997 0.076398 0.237069 0.084584 0.241379 0.085948 0.251724 0.081855 0.258621 0.080491 0.274138 0.07367 0.288793 0.072306 0.305172 0.069577 0.307759 0.068213 0.321552 0.06002699999999999 0.344828 0.05866300000000001 0.362069 0.05320600000000001 0.372414 0.046385 0.400862 0.032742 0.431034 0.032742 0.439655 0.024556999999999995 0.45172400000000007 0.008186 0.469828 0.00955 0.483621 0.015007 0.496552 0.027285000000000004 0.512069 0.046385 0.526724 0.046385 0.531034 0.05047700000000001 0.533621 0.047749 0.540517 0.042292 0.544828 0.031378 0.562069 0.023192000000000004 0.57069 0.001364 0.615517 0 0.631897 0.008186 0.637069 0.043656 0.637931 0.05047700000000001 0.633621 0.05320600000000001 0.633621 0.06139200000000001 0.637069 0.087312 0.637931 0.091405 0.636207 0.098226 0.627586 0.102319 0.613793 0.105048 0.612069 0.111869 0.612069 0.155525 0.62931 0.165075 0.635345 0.165075 0.637069 0.188267 0.639655 0.19508899999999998 0.642241 0.22101000000000004 0.639655 0.22101000000000004 0.608621 0.218281 0.602586 0.216917 0.544828 0.214188 0.540517 0.233288 0.52069 0.238745 0.517241 0.24693 0.505172 0.253752 0.499138 0.259209 0.487931 0.259209 0.47931 0.253752 0.466379 0.255116 0.45603400000000005 0.253752 0.440517 0.251023 0.435345 0.251023 0.322414 0.261937 0.288793 0.261937 0.166379 0.255116 0.156034
6 0.249659 0.15 0.24283800000000003 0.153448 0.241473 0.159483 0.251023 0.165517 0.253752 0.186207 0.25648 0.188793 0.25648 0.206897 0.253752 0.210345 0.253752 0.218966 0.251023 0.22241400000000003 0.251023 0.24569000000000002 0.24829500000000002 0.24913800000000003 0.24829500000000002 0.265517 0.245566 0.268966 0.245566 0.294828 0.251023 0.299138 0.260573 0.3 0.268759 0.294828 0.268759 0.273276 0.271487 0.269828 0.271487 0.253448 0.274216 0.25 0.274216 0.226724 0.276944 0.223276 0.276944 0.214655 0.279673 0.211207 0.279673 0.183621 0.276944 0.181034 0.276944 0.168966 0.274216 0.166379 0.272851 0.157759 0.261937 0.150862
7 0.040928 0.22586200000000003 0.040928 0.23017199999999996 0.05320600000000001 0.23793099999999998 0.05729900000000001 0.23793099999999998 0.07367 0.24569000000000002 0.098226 0.252586 0.103683 0.256034 0.122783 0.261207 0.129604 0.264655 0.136426 0.265517 0.14734 0.27069 0.160982 0.271552 0.166439 0.274138 0.177353 0.275862 0.196453 0.275862 0.210095 0.268103 0.210095 0.256034 0.223738 0.257759 0.24693 0.264655 0.26603 0.264655 0.271487 0.260345 0.271487 0.251724 0.26603 0.24396600000000002 0.259209 0.240517 0.249659 0.241379 0.24283800000000003 0.24741400000000002 0.233288 0.24396600000000002 0.219645 0.24224100000000004 0.204638 0.237069 0.188267 0.237069 0.178718 0.24224100000000004 0.174625 0.24741400000000002 0.174625 0.253448 0.180082 0.258621 0.178718 0.260345 0.169168 0.256897 0.155525 0.256034 0.150068 0.252586 0.140518 0.250862 0.125512 0.244828 0.11869 0.24396600000000002 0.111869 0.239655 0.088677 0.233621 0.05729900000000001 0.22069000000000003 0.049113 0.22069000000000003
7 0.7517050000000001 0.433621 0.744884 0.428448 0.735334 0.427586 0.7175989999999999 0.435345 0.7039560000000001 0.435345 0.698499 0.437069 0.658936 0.437069 0.654843 0.438793 0.552524 0.438793 0.548431 0.437069 0.51296 0.437069 0.508868 0.438793 0.4924970000000001 0.438793 0.488404 0.440517 0.452933 0.440517 0.44884 0.442241 0.43519800000000003 0.442241 0.42974100000000004 0.4439660000000001 0.38471999999999995 0.4439660000000001 0.380628 0.442241 0.358799 0.441379 0.342428 0.437069 0.334243 0.437069 0.327422 0.440517 0.326057 0.446552 0.331514 0.450862 0.338336 0.453448 0.35197800000000007 0.45603400000000005 0.369714 0.45603400000000005 0.37380599999999997 0.457759 0.440655 0.457759 0.444748 0.45603400000000005 0.495225 0.4551720000000001 0.499318 0.453448 0.515689 0.453448 0.519782 0.45172400000000007 0.540246 0.45172400000000007 0.544338 0.453448 0.663029 0.453448 0.667121 0.45172400000000007 0.705321 0.45172400000000007 0.710778 0.45 0.7298769999999999 0.45 0.738063 0.44569000000000003 0.744884 0.44482800000000006 0.7517050000000001 0.441379
7 0.841746 0.208621 0.834925 0.205172 0.819918 0.206897 0.803547 0.215517 0.787176 0.217241 0.773533 0.223276 0.763984 0.22413800000000003 0.748977 0.23017199999999996 0.738063 0.23275899999999997 0.7312409999999999 0.237069 0.709413 0.240517 0.695771 0.240517 0.693042 0.23017199999999996 0.680764 0.22413800000000003 0.658936 0.22413800000000003 0.613915 0.23793099999999998 0.572988 0.24396600000000002 0.536153 0.24396600000000002 0.521146 0.240517 0.485675 0.237069 0.476126 0.239655 0.472033 0.24224100000000004 0.466576 0.251724 0.44611199999999995 0.250862 0.428377 0.24741400000000002 0.414734 0.243103 0.391542 0.240517 0.37926299999999996 0.237069 0.335607 0.235345 0.324693 0.233621 0.304229 0.233621 0.287858 0.24396600000000002 0.286494 0.252586 0.290587 0.256034 0.28513 0.256897 0.274216 0.253448 0.267394 0.253448 0.260573 0.256897 0.259209 0.262931 0.26603 0.268103 0.278308 0.271552 0.326057 0.271552 0.336971 0.266379 0.336971 0.258621 0.33015 0.252586 0.319236 0.25 0.327422 0.24913800000000003 0.369714 0.250862 0.380628 0.25431 0.4079130000000001 0.257759 0.417462 0.261207 0.43519800000000003 0.264655 0.452933 0.264655 0.459754 0.266379 0.491132 0.266379 0.49795400000000006 0.262931 0.499318 0.25431 0.511596 0.25431 0.523874 0.257759 0.58663 0.257759 0.620737 0.252586 0.641201 0.24741400000000002 0.663029 0.239655 0.663029 0.246552 0.671214 0.252586 0.678035 0.25431 0.7203269999999999 0.25431 0.7244200000000001 0.252586 0.744884 0.250862 0.750341 0.246552 0.755798 0.24569000000000002 0.7680759999999999 0.239655 0.781719 0.23793099999999998 0.79809 0.231034 0.813097 0.22931000000000004 0.824011 0.22413800000000003 0.829468 0.22413800000000003 0.841746 0.218103
2 0.723056 0.142241 0.7175989999999999 0.137931 0.7080489999999999 0.137069 0.687585 0.143966 0.676671 0.144828 0.66985 0.148276 0.653479 0.15 0.643929 0.153448 0.631651 0.153448 0.620737 0.156897 0.581173 0.158621 0.562074 0.162069 0.55116 0.162069 0.547067 0.163793 0.455662 0.163793 0.450205 0.162069 0.433834 0.162069 0.420191 0.159483 0.392906 0.158621 0.3833559999999999 0.156897 0.347885 0.156897 0.342428 0.155172 0.302865 0.155172 0.289222 0.153448 0.274216 0.153448 0.263302 0.15 0.253752 0.150862 0.24829500000000002 0.155172 0.24829500000000002 0.159483 0.255116 0.164655 0.26603 0.168103 0.282401 0.168103 0.296044 0.169828 0.334243 0.169828 0.341064 0.171552 0.399727 0.172414 0.405184 0.174138 0.417462 0.174138 0.421555 0.175862 0.440655 0.175862 0.444748 0.177586 0.557981 0.177586 0.560709 0.175862 0.572988 0.175862 0.57708 0.174138 0.58663 0.174138 0.590723 0.172414 0.627558 0.171552 0.639836 0.168103 0.65075 0.168103 0.661664 0.164655 0.6794 0.162931 0.690314 0.157759 0.699864 0.157759 0.7080489999999999 0.15431 0.7148700000000001 0.15431 0.723056 0.148276
2 0.312415 0.001724 0.312415 0.007759000000000001 0.316508 0.012069 0.324693 0.016379 0.334243 0.018103 0.341064 0.022414 0.353342 0.024138 0.380628 0.031034 0.396999 0.031034 0.41337000000000007 0.034483 0.42428400000000005 0.034483 0.428377 0.036207 0.461119 0.036207 0.466576 0.034483 0.476126 0.034483 0.489768 0.031034 0.499318 0.031034 0.510232 0.027586 0.537517 0.014655 0.537517 0.005172 0.529332 0 0.508868 0 0.508868 0.008621 0.506139 0.010345 0.499318 0.011207 0.493861 0.015517 0.488404 0.017241 0.478854 0.017241 0.46930400000000005 0.019828 0.459754 0.019828 0.454297 0.021552 0.436562 0.021552 0.432469 0.019828 0.387449 0.016379 0.354707 0.009483 0.34925 0.006034 0.336971 0.002586 0.334243 0 0.313779 0
6 0.042292 0.52931 0.043656 0.535345 0.055935 0.541379 0.087312 0.546552 0.096862 0.546552 0.100955 0.548276 0.122783 0.55 0.12824 0.551724 0.174625 0.551724 0.180082 0.55 0.193724 0.55 0.19781699999999997 0.548276 0.21146 0.546552 0.218281 0.542241 0.218281 0.534483 0.21146 0.531034 0.20191 0.531034 0.18690299999999999 0.535345 0.171896 0.535345 0.167804 0.537069 0.135061 0.537069 0.11869 0.533621 0.098226 0.532759 0.088677 0.530172 0.070941 0.528448 0.06139200000000001 0.524138 0.05047700000000001 0.524138
7 0.95498 0.85431 0.9481580000000001 0.850862 0.941337 0.850862 0.930423 0.85431 0.923602 0.85431 0.908595 0.857759 0.894952 0.857759 0.885402 0.861207 0.8772170000000001 0.861207 0.8649389999999999 0.864655 0.844475 0.865517 0.826739 0.869828 0.800819 0.87069 0.783083 0.873276 0.7257840000000001 0.877586 0.657572 0.877586 0.593452 0.8827590000000001 0.562074 0.8827590000000001 0.548431 0.884483 0.450205 0.884483 0.365621 0.891379 0.347885 0.891379 0.327422 0.888793 0.300136 0.8879310000000001 0.281037 0.884483 0.255116 0.884483 0.227831 0.87931 0.20600299999999996 0.877586 0.174625 0.87069 0.165075 0.87069 0.152797 0.866379 0.115962 0.859483 0.099591 0.857759 0.079127 0.852586 0.069577 0.853448 0.06412 0.857759 0.06412 0.862069 0.070941 0.867241 0.088677 0.871552 0.143247 0.880172 0.158254 0.8853449999999999 0.167804 0.8853449999999999 0.18417500000000003 0.8896550000000001 0.20600299999999996 0.893103 0.218281 0.893103 0.24283800000000003 0.8982760000000001 0.270123 0.8982760000000001 0.294679 0.9025859999999999 0.321965 0.9034480000000001 0.331514 0.9051720000000001 0.38471999999999995 0.9051720000000001 0.416098 0.901724 0.455662 0.9 0.46384700000000006 0.8982760000000001 0.567531 0.8982760000000001 0.57708 0.8965520000000001 0.611187 0.8965520000000001 0.619372 0.894828 0.638472 0.894828 0.664393 0.892241 0.732606 0.892241 0.789905 0.8879310000000001 0.80764 0.8853449999999999 0.833561 0.884483 0.8512960000000002 0.880172 0.8758529999999999 0.878448 0.8881310000000001 0.875 0.894952 0.875 0.9045019999999999 0.871552 0.918145 0.871552 0.9222370000000001 0.869828 0.930423 0.869828 0.933151 0.868103 0.946794 0.868103 0.95498 0.863793
7 0.976808 0.80431 0.971351 0.8 0.963165 0.797414 0.956344 0.797414 0.949523 0.800862 0.946794 0.80431 0.9249659999999998 0.80431 0.920873 0.806034 0.9113230000000001 0.806897 0.907231 0.809483 0.9017739999999999 0.818103 0.885402 0.823276 0.8772170000000001 0.824138 0.8649389999999999 0.823276 0.8649389999999999 0.811207 0.8608460000000001 0.808621 0.8499320000000001 0.806034 0.829468 0.806897 0.821282 0.809483 0.810368 0.816379 0.80764 0.831034 0.78854 0.831034 0.7571619999999999 0.827586 0.744884 0.827586 0.732606 0.82931 0.7257840000000001 0.832759 0.7257840000000001 0.844828 0.699864 0.841379 0.6794 0.841379 0.668486 0.844828 0.663029 0.849138 0.663029 0.853448 0.66985 0.860345 0.66985 0.862069 0.665757 0.864655 0.639836 0.864655 0.603001 0.861207 0.601637 0.853448 0.592087 0.844828 0.575716 0.839655 0.559345 0.837931 0.54161 0.837931 0.534789 0.839655 0.529332 0.843966 0.529332 0.85 0.53206 0.852586 0.530696 0.853448 0.478854 0.85431 0.466576 0.851724 0.461119 0.844828 0.45156899999999994 0.839655 0.421555 0.831034 0.4010909999999999 0.831034 0.39563399999999993 0.832759 0.388813 0.837931 0.388813 0.842241 0.39563399999999993 0.849138 0.388813 0.850862 0.365621 0.849138 0.35061400000000004 0.843966 0.336971 0.843103 0.31105 0.837931 0.289222 0.838793 0.283765 0.843103 0.283765 0.849138 0.276944 0.85 0.24829500000000002 0.843966 0.24693 0.833621 0.244202 0.830172 0.23465200000000003 0.823276 0.227831 0.82069 0.21146 0.821552 0.196453 0.824138 0.159618 0.832759 0.140518 0.831897 0.139154 0.831034 0.152797 0.822414 0.155525 0.818966 0.155525 0.814655 0.145975 0.807759 0.13779 0.80431 0.05320600000000001 0.802586 0.046385 0.806034 0.04502 0.812069 0.05047700000000001 0.816379 0.05457000000000001 0.817241 0.120055 0.818103 0.12141900000000001 0.818966 0.11459800000000002 0.825862 0.11459800000000002 0.836207 0.125512 0.844828 0.132333 0.846552 0.170532 0.846552 0.193724 0.840517 0.22101000000000004 0.836207 0.223738 0.838793 0.222374 0.850862 0.227831 0.855172 0.24693 0.860345 0.27558 0.865517 0.296044 0.864655 0.306958 0.853448 0.328786 0.857759 0.343793 0.858621 0.364256 0.864655 0.405184 0.864655 0.412005 0.862931 0.421555 0.856897 0.421555 0.849138 0.42428400000000005 0.848276 0.440655 0.853448 0.447476 0.861207 0.452933 0.864655 0.466576 0.868103 0.537517 0.868103 0.553888 0.864655 0.559345 0.860345 0.559345 0.85431 0.566166 0.853448 0.575716 0.857759 0.574352 0.865517 0.57708 0.868966 0.58663 0.874138 0.618008 0.878448 0.680764 0.878448 0.686221 0.875 0.694407 0.864655 0.695771 0.856897 0.7025920000000001 0.856897 0.7189629999999999 0.860345 0.738063 0.860345 0.7517050000000001 0.853448 0.75307 0.843103 0.763984 0.843103 0.770805 0.844828 0.824011 0.844828 0.833561 0.835345 0.832196 0.823276 0.836289 0.821552 0.8390180000000002 0.822414 0.8390180000000002 0.831034 0.8540249999999999 0.838793 0.8922239999999999 0.837931 0.912688 0.831897 0.9249659999999998 0.824138 0.9276940000000001 0.819828 0.934516 0.819828 0.9372439999999999 0.818103 0.956344 0.818103 0.967258 0.814655 0.9754429999999998 0.810345
1 0.016371 0.8827590000000001 0.017735 0.888793 0.05457000000000001 0.910345 0.06002699999999999 0.914655 0.062756 0.9206899999999999 0.077763 0.9301720000000001 0.095498 0.933621 0.14734 0.933621 0.151432 0.9318970000000001 0.160982 0.9318970000000001 0.173261 0.9275859999999999 0.177353 0.9275859999999999 0.193724 0.932759 0.20054599999999997 0.939655 0.219645 0.95 0.236016 0.9517239999999999 0.249659 0.955172 0.26603 0.955172 0.271487 0.9517239999999999 0.274216 0.9517239999999999 0.294679 0.9387930000000001 0.306958 0.9387930000000001 0.324693 0.9448279999999999 0.335607 0.953448 0.346521 0.956897 0.38471999999999995 0.956897 0.388813 0.955172 0.39563399999999993 0.955172 0.40382 0.9517239999999999 0.410641 0.9465519999999998 0.421555 0.9448279999999999 0.431105 0.95 0.45838999999999996 0.958621 0.499318 0.958621 0.510232 0.9517239999999999 0.521146 0.949138 0.530696 0.95 0.534789 0.9517239999999999 0.542974 0.9517239999999999 0.549795 0.955172 0.562074 0.955172 0.566166 0.956897 0.607094 0.956897 0.612551 0.958621 0.638472 0.958621 0.642565 0.956897 0.649386 0.956897 0.671214 0.9448279999999999 0.6794 0.9448279999999999 0.683492 0.9465519999999998 0.7066849999999999 0.9465519999999998 0.710778 0.948276 0.738063 0.948276 0.74352 0.9465519999999998 0.7517050000000001 0.9465519999999998 0.755798 0.9448279999999999 0.774898 0.943966 0.785812 0.9387930000000001 0.789905 0.9293099999999999 0.795362 0.9318970000000001 0.803547 0.9318970000000001 0.825375 0.935345 0.829468 0.9370690000000002 0.8499320000000001 0.9370690000000002 0.855389 0.935345 0.863574 0.935345 0.878581 0.9318970000000001 0.896317 0.9224139999999998 0.8976810000000001 0.918966 0.9045019999999999 0.914655 0.9167799999999999 0.9120690000000001 0.930423 0.9120690000000001 0.934516 0.9137929999999999 0.960437 0.9137929999999999 0.9645289999999999 0.9120690000000001 0.974079 0.9120690000000001 0.982265 0.907759 0.993179 0.9051720000000001 0.998636 0.901724 0.998636 0.886207 0.989086 0.886207 0.974079 0.8939659999999999 0.952251 0.899138 0.941337 0.899138 0.9372439999999999 0.897414 0.9099590000000001 0.897414 0.8935879999999999 0.9008619999999999 0.878581 0.9094829999999999 0.8772170000000001 0.9120690000000001 0.867667 0.918103 0.856753 0.9206899999999999 0.837653 0.9224139999999998 0.821282 0.918966 0.80764 0.918103 0.792633 0.912931 0.781719 0.912931 0.7680759999999999 0.919828 0.7667119999999998 0.9284480000000002 0.762619 0.9301720000000001 0.744884 0.931034 0.7203269999999999 0.934483 0.7162349999999998 0.932759 0.697135 0.932759 0.68895 0.931034 0.678035 0.931034 0.673943 0.9293099999999999 0.665757 0.9293099999999999 0.656207 0.932759 0.643929 0.940517 0.627558 0.9448279999999999 0.618008 0.9431029999999999 0.575716 0.9431029999999999 0.571623 0.941379 0.560709 0.941379 0.552524 0.9379309999999998 0.544338 0.9379309999999998 0.53206 0.934483 0.508868 0.935345 0.495225 0.9387930000000001 0.48704 0.9448279999999999 0.46930400000000005 0.9448279999999999 0.44611199999999995 0.9379309999999998 0.439291 0.933621 0.4256480000000001 0.9293099999999999 0.410641 0.9293099999999999 0.39563399999999993 0.934483 0.381992 0.941379 0.37380599999999997 0.9431029999999999 0.35743500000000006 0.9431029999999999 0.34925 0.939655 0.347885 0.9362069999999999 0.343793 0.933621 0.313779 0.924138 0.286494 0.924138 0.271487 0.931034 0.264666 0.9370690000000002 0.25648 0.940517 0.252387 0.9387930000000001 0.231924 0.9362069999999999 0.218281 0.9284480000000002 0.208731 0.919828 0.20191 0.918966 0.18417500000000003 0.912931 0.166439 0.912931 0.150068 0.918103 0.139154 0.918966 0.102319 0.918966 0.092769 0.917241 0.084584 0.912931 0.081855 0.907759 0.036835 0.87931 0.031378 0.877586 0.024556999999999995 0.877586
1 0.05047700000000001 0.939655 0.051842 0.949138 0.066849 0.956897 0.099591 0.967241 0.120055 0.9698279999999999 0.143247 0.9767239999999999 0.163711 0.9784479999999999 0.178718 0.982759 0.190996 0.983621 0.196453 0.9853449999999999 0.252387 0.9853449999999999 0.267394 0.981897 0.281037 0.981897 0.296044 0.9853449999999999 0.31105 0.986207 0.331514 0.991379 0.35743500000000006 0.9948280000000002 0.371078 0.998276 0.41337000000000007 0.999138 0.618008 0.998276 0.633015 0.9922409999999999 0.653479 0.9784479999999999 0.657572 0.9784479999999999 0.663029 0.975 0.710778 0.975 0.7162349999999998 0.9767239999999999 0.735334 0.9767239999999999 0.7394269999999998 0.9784479999999999 0.8540249999999999 0.9784479999999999 0.873124 0.975 0.8867670000000001 0.975 0.890859 0.973276 0.907231 0.973276 0.912688 0.9715519999999999 0.919509 0.9715519999999999 0.963165 0.958621 0.979536 0.949138 0.979536 0.9431029999999999 0.974079 0.9387930000000001 0.956344 0.9379309999999998 0.949523 0.941379 0.94543 0.9465519999999998 0.9099590000000001 0.957759 0.88131 0.959483 0.8758529999999999 0.9612070000000001 0.8608460000000001 0.9612070000000001 0.840382 0.964655 0.75307 0.964655 0.721692 0.9612070000000001 0.653479 0.9612070000000001 0.638472 0.966379 0.622101 0.975862 0.618008 0.980172 0.609823 0.983621 0.590723 0.986207 0.579809 0.9896550000000001 0.566166 0.9896550000000001 0.560709 0.991379 0.491132 0.991379 0.485675 0.9896550000000001 0.444748 0.9879310000000001 0.437926 0.986207 0.427012 0.986207 0.421555 0.984483 0.38471999999999995 0.984483 0.364256 0.980172 0.347885 0.9784479999999999 0.313779 0.9706900000000002 0.302865 0.9706900000000002 0.291951 0.9681029999999999 0.255116 0.9681029999999999 0.245566 0.9706900000000002 0.203274 0.9706900000000002 0.185539 0.9681029999999999 0.169168 0.963793 0.155525 0.9629309999999999 0.13779 0.957759 0.11050500000000002 0.953448 0.081855 0.9448279999999999 0.065484 0.934483 0.055935 0.935345