0 0.198857 0.039259 0.195429 0.041481 0.193143 0.045926 0.192 0.068889 0.201143 0.076296 0.217143 0.096296 0.232 0.1 0.244571 0.106667 0.262857 0.12296300000000002 0.276571 0.139259 0.284571 0.143704 0.302857 0.16 0.321143 0.173333 0.33028599999999997 0.185185 0.33257099999999995 0.191852 0.338286 0.199259 0.346286 0.20592599999999997 0.363429 0.216296 0.376 0.228148 0.398857 0.243704 0.412571 0.24963 0.413714 0.255556 0.422857 0.265185 0.42171400000000003 0.271111 0.426286 0.277037 0.426286 0.279259 0.420571 0.282963 0.403429 0.307407 0.40457100000000007 0.317037 0.429714 0.32 0.445714 0.324444 0.470857 0.328889 0.502857 0.337778 0.514286 0.339259 0.526857 0.344444 0.534857 0.345926 0.547429 0.351111 0.582857 0.361481 0.603429 0.37037 0.605714 0.37037 0.625143 0.357778 0.636571 0.354074 0.6628569999999999 0.340741 0.664 0.337778 0.659429 0.33037 0.657143 0.321481 0.657143 0.31037 0.654857 0.301481 0.657143 0.297037 0.658286 0.287407 0.660571 0.286667 0.6628569999999999 0.28 0.664 0.260741 0.672 0.24 0.681143 0.23037000000000002 0.686857 0.21851900000000002 0.693714 0.21037 0.702857 0.182222 0.712 0.172593 0.717714 0.158519 0.723429 0.152593 0.724571 0.147407 0.729143 0.141481 0.721143 0.144444 0.718857 0.142222 0.722286 0.139259 0.724571 0.127407 0.709714 0.118519 0.707429 0.11555600000000002 0.706286 0.1 0.690286 0.092593 0.68 0.085926 0.677714 0.082222 0.676571 0.071111 0.672 0.066667 0.669714 0.059259 0.6628569999999999 0.053333 0.649143 0.053333 0.617143 0.05037 0.590857 0.051111 0.573714 0.056296 0.571429 0.054074 0.574857 0.051111 0.577143 0.044444 0.580571 0.041481 0.580571 0.008889 0.556571 0.008148 0.537143 0.00963 0.526857 0.004444 0.52 0.002963 0.497143 0.001481 0.48 0.002963 0.472 0 0.373714 0 0.377143 0.008148 0.374857 0.014815 0.363429 0.021481 0.356571 0.023704 0.353143 0.026667 0.352 0.043704 0.342857 0.046667 0.310857 0.048148 0.30514300000000005 0.045926 0.284571 0.045185 0.274286 0.042222 0.244571 0.042222 0.235429 0.04 0.216 0.038519
2 0.317714 0.055556 0.31885699999999995 0.062963 0.338286 0.074074 0.34742899999999993 0.077778 0.355429 0.077778 0.376 0.084444 0.392 0.093333 0.413714 0.10296299999999999 0.436571 0.11036999999999998 0.444571 0.11185199999999998 0.462857 0.119259 0.47542900000000005 0.12148100000000002 0.482286 0.12444400000000001 0.493714 0.125926 0.539429 0.136296 0.548571 0.136296 0.552 0.137778 0.601143 0.137778 0.616 0.132593 0.626286 0.131111 0.641143 0.12148100000000002 0.649143 0.113333 0.648 0.082222 0.638857 0.074074 0.638857 0.071852 0.628571 0.064444 0.628571 0.062222000000000006 0.6205710000000001 0.057037 0.6205710000000001 0.055556 0.611429 0.05037 0.6045709999999999 0.05037 0.597714 0.054074 0.596571 0.065185 0.6022859999999999 0.06963 0.605714 0.06963 0.608 0.073333 0.616 0.077778 0.6182860000000001 0.082222 0.626286 0.08963 0.6274289999999999 0.105926 0.621714 0.112593 0.611429 0.11777799999999998 0.589714 0.123704 0.562286 0.123704 0.557714 0.122222 0.550857 0.122222 0.47542900000000005 0.105926 0.4582860000000001 0.099259 0.42514299999999994 0.08963 0.403429 0.08 0.386286 0.07037 0.364571 0.063704 0.356571 0.063704 0.34742899999999993 0.05851900000000001 0.34742899999999993 0.05037 0.34057100000000007 0.046667 0.331429 0.047407 0.323429 0.051111
2 0.393143 0.23555599999999996 0.393143 0.24 0.398857 0.244444 0.410286 0.244444 0.436571 0.228148 0.4582860000000001 0.22148099999999998 0.461714 0.219259 0.490286 0.213333 0.496 0.211111 0.509714 0.211111 0.531429 0.206667 0.56 0.206667 0.563429 0.208148 0.572571 0.208148 0.582857 0.211111 0.590857 0.211111 0.6022859999999999 0.214815 0.606857 0.217778 0.628571 0.22370399999999996 0.638857 0.22963 0.650286 0.232593 0.666286 0.24296300000000004 0.68 0.24296300000000004 0.685714 0.238519 0.685714 0.231852 0.675429 0.22444399999999998 0.669714 0.22370399999999996 0.6628569999999999 0.219259 0.652571 0.217037 0.642286 0.211111 0.6205710000000001 0.205185 0.614857 0.201481 0.601143 0.19703700000000002 0.592 0.19703700000000002 0.587429 0.194815 0.572571 0.19407399999999997 0.566857 0.191852 0.524571 0.191852 0.499429 0.19703700000000002 0.486857 0.19703700000000002 0.454857 0.204444 0.444571 0.20888899999999996 0.429714 0.21259300000000003 0.413714 0.22074099999999997 0.395429 0.232593
7 0.189714 0.055556 0.187429 0.065926 0.188571 0.077778 0.195429 0.081481 0.204571 0.080741 0.210286 0.076296 0.21142899999999998 0.065185 0.214857 0.064444 0.219429 0.065926 0.228571 0.074815 0.225143 0.080741 0.225143 0.08963 0.232 0.09703699999999998 0.244571 0.10444399999999998 0.256 0.10444399999999998 0.262857 0.1 0.262857 0.094074 0.265143 0.093333 0.275429 0.10148099999999999 0.277714 0.107407 0.277714 0.12148100000000002 0.282286 0.125926 0.299429 0.136296 0.324571 0.144444 0.338286 0.144444 0.345143 0.138519 0.346286 0.132593 0.352 0.137037 0.348571 0.142222 0.348571 0.146667 0.352 0.151111 0.365714 0.157778 0.402286 0.157778 0.406857 0.154815 0.41142899999999993 0.146667 0.418286 0.153333 0.418286 0.156296 0.42171400000000003 0.161481 0.426286 0.164444 0.44 0.16963 0.456 0.168889 0.469714 0.164444 0.474286 0.161481 0.47542900000000005 0.164444 0.473143 0.167407 0.473143 0.180741 0.483429 0.18963 0.496 0.193333 0.514286 0.193333 0.52 0.19111099999999998 0.536 0.19111099999999998 0.546286 0.188148 0.56 0.188148 0.571429 0.19111099999999998 0.576 0.19111099999999998 0.592 0.201481 0.601143 0.204444 0.619429 0.204444 0.636571 0.19777800000000004 0.646857 0.19777800000000004 0.665143 0.193333 0.673143 0.193333 0.677714 0.19111099999999998 0.690286 0.19111099999999998 0.7051430000000001 0.181481 0.706286 0.177778 0.710857 0.174815 0.710857 0.171852 0.721143 0.166667 0.721143 0.165185 0.729143 0.157778 0.729143 0.145926 0.726857 0.143704 0.731429 0.135556 0.731429 0.125926 0.729143 0.12444400000000001 0.729143 0.122222 0.722286 0.11777799999999998 0.721143 0.114074 0.716571 0.111111 0.715429 0.103704 0.701714 0.093333 0.698286 0.087407 0.690286 0.080741 0.690286 0.07037 0.688 0.068148 0.688 0.060740999999999996 0.685714 0.059259 0.684571 0.055556 0.677714 0.051852 0.668571 0.051852 0.661714 0.055556 0.660571 0.063704 0.666286 0.071111 0.666286 0.074815 0.668571 0.077037 0.668571 0.086667 0.677714 0.09555599999999999 0.682286 0.10296299999999999 0.691429 0.108889 0.693714 0.11185199999999998 0.693714 0.116296 0.708571 0.131111 0.707429 0.135556 0.704 0.138519 0.704 0.14963 0.706286 0.151852 0.704 0.154815 0.690286 0.163704 0.689143 0.167407 0.677714 0.177037 0.668571 0.177037 0.665143 0.178519 0.650286 0.18 0.636571 0.183704 0.6274289999999999 0.183704 0.6102860000000001 0.19037 0.6045709999999999 0.188148 0.588571 0.177778 0.566857 0.173333 0.539429 0.173333 0.525714 0.177037 0.510857 0.177037 0.507429 0.178519 0.498286 0.177037 0.494857 0.174074 0.499429 0.165926 0.499429 0.151852 0.490286 0.144444 0.483429 0.142222 0.474286 0.142222 0.462857 0.145926 0.453714 0.152593 0.445714 0.154074 0.442286 0.152593 0.44 0.146667 0.434286 0.14 0.420571 0.131111 0.413714 0.12963 0.405714 0.125185 0.398857 0.125185 0.393143 0.127407 0.387429 0.131852 0.387429 0.142963 0.376 0.143704 0.376 0.133333 0.371429 0.127407 0.346286 0.112593 0.336 0.11036999999999998 0.323429 0.11036999999999998 0.316571 0.114074 0.315429 0.12 0.317714 0.123704 0.315429 0.12444400000000001 0.308571 0.12148100000000002 0.300571 0.11555600000000002 0.301714 0.105185 0.296 0.093333 0.289143 0.087407 0.274286 0.077778 0.265143 0.075556 0.253714 0.075556 0.252571 0.07037 0.232 0.052593 0.224 0.05037 0.197714 0.05037
2 0.377143 0 0.378286 0.004444 0.38285699999999995 0.007407000000000001 0.390857 0.00963 0.437714 0.00963 0.450286 0.008889 0.46057099999999995 0.005926 0.491429 0.005926 0.493714 0.004444 0.501714 0.004444 0.504 0.005926 0.509714 0.005926 0.515429 0.008148 0.522286 0.012593 0.533714 0.012593 0.540571 0.008148 0.539429 0
4 0.388571 0.311852 0.373714 0.318519 0.365714 0.325185 0.35771400000000003 0.327407 0.355429 0.32963 0.348571 0.348889 0.33257099999999995 0.37037 0.328 0.38222199999999995 0.32 0.39037 0.314286 0.4051850000000001 0.283429 0.454815 0.266286 0.47481499999999993 0.236571 0.515556 0.222857 0.54 0.209143 0.56 0.202286 0.576296 0.19657100000000002 0.598519 0.184 0.626667 0.177143 0.648889 0.137143 0.731111 0.12 0.751852 0.116571 0.760741 0.105143 0.774815 0.093714 0.793333 0.077714 0.813333 0.074286 0.8229630000000001 0.053714 0.853333 0.05142900000000001 0.865926 0.054857 0.8696300000000001 0.059429 0.87037 0.091429 0.885185 0.100571 0.891111 0.144 0.9081480000000001 0.163429 0.913333 0.169143 0.9170369999999999 0.169143 0.9288889999999999 0.16457100000000002 0.932593 0.155429 0.958519 0.150857 0.9629630000000001 0.149714 0.980741 0.146286 0.985185 0.141714 0.999259 0.96 0.999259 0.956571 0.988889 0.950857 0.980741 0.949714 0.971111 0.947429 0.9696300000000001 0.947429 0.9637039999999999 0.941714 0.947407 0.938286 0.92963 0.930286 0.903704 0.928 0.900741 0.928 0.891111 0.930286 0.8874070000000001 0.938286 0.8822219999999998 0.958857 0.877037 0.966857 0.873333 0.974857 0.872593 0.9885709999999999 0.866667 0.998857 0.86 0.998857 0.8496300000000001 0.982857 0.819259 0.979429 0.80963 0.974857 0.8051849999999999 0.970286 0.7940740000000001 0.9611430000000001 0.781481 0.957714 0.772593 0.9531429999999999 0.766667 0.948571 0.753333 0.936 0.734074 0.933714 0.725185 0.929143 0.719259 0.9268570000000002 0.712593 0.921143 0.705185 0.9188569999999999 0.699259 0.907429 0.686667 0.902857 0.675556 0.896 0.664444 0.890286 0.658519 0.884571 0.643704 0.884571 0.635556 0.88 0.628148 0.88 0.624444 0.867429 0.592593 0.861714 0.585926 0.857143 0.575556 0.841143 0.555556 0.8331430000000001 0.541481 0.820571 0.527407 0.811429 0.511852 0.797714 0.49481500000000006 0.792 0.49037000000000003 0.789714 0.483704 0.782857 0.476296 0.780571 0.467407 0.776 0.460741 0.769143 0.454815 0.764571 0.44814799999999994 0.7577139999999999 0.442963 0.753143 0.436296 0.7405710000000001 0.4259260000000001 0.723429 0.399259 0.7051430000000001 0.378519 0.698286 0.373333 0.692571 0.363704 0.672 0.348889 0.665143 0.340741 0.661714 0.341481 0.636571 0.354815 0.625143 0.358519 0.605714 0.371111 0.603429 0.371111 0.582857 0.362222 0.556571 0.354815 0.514286 0.34 0.502857 0.338519 0.48914299999999994 0.334074 0.453714 0.325926 0.445714 0.325185 0.429714 0.320741 0.40457100000000007 0.317778 0.403429 0.31037 0.395429 0.313333 0.393143 0.311111
5 0.386286 0.10444399999999998 0.390857 0.107407 0.390857 0.105185 0.229714 0.1 0.219429 0.11185199999999998 0.21828599999999998 0.116296 0.209143 0.13037 0.204571 0.133333 0.182857 0.159259 0.174857 0.164444 0.173714 0.166667 0.16457100000000002 0.17037 0.161143 0.173333 0.145143 0.171852 0.138286 0.177037 0.134857 0.184444 0.134857 0.201481 0.130286 0.207407 0.130286 0.213333 0.132571 0.217778 0.129143 0.21851900000000002 0.125714 0.225185 0.126857 0.243704 0.14742899999999998 0.259259 0.14742899999999998 0.29037 0.153143 0.301481 0.161143 0.30963 0.163429 0.316296 0.163429 0.323704 0.16 0.331111 0.152 0.340741 0.105143 0.38222199999999995 0.094857 0.397778 0.083429 0.43037000000000003 0.075429 0.43851899999999994 0.068571 0.448889 0.056 0.45851900000000007 0.035429 0.465926 0.010286 0.48 0 0.494074 0.001143 0.499259 0.012571 0.51037 0.014857000000000002 0.519259 0.018286 0.522963 0.034286 0.532593 0.04342900000000001 0.535556 0.052571 0.541481 0.057143 0.548889 0.057143 0.562963 0.054857 0.57037 0.037714 0.581481 0.028571 0.584444 0.019429 0.591111 0.011429 0.6 0.011429 0.607407 0.013714 0.61037 0.025143000000000002 0.614074 0.034286 0.621481 0.041143 0.623704 0.044571 0.626667 0.046857 0.626667 0.050286000000000004 0.628889 0.053714 0.634074 0.053714 0.642963 0.067429 0.64963 0.067429 0.654815 0.073143 0.660741 0.077714 0.66963 0.077714 0.679259 0.075429 0.682963 0.077714 0.691111 0.084571 0.694815 0.099429 0.695556 0.113143 0.7 0.132571 0.700741 0.144 0.704444 0.150857 0.698519 0.153143 0.702222 0.155429 0.697037 0.16 0.699259 0.161143 0.702222 0.16457100000000002 0.702222 0.168 0.7 0.174857 0.7 0.178286 0.701481 0.181714 0.697778 0.187429 0.696296 0.192 0.696296 0.197714 0.699259 0.202286 0.698519 0.209143 0.691111 0.213714 0.692593 0.220571 0.68963 0.225143 0.68963 0.233143 0.692593 0.237714 0.68963 0.245714 0.680741 0.254857 0.662222 0.254857 0.654815 0.252571 0.65037 0.252571 0.632593 0.254857 0.62963 0.254857 0.625926 0.251429 0.620741 0.250286 0.61037 0.254857 0.604444 0.253714 0.591852 0.261714 0.577037 0.264 0.565926 0.266286 0.563704 0.267429 0.542222 0.272 0.537037 0.272 0.528148 0.274286 0.524444 0.277714 0.505185 0.28 0.501481 0.28 0.477037 0.277714 0.471111 0.281143 0.46518500000000007 0.289143 0.459259 0.29371400000000003 0.45037 0.291429 0.444444 0.298286 0.44222199999999995 0.301714 0.43037000000000003 0.309714 0.4177779999999999 0.312 0.411111 0.316571 0.405926 0.317714 0.400741 0.315429 0.4 0.317714 0.3925930000000001 0.326857 0.38222199999999995 0.331429 0.37037 0.344 0.354815 0.353143 0.333333 0.349714 0.33037 0.339429 0.326667 0.32 0.324444 0.314286 0.320741 0.299429 0.314815 0.283429 0.300741 0.276571 0.3 0.269714 0.297037 0.261714 0.295556 0.258286 0.293333 0.259429 0.285926 0.264 0.285185 0.282286 0.286667 0.284571 0.279259 0.289143 0.272593 0.296 0.267407 0.296 0.265926 0.301714 0.262963 0.316571 0.24296300000000004 0.321143 0.23925899999999997 0.323429 0.233333 0.33028599999999997 0.22444399999999998 0.331429 0.21851900000000002 0.34057100000000007 0.199259 0.317714 0.171111 0.306286 0.163704 0.283429 0.143704 0.275429 0.139259 0.269714 0.131111 0.24342900000000003 0.106667
7 0.390857 0.314074 0.392 0.32 0.401143 0.324444 0.406857 0.324444 0.424 0.328889 0.434286 0.32963 0.453714 0.334074 0.476571 0.337778 0.483429 0.337778 0.505143 0.345926 0.515429 0.347407 0.523429 0.351111 0.530286 0.351111 0.542857 0.357778 0.550857 0.357778 0.562286 0.364444 0.582857 0.36963 0.592 0.376296 0.598857 0.378519 0.613714 0.377778 0.6182860000000001 0.374815 0.619429 0.36963 0.628571 0.363704 0.6377139999999999 0.359259 0.646857 0.357778 0.6628569999999999 0.351111 0.667429 0.351111 0.672 0.348148 0.672 0.339259 0.665143 0.335556 0.656 0.335556 0.642286 0.341481 0.625143 0.345926 0.601143 0.359259 0.580571 0.351852 0.574857 0.351111 0.562286 0.344444 0.553143 0.343704 0.541714 0.337778 0.533714 0.337037 0.526857 0.333333 0.512 0.331111 0.492571 0.323704 0.46057099999999995 0.319259 0.416 0.31037 0.410286 0.31037 0.406857 0.308889 0.398857 0.308889
6 0.230857 0.099259 0.225143 0.103704 0.226286 0.111111 0.237714 0.118519 0.251429 0.131111 0.259429 0.136296 0.266286 0.143704 0.273143 0.148148 0.277714 0.154815 0.292571 0.162963 0.296 0.165926 0.298286 0.171111 0.317714 0.185926 0.31885699999999995 0.18963 0.333714 0.201481 0.345143 0.201481 0.350857 0.19703700000000002 0.350857 0.19037 0.34057100000000007 0.182963 0.338286 0.177778 0.31885699999999995 0.163704 0.315429 0.157037 0.297143 0.145185 0.281143 0.12963 0.269714 0.12148100000000002 0.266286 0.116296 0.250286 0.103704 0.24 0.09851900000000001
6 0.142857 0.252593 0.142857 0.257037 0.148571 0.261481 0.152 0.261481 0.161143 0.264444 0.169143 0.264444 0.209143 0.277778 0.217143 0.279259 0.222857 0.282222 0.235429 0.284444 0.246857 0.291111 0.260571 0.291111 0.265143 0.288148 0.265143 0.280741 0.252571 0.272593 0.233143 0.268148 0.229714 0.265926 0.217143 0.262963 0.209143 0.259259 0.190857 0.254815 0.181714 0.251111 0.170286 0.25037 0.162286 0.247407 0.150857 0.247407
6 0.283429 0.297778 0.276571 0.294074 0.266286 0.294074 0.232 0.302222 0.212571 0.305185 0.166857 0.317778 0.161143 0.322222 0.161143 0.326667 0.166857 0.331111 0.180571 0.331111 0.208 0.322963 0.256 0.313333 0.261714 0.311111 0.276571 0.311111 0.283429 0.306667
1 0.998857 0.847407 0.985143 0.8518520000000002 0.973714 0.8577780000000002 0.965714 0.859259 0.958857 0.8637040000000001 0.944 0.868148 0.940571 0.87037 0.932571 0.871111 0.917714 0.877778 0.907429 0.8785190000000002 0.897143 0.883704 0.888 0.8844439999999999 0.88 0.886667 0.874286 0.891111 0.874286 0.9014810000000001 0.872 0.903704 0.872 0.906667 0.859429 0.9111109999999999 0.844571 0.9111109999999999 0.838857 0.912593 0.812571 0.912593 0.780571 0.9162960000000001 0.770286 0.9162960000000001 0.764571 0.914815 0.750857 0.914074 0.723429 0.918519 0.717714 0.9229629999999999 0.717714 0.9340740000000001 0.72 0.9362960000000001 0.72 0.9437039999999999 0.724571 0.954074 0.724571 0.966667 0.717714 0.967407 0.714286 0.965926 0.686857 0.965926 0.68 0.9696300000000001 0.6182860000000001 0.958519 0.608 0.954074 0.588571 0.9496299999999999 0.580571 0.9496299999999999 0.545143 0.944444 0.530286 0.944444 0.499429 0.9377779999999999 0.466286 0.9377779999999999 0.452571 0.941481 0.448 0.944444 0.409143 0.944444 0.395429 0.940741 0.384 0.939259 0.338286 0.9377779999999999 0.315429 0.9340740000000001 0.299429 0.932593 0.28 0.932593 0.244571 0.9281480000000001 0.235429 0.9244440000000002 0.225143 0.9244440000000002 0.217143 0.92 0.204571 0.917778 0.19657100000000002 0.913333 0.18628599999999998 0.9103700000000001 0.158857 0.897778 0.139429 0.885926 0.118857 0.879259 0.066286 0.8577780000000002 0.056 0.8585189999999999 0.050286000000000004 0.862963 0.050286000000000004 0.867407 0.059429 0.873333 0.110857 0.894074 0.125714 0.898519 0.149714 0.912593 0.174857 0.923704 0.185143 0.926667 0.193143 0.9311109999999999 0.201143 0.933333 0.205714 0.933333 0.216 0.938519 0.226286 0.938519 0.237714 0.9429630000000001 0.252571 0.9451850000000002 0.261714 0.9451850000000002 0.266286 0.946667 0.290286 0.946667 0.29371400000000003 0.948148 0.307429 0.9488890000000001 0.325714 0.9518519999999999 0.374857 0.953333 0.398857 0.958519 0.459429 0.958519 0.465143 0.9548150000000001 0.476571 0.9518519999999999 0.490286 0.9518519999999999 0.499429 0.9548150000000001 0.52 0.958519 0.534857 0.958519 0.539429 0.96 0.549714 0.96 0.553143 0.961481 0.569143 0.9637039999999999 0.579429 0.9637039999999999 0.597714 0.968148 0.611429 0.973333 0.636571 0.9785189999999999 0.653714 0.98 0.667429 0.9837040000000001 0.693714 0.9837040000000001 0.699429 0.98 0.7051430000000001 0.98 0.710857 0.982222 0.718857 0.982222 0.724571 0.9837040000000001 0.739429 0.9837040000000001 0.747429 0.977037 0.747429 0.9496299999999999 0.741714 0.9370369999999999 0.741714 0.931852 0.744 0.9303700000000001 0.795429 0.9303700000000001 0.821714 0.9281480000000001 0.8251429999999998 0.926667 0.8502859999999999 0.926667 0.853714 0.9251849999999999 0.8685710000000001 0.9251849999999999 0.88 0.9222220000000001 0.8937140000000001 0.914074 0.897143 0.898519 0.904 0.898519 0.909714 0.897037 0.917714 0.892593 0.928 0.891852 0.942857 0.885185 0.948571 0.885185 0.954286 0.8822219999999998 0.973714 0.877037 0.979429 0.871852 0.984 0.871852 0.987429 0.8696300000000001 0.995429 0.868148 0.998857 0.865926
1 0.955429 0.9896300000000001 0.948571 0.985926 0.8914290000000001 0.985926 0.881143 0.988148 0.7908569999999999 0.988148 0.770286 0.985926 0.7131430000000001 0.985926 0.689143 0.988148 0.598857 0.988148 0.574857 0.991111 0.494857 0.991111 0.485714 0.992593 0.43314300000000006 0.992593 0.424 0.991111 0.380571 0.991111 0.36914300000000005 0.9896300000000001 0.225143 0.9896300000000001 0.214857 0.988148 0.148571 0.988148 0.141714 0.991852 0.140571 0.9977780000000002 0.141714 0.999259 0.9531429999999999 0.999259 0.955429 0.997037