0 0.41206 0.024624 0.396985 0.032832 0.394472 0.038304 0.40703500000000004 0.04787999999999999 0.39196 0.061560000000000004 0.38191 0.05745599999999999 0.38944699999999993 0.064295 0.39196 0.077975 0.40201 0.097127 0.41206 0.106703 0.41206 0.11080699999999999 0.414573 0.10807099999999999 0.419598 0.11080699999999999 0.439698 0.143639 0.434673 0.165527 0.42713600000000007 0.173735 0.462312 0.183311 0.479899 0.184679 0.520101 0.198358 0.535176 0.19015 0.552764 0.18741499999999997 0.580402 0.179207 0.590452 0.179207 0.635678 0.19972600000000001 0.670854 0.18194299999999997 0.655779 0.153215 0.655779 0.131327 0.660804 0.12448699999999999 0.663317 0.086183 0.670854 0.076607 0.673367 0.065663 0.680905 0.058823999999999994 0.673367 0.053352000000000004 0.673367 0.043776 0.678392 0.039672 0.6859299999999999 0.039672 0.6859299999999999 0.021888 0.673367 0.016416 0.6658289999999999 0.016416 0.658291 0.02052 0.653266 0.02052 0.638191 0.010944 0.638191 0.002736 0.633166 0.001368 0.615578 0.001368 0.615578 0.015048 0.610553 0.019152 0.590452 0.016416 0.582915 0.012312 0.577889 0.004104 0.557789 0.001368 0.552764 0.002736 0.547739 0.009576 0.540201 0.009576 0.532663 0.002736 0.505025 0.004104 0.492462 0.008208 0.484925 0.019152 0.47738699999999995 0.016416 0.474874 0.012312 0.457286 0.013679999999999998 0.4522610000000001 0.025992 0.442211 0.030096
2 0.668342 0.087551 0.655779 0.080711 0.645729 0.080711 0.640704 0.083447 0.61809 0.080711 0.520101 0.083447 0.492462 0.090287 0.472362 0.090287 0.447236 0.097127 0.434673 0.097127 0.419598 0.10533499999999998 0.419598 0.11217500000000001 0.42713600000000007 0.11627900000000001 0.437186 0.11627900000000001 0.449749 0.11080699999999999 0.464824 0.10943900000000001 0.482412 0.103967 0.502513 0.103967 0.532663 0.097127 0.572864 0.097127 0.60804 0.094391 0.623116 0.097127 0.655779 0.09849499999999999 0.668342 0.09302299999999998
2 0.40201 0.086183 0.4095480000000001 0.090287 0.419598 0.090287 0.42713600000000007 0.086183 0.42713600000000007 0.082079 0.437186 0.076607 0.449749 0.061560000000000004 0.482412 0.036936 0.5 0.038304 0.555276 0.061560000000000004 0.562814 0.061560000000000004 0.580402 0.071135 0.595477 0.071135 0.633166 0.049248 0.648241 0.043776 0.6658289999999999 0.042408 0.675879 0.036936 0.675879 0.031464 0.668342 0.027359999999999995 0.653266 0.027359999999999995 0.630653 0.031464 0.585427 0.053352000000000004 0.567839 0.04514399999999999 0.555276 0.043776 0.540201 0.038304 0.527638 0.030096 0.522613 0.030096 0.507538 0.023255999999999995 0.472362 0.023255999999999995 0.439698 0.042408 0.439698 0.04514399999999999 0.414573 0.062927 0.41206 0.071135 0.40201 0.076607
2 0.39196 0.062927 0.399497 0.067031 0.4095480000000001 0.067031 0.422111 0.060192 0.42462300000000003 0.04651199999999999 0.417085 0.039672 0.419598 0.036936 0.454774 0.036936 0.472362 0.024624 0.482412 0.028727999999999997 0.49497499999999994 0.028727999999999997 0.515075 0.016416 0.530151 0.023255999999999995 0.545226 0.023255999999999995 0.562814 0.013679999999999998 0.582915 0.023255999999999995 0.610553 0.023255999999999995 0.620603 0.019152 0.640704 0.032832 0.663317 0.031464 0.670854 0.035568 0.680905 0.035568 0.688442 0.031464 0.688442 0.02052 0.678392 0.013679999999999998 0.660804 0.013679999999999998 0.6507539999999999 0.016416 0.648241 0.002736 0.643216 0 0.615578 0 0.59799 0.009576 0.575377 0 0.547739 0 0.537688 0.005472 0.522613 0 0.505025 0 0.48995 0.008208 0.48743700000000006 0.012312 0.474874 0.008208 0.459799 0.008208 0.447236 0.015048 0.439698 0.023255999999999995 0.40703500000000004 0.023255999999999995 0.39196 0.031464 0.39196 0.04651199999999999 0.396985 0.049248 0.39196 0.05471999999999999
4 0.42462300000000003 0.175103 0.361809 0.24623799999999998 0.33668299999999995 0.264022 0.311558 0.287278 0.29397 0.298222 0.261307 0.329685 0.248744 0.336525 0.236181 0.351573 0.22613099999999997 0.357045 0.22613099999999997 0.378933 0.183417 0.41997299999999993 0.183417 0.42407700000000004 0.201005 0.436389 0.201005 0.450068 0.19598 0.45690800000000004 0.19598 0.48290000000000005 0.21356800000000004 0.50342 0.21356800000000004 0.51026 0.188442 0.528044 0.180905 0.53762 0.180905 0.543092 0.193467 0.556772 0.211055 0.566347 0.211055 0.574555 0.18593 0.606019 0.153266 0.662107 0.140704 0.692202 0.170854 0.7086179999999999 0.188442 0.7250339999999998 0.190955 0.745554 0.203518 0.76197 0.201005 0.7715460000000001 0.120603 0.8549929999999999 0.095477 0.867305 0.030150999999999997 0.890561 0.005025 0.902873 0 0.9097129999999999 0.005025 0.928865 0.020101000000000004 0.9439120000000001 0.037688 0.9493839999999999 0.075377 0.9493839999999999 0.103015 0.9439120000000001 0.11809 0.9439120000000001 0.123116 0.9466479999999999 0.123116 0.9548559999999999 0.105528 0.967168 0.105528 0.97264 0.120603 0.980848 0.138191 0.980848 0.155779 0.9712719999999999 0.170854 0.9740080000000001 0.19598 0.9740080000000001 0.218593 0.964432 0.231156 0.9521200000000001 0.253769 0.9411759999999999 0.278894 0.935705 0.306533 0.935705 0.33668299999999995 0.94528 0.33668299999999995 0.9521200000000001 0.324121 0.969904 0.319095 0.989056 0.339196 0.997264 0.376884 0.9958959999999999 0.399497 0.9904240000000001 0.41206 0.9849519999999999 0.422111 0.9740080000000001 0.437186 0.9658000000000001 0.444724 0.964432 0.474874 0.9658000000000001 0.484925 0.9685360000000001 0.505025 0.9794799999999999 0.530151 0.980848 0.560302 0.9630639999999999 0.570352 0.961696 0.582915 0.964432 0.603015 0.964432 0.61809 0.961696 0.640704 0.9521200000000001 0.658291 0.948016 0.683417 0.948016 0.688442 0.950752 0.683417 0.9849519999999999 0.693467 0.991792 0.733668 0.991792 0.80402 0.97264 0.839196 0.967168 0.854271 0.967168 0.88191 0.978112 0.914573 0.9767440000000001 0.952261 0.9658000000000001 0.992462 0.9493839999999999 0.9949750000000002 0.939808 0.977387 0.927497 0.9547739999999999 0.9042410000000001 0.8618090000000002 0.76197 0.859296 0.7469219999999999 0.8969850000000001 0.72777 0.899497 0.719562 0.8693470000000001 0.682627 0.839196 0.659371 0.839196 0.615595 0.8341710000000001 0.606019 0.811558 0.586867 0.80402 0.575923 0.80402 0.562244 0.821608 0.526676 0.821608 0.507524 0.811558 0.49657999999999997 0.811558 0.48153199999999996 0.829146 0.46101200000000003 0.829146 0.44870000000000004 0.824121 0.44322799999999996 0.816583 0.40902900000000003 0.806533 0.39534899999999995 0.806533 0.38577300000000003 0.79397 0.3584129999999999 0.7713570000000001 0.333789 0.751256 0.305062 0.726131 0.280438 0.7211060000000001 0.26539 0.708543 0.24623799999999998 0.708543 0.23939799999999997 0.6859299999999999 0.21203799999999998 0.683417 0.198358 0.668342 0.184679 0.635678 0.20109399999999997 0.590452 0.180575 0.580402 0.180575 0.552764 0.188782 0.540201 0.19015 0.520101 0.19972600000000001 0.479899 0.18604699999999996 0.462312 0.184679 0.434673 0.17647099999999996 0.42713600000000007 0.17783899999999997
5 0.311558 0.042408 0.298995 0.04787999999999999 0.28392 0.043776 0.273869 0.043776 0.256281 0.049248 0.241206 0.058823999999999994 0.241206 0.067031 0.251256 0.068399 0.261307 0.073871 0.258794 0.084815 0.268844 0.082079 0.276382 0.08891899999999998 0.276382 0.09302299999999998 0.266332 0.09986300000000001 0.256281 0.113543 0.256281 0.125855 0.271357 0.140903 0.271357 0.147743 0.258794 0.164159 0.248744 0.166895 0.24371900000000002 0.17783899999999997 0.221106 0.18604699999999996 0.203518 0.19562200000000002 0.19598 0.20519800000000002 0.198492 0.213406 0.20854299999999998 0.22435000000000002 0.20854299999999998 0.23255800000000001 0.193467 0.25855 0.198492 0.273598 0.211055 0.266758 0.238693 0.22571799999999997 0.24371900000000002 0.20519800000000002 0.251256 0.19288599999999997 0.256281 0.19015 0.258794 0.19151799999999997 0.258794 0.24486999999999998 0.268844 0.261286 0.268844 0.27223 0.253769 0.294118 0.253769 0.311902 0.248744 0.320109 0.223618 0.343365 0.223618 0.36114899999999994 0.228643 0.36935699999999994 0.22613099999999997 0.378933 0.183417 0.41997299999999993 0.183417 0.42407700000000004 0.201005 0.43912399999999996 0.201005 0.450068 0.19598 0.45690800000000004 0.19598 0.48290000000000005 0.21356800000000004 0.50342 0.21356800000000004 0.51026 0.18593 0.53078 0.180905 0.543092 0.19598 0.559508 0.21356800000000004 0.570451 0.20603 0.578659 0.218593 0.585499 0.231156 0.600547 0.248744 0.644323 0.29397 0.671683 0.311558 0.686731 0.321608 0.688098 0.32914600000000005 0.679891 0.374372 0.653899 0.40201 0.629275 0.40201 0.621067 0.39196 0.611491 0.386935 0.596443 0.37185899999999994 0.573187 0.369347 0.547196 0.379397 0.526676 0.414573 0.49521200000000004 0.414573 0.44733199999999995 0.38944699999999993 0.39261299999999993 0.386935 0.348837 0.38191 0.318741 0.376884 0.311902 0.376884 0.264022 0.37185899999999994 0.250342 0.37185899999999994 0.23255800000000001 0.366834 0.23255800000000001 0.366834 0.21887800000000002 0.35427099999999995 0.20519800000000002 0.349246 0.180575 0.36432200000000003 0.158687 0.384422 0.147743 0.386935 0.143639 0.384422 0.113543 0.386935 0.11217500000000001 0.404523 0.11901500000000001 0.404523 0.11491099999999999 0.41206 0.10943900000000001 0.414573 0.097127 0.39196 0.060192 0.376884 0.053352000000000004 0.339196 0.05471999999999999 0.319095 0.042408
7 0.42462300000000003 0.17647099999999996 0.42462300000000003 0.18194299999999997 0.434673 0.18741499999999997 0.48743700000000006 0.19698999999999997 0.507538 0.198358 0.520101 0.20383 0.532663 0.20383 0.555276 0.19698999999999997 0.575377 0.19562200000000002 0.592965 0.19151799999999997 0.605528 0.19698999999999997 0.615578 0.19698999999999997 0.625628 0.20109399999999997 0.640704 0.20109399999999997 0.6507539999999999 0.19698999999999997 0.658291 0.19698999999999997 0.675879 0.188782 0.675879 0.183311 0.668342 0.179207 0.645729 0.179207 0.633166 0.18604699999999996 0.625628 0.183311 0.615578 0.183311 0.600503 0.17647099999999996 0.582915 0.17647099999999996 0.572864 0.180575 0.545226 0.183311 0.525126 0.188782 0.51005 0.183311 0.497487 0.183311 0.444724 0.172367 0.432161 0.172367
1 0.613065 0.19288599999999997 0.600503 0.18741499999999997 0.58794 0.18741499999999997 0.580402 0.19151799999999997 0.572864 0.20930200000000002 0.562814 0.21477400000000002 0.562814 0.21887800000000002 0.545226 0.23392600000000002 0.515075 0.253078 0.439698 0.287278 0.419598 0.29275 0.404523 0.300958 0.356784 0.311902 0.301508 0.320109 0.273869 0.320109 0.266332 0.324213 0.266332 0.329685 0.273869 0.333789 0.311558 0.333789 0.33668299999999995 0.331053 0.414573 0.314637 0.437186 0.303694 0.464824 0.295486 0.530151 0.26539 0.570352 0.23939799999999997 0.595477 0.21751 0.600503 0.207934 0.613065 0.198358
1 0.58794 0.21751 0.580402 0.22161399999999998 0.580402 0.22845400000000002 0.58794 0.24076599999999998 0.615578 0.268126 0.635678 0.27907 0.653266 0.29275 0.71608 0.324213 0.741206 0.331053 0.7638189999999999 0.332421 0.7713570000000001 0.328317 0.7713570000000001 0.322845 0.758794 0.316005 0.731156 0.311902 0.703518 0.296854 0.698492 0.296854 0.683417 0.290014 0.638191 0.259918 0.613065 0.23529399999999998 0.60804 0.222982 0.59799 0.21751
1 0 0.9042410000000001 0 0.942544 0.01005 0.9521200000000001 0.022613 0.9575919999999999 0.052764 0.961696 0.08291500000000002 0.961696 0.125628 0.953488 0.128141 0.956224 0.113065 0.969904 0.113065 0.9767440000000001 0.130653 0.9849519999999999 0.165829 0.9849519999999999 0.22613099999999997 0.97264 0.246231 0.961696 0.266332 0.9439120000000001 0.288945 0.93844 0.30402 0.93844 0.31407 0.9411759999999999 0.326633 0.9493839999999999 0.32914600000000005 0.9548559999999999 0.306533 0.975376 0.296482 0.980848 0.296482 0.994528 0.30402 0.9986320000000001 0.41206 0.997264 0.434673 0.9876879999999999 0.454774 0.9685360000000001 0.46984900000000007 0.961696 0.48743700000000006 0.964432 0.512563 0.9767440000000001 0.542714 0.9767440000000001 0.557789 0.9712719999999999 0.580402 0.969904 0.592965 0.964432 0.60804 0.964432 0.623116 0.9603280000000001 0.680905 0.953488 0.70603 0.961696 0.675879 0.9767440000000001 0.675879 0.9876879999999999 0.683417 0.991792 0.708543 0.994528 0.766332 0.994528 0.811558 0.98632 0.841709 0.9712719999999999 0.864322 0.978112 0.914573 0.9794799999999999 0.922111 0.9767440000000001 0.9396980000000001 0.975376 0.9472360000000001 0.9712719999999999 0.9547739999999999 0.9712719999999999 0.9623119999999998 0.967168 0.997487 0.9575919999999999 0.9949750000000002 0.939808 0.984925 0.94528 0.922111 0.9630639999999999 0.874372 0.964432 0.859296 0.9575919999999999 0.826633 0.9575919999999999 0.7989950000000001 0.97264 0.7788939999999999 0.978112 0.756281 0.980848 0.718593 0.980848 0.711055 0.978112 0.733668 0.9658000000000001 0.733668 0.956224 0.7211060000000001 0.9493839999999999 0.690955 0.939808 0.6658289999999999 0.939808 0.635678 0.94528 0.613065 0.9466479999999999 0.59799 0.950752 0.582915 0.950752 0.562814 0.9575919999999999 0.547739 0.9575919999999999 0.532663 0.9630639999999999 0.522613 0.9630639999999999 0.5 0.950752 0.482412 0.948016 0.459799 0.948016 0.439698 0.9548559999999999 0.40703500000000004 0.9822160000000001 0.36432200000000003 0.989056 0.334171 0.989056 0.326633 0.98632 0.326633 0.983584 0.351759 0.964432 0.35427099999999995 0.948016 0.349246 0.9411759999999999 0.321608 0.9261290000000001 0.271357 0.9261290000000001 0.238693 0.93844 0.22613099999999997 0.948016 0.223618 0.953488 0.21356800000000004 0.95896 0.17336700000000002 0.9685360000000001 0.145729 0.9712719999999999 0.143216 0.969904 0.155779 0.9575919999999999 0.155779 0.948016 0.140704 0.939808 0.113065 0.939808 0.100503 0.9439120000000001 0.08794 0.9439120000000001 0.072864 0.948016 0.032663 0.9439120000000001 0.025126 0.937073 0.015075000000000002 0.908345 0.007538 0.9042410000000001
6 0.386935 0.05745599999999999 0.379397 0.061560000000000004 0.379397 0.068399 0.394472 0.09302299999999998 0.394472 0.113543 0.40201 0.11764699999999999 0.41206 0.11764699999999999 0.419598 0.113543 0.419598 0.087551 0.404523 0.061560000000000004 0.396985 0.05745599999999999
6 0.241206 0.172367 0.241206 0.17783899999999997 0.253769 0.183311 0.286432 0.184679 0.31407 0.194254 0.334171 0.198358 0.351759 0.198358 0.356784 0.19562200000000002 0.356784 0.18741499999999997 0.349246 0.183311 0.32914600000000005 0.18194299999999997 0.296482 0.170999 0.248744 0.168263