0 0.35353499999999993 0.01312 0.349747 0.017493 0.35101 0.030612 0.3244949999999999 0.043003 0.319444 0.047375999999999995 0.319444 0.061224 0.32197 0.066327 0.332071 0.075802 0.338384 0.079446 0.356061 0.085277 0.36363599999999996 0.085277 0.373737 0.076531 0.380051 0.076531 0.401515 0.086006 0.410354 0.087464 0.4255050000000001 0.087464 0.43055600000000005 0.085277 0.433081 0.086735 0.431818 0.093294 0.435606 0.10641399999999998 0.454545 0.13484 0.468434 0.149417 0.474747 0.161808 0.477273 0.176385 0.47096 0.182216 0.47601 0.188047 0.505051 0.201166 0.513889 0.20699700000000001 0.530303 0.21282799999999996 0.542929 0.215015 0.555556 0.219388 0.570707 0.220845 0.575758 0.223032 0.618687 0.223761 0.635101 0.225219 0.650253 0.223761 0.67298 0.219388 0.698232 0.20481000000000002 0.70202 0.200437 0.698232 0.191691 0.688131 0.181487 0.683081 0.170554 0.688131 0.120262 0.693182 0.110787 0.708333 0.09475199999999999 0.7209599999999999 0.0707 0.7323230000000001 0.058309 0.7323230000000001 0.045918 0.729798 0.040087 0.724747 0.034985 0.70202 0.024052 0.699495 0.019679 0.691919 0.014577 0.676768 0.010204 0.6691919999999999 0.010204 0.6489899999999998 0.004373 0.645202 0.002187 0.638889 0.001458 0.636364 0.002915 0.635101 0.021866 0.626263 0.03863 0.625 0.04519 0.618687 0.052478 0.613636 0.061953 0.607323 0.067055 0.607323 0.069971 0.603535 0.071429 0.599747 0.069971 0.599747 0.067055 0.556818 0.046647 0.546717 0.043732 0.525253 0.033528 0.516414 0.031341 0.497475 0.023324 0.487374 0.021137 0.454545 0.008746 0.44444399999999995 0.007289 0.426768 0.000729 0.416667 0.000729 0.39899 0.005831 0.385101 0.00656 0.375 0.009475 0.359848 0.010933
4 0.468434 0.182216 0.455808 0.18731799999999998 0.44444399999999995 0.193878 0.4343429999999999 0.20481000000000002 0.42803 0.209184 0.401515 0.223032 0.392677 0.23542300000000002 0.392677 0.240525 0.388889 0.24927099999999996 0.372475 0.25656 0.357323 0.266764 0.354798 0.269679 0.354798 0.281341 0.35101 0.293003 0.342172 0.301749 0.330808 0.319971 0.315657 0.331633 0.311869 0.35277 0.276515 0.387755 0.276515 0.39868799999999993 0.281566 0.400875 0.290404 0.402332 0.301768 0.402332 0.305556 0.404519 0.305556 0.411079 0.294192 0.44387800000000005 0.292929 0.453353 0.289141 0.457726 0.287879 0.469388 0.282828 0.47886300000000004 0.277778 0.49416899999999997 0.277778 0.5 0.27399 0.505102 0.271465 0.517493 0.267677 0.522595 0.267677 0.529883 0.263889 0.540087 0.260101 0.54519 0.251263 0.549563 0.246212 0.554665 0.243687 0.567784 0.17298 0.626822 0.164141 0.639213 0.156566 0.646501 0.157828 0.654519 0.161616 0.656706 0.169192 0.656706 0.175505 0.658892 0.179293 0.663994 0.18181799999999998 0.672741 0.190657 0.680029 0.183081 0.688776 0.155303 0.706268 0.137626 0.723761 0.099747 0.748542 0.087121 0.7616620000000001 0.061869 0.7835280000000001 0.060606 0.78863 0.064394 0.7930029999999999 0.084596 0.7966469999999999 0.09596 0.8053940000000002 0.10732299999999999 0.806122 0.113636 0.809767 0.11111099999999999 0.813411 0.103535 0.816327 0.09848499999999999 0.8221570000000001 0.078283 0.833819 0.069444 0.8425659999999999 0.042929 0.859329 0.032828 0.8695339999999999 0.021465 0.8768220000000001 0.007576 0.889213 0.002525 0.896501 0.001263 0.9023320000000001 0.003788 0.905977 0.010101 0.9074340000000001 0.018939 0.913994 0.031566 0.913994 0.037879 0.91691 0.037879 0.9271139999999999 0.039141 0.9307580000000001 0.042929 0.932945 0.051768 0.93586 0.061869 0.937318 0.074495 0.946064 0.093434 0.9533530000000001 0.103535 0.9540820000000001 0.119949 0.949708 0.15404 0.950437 0.164141 0.9489799999999999 0.17298 0.950437 0.186869 0.956268 0.198232 0.9569970000000001 0.203283 0.9584550000000001 0.208333 0.9584550000000001 0.217172 0.95481 0.224747 0.95481 0.232323 0.959913 0.232323 0.968659 0.234848 0.9708449999999998 0.252525 0.9759480000000001 0.276515 0.976676 0.292929 0.982507 0.329545 0.982507 0.344697 0.975219 0.36363599999999996 0.971574 0.397727 0.9795920000000001 0.401515 0.981778 0.40404 0.986152 0.416667 0.991983 0.445707 0.9927109999999999 0.454545 0.996356 0.467172 0.997085 0.47601 0.999271 0.486111 0.999271 0.49621200000000004 0.997085 0.517677 0.9883379999999999 0.550505 0.9883379999999999 0.565657 0.982507 0.603535 0.982507 0.628788 0.991254 0.642677 0.991254 0.6590909999999999 0.995627 0.704545 0.995627 0.722222 0.98688 0.7272729999999998 0.977405 0.733586 0.975219 0.7424240000000001 0.9759480000000001 0.7474749999999999 0.978134 0.758838 0.9803210000000001 0.776515 0.9795920000000001 0.791667 0.9759480000000001 0.806818 0.9759480000000001 0.8156569999999999 0.9788630000000001 0.8257579999999999 0.978134 0.8308080000000001 0.973032 0.839646 0.968659 0.847222 0.968659 0.8522729999999998 0.9708449999999998 0.878788 0.9708449999999998 0.890152 0.969388 0.901515 0.965015 0.92298 0.9526240000000001 0.933081 0.9446059999999998 0.9507579999999999 0.940233 0.967172 0.9300290000000001 0.983586 0.9249270000000002 0.989899 0.918367 0.991162 0.913265 0.9974749999999999 0.908892 0.9974749999999999 0.8986880000000002 0.978535 0.8717200000000002 0.968434 0.852041 0.9558080000000001 0.838921 0.939394 0.8104960000000001 0.9406569999999999 0.80758 0.94697 0.803936 0.9558080000000001 0.802478 0.962121 0.799563 0.964646 0.782799 0.943182 0.75 0.9292929999999999 0.73688 0.916667 0.717201 0.910354 0.710641 0.905303 0.699708 0.890152 0.680029 0.891414 0.669825 0.893939 0.668367 0.905303 0.667638 0.911616 0.664723 0.9141410000000001 0.66035 0.912879 0.654519 0.8989899999999998 0.630466 0.883838 0.612974 0.869949 0.590379 0.856061 0.575802 0.853535 0.5707 0.853535 0.559767 0.843434 0.53863 0.837121 0.505102 0.82702 0.473032 0.824495 0.456997 0.82702 0.45189500000000005 0.842172 0.44242 0.848485 0.428571 0.847222 0.419825 0.839646 0.411079 0.824495 0.402332 0.8207070000000001 0.39795899999999995 0.816919 0.38629700000000006 0.8093430000000001 0.37536400000000003 0.8093430000000001 0.37172 0.795455 0.347668 0.780303 0.303936 0.770202 0.29519 0.766414 0.281341 0.755051 0.271866 0.7474749999999999 0.259475 0.744949 0.251458 0.7260100000000002 0.227405 0.717172 0.220845 0.709596 0.20481000000000002 0.70202 0.197522 0.703283 0.200437 0.699495 0.20481000000000002 0.67298 0.22011699999999998 0.650253 0.22449 0.635101 0.22594799999999998 0.618687 0.22449 0.582071 0.22449 0.575758 0.223761 0.570707 0.221574 0.555556 0.22011699999999998 0.542929 0.215743 0.530303 0.213557 0.513889 0.207726 0.505051 0.201895 0.477273 0.18950399999999998 0.47096 0.182945
7 0.460859 0.185131 0.460859 0.193149 0.467172 0.197522 0.474747 0.19898000000000002 0.481061 0.20262400000000003 0.515152 0.21209900000000004 0.521465 0.215743 0.531566 0.21793000000000004 0.535354 0.22011699999999998 0.550505 0.22449 0.556818 0.22449 0.568182 0.229592 0.57702 0.229592 0.579545 0.23105 0.60101 0.23105 0.607323 0.233236 0.622475 0.233236 0.627525 0.23105 0.6477270000000002 0.230321 0.6641410000000001 0.22449 0.67298 0.22449 0.693182 0.21793000000000004 0.70202 0.21282799999999996 0.70202 0.21137 0.7108589999999999 0.20481000000000002 0.7108589999999999 0.200437 0.704545 0.196064 0.691919 0.195335 0.681818 0.200437 0.67803 0.20481000000000002 0.661616 0.21064100000000002 0.6540400000000001 0.21064100000000002 0.6489899999999998 0.21282799999999996 0.640152 0.21428600000000003 0.633838 0.217201 0.592172 0.217201 0.588384 0.215743 0.580808 0.215743 0.566919 0.21064100000000002 0.554293 0.20845500000000003 0.536616 0.20262400000000003 0.530303 0.19898000000000002 0.521465 0.197522 0.49621200000000004 0.190233 0.477273 0.180029 0.467172 0.180758
1 0.4406570000000001 0.201166 0.42297999999999997 0.215743 0.42297999999999997 0.22449 0.414141 0.239067 0.416667 0.26895 0.426768 0.282799 0.436869 0.28863 0.441919 0.29519 0.445707 0.297376 0.445707 0.301749 0.448232 0.304665 0.445707 0.309038 0.44697 0.321429 0.45959599999999995 0.327988 0.472222 0.337464 0.486111 0.345481 0.489899 0.352041 0.489899 0.358601 0.486111 0.362245 0.486111 0.370262 0.49368699999999993 0.37828000000000006 0.511364 0.388484 0.526515 0.395044 0.546717 0.39795899999999995 0.556818 0.403061 0.574495 0.407434 0.582071 0.411808 0.587121 0.41253600000000007 0.614899 0.4241980000000001 0.627525 0.426385 0.643939 0.4358600000000001 0.646465 0.44023300000000004 0.656566 0.446793 0.67298 0.45189500000000005 0.681818 0.45189500000000005 0.685606 0.453353 0.7373739999999999 0.453353 0.741162 0.45189500000000005 0.7525250000000001 0.45189500000000005 0.758838 0.45481 0.766414 0.45481 0.782828 0.458455 0.824495 0.458455 0.837121 0.45189500000000005 0.8409090000000001 0.45116600000000007 0.847222 0.446793 0.847222 0.43731799999999993 0.838384 0.432216 0.828283 0.432945 0.813131 0.44387800000000005 0.791667 0.44387800000000005 0.782828 0.441691 0.771465 0.440962 0.7575759999999999 0.4336729999999999 0.7474749999999999 0.4336729999999999 0.739899 0.43731799999999993 0.7323230000000001 0.43731799999999993 0.728535 0.438776 0.694444 0.438776 0.6906569999999999 0.43731799999999993 0.6792929999999999 0.43658899999999995 0.670455 0.4336729999999999 0.666667 0.427843 0.6477270000000002 0.4161810000000001 0.635101 0.411808 0.628788 0.411079 0.611111 0.404519 0.589646 0.394315 0.570707 0.38994200000000007 0.564394 0.38629700000000006 0.554293 0.383382 0.537879 0.381195 0.517677 0.370991 0.512626 0.365889 0.512626 0.342566 0.505051 0.333819 0.492424 0.327988 0.491162 0.325802 0.472222 0.313411 0.473485 0.300292 0.47096 0.297376 0.47096 0.291545 0.463384 0.286443 0.45959599999999995 0.281341 0.4494949999999999 0.27551 0.441919 0.265306 0.439394 0.24344000000000002 0.448232 0.228863 0.448232 0.22230299999999997 0.45959599999999995 0.21064100000000002 0.45959599999999995 0.205539 0.450758 0.200437
1 0.473485 0.329446 0.465909 0.325802 0.455808 0.326531 0.44697 0.330904 0.443182 0.336735 0.429293 0.344023 0.419192 0.347668 0.409091 0.349125 0.37878799999999996 0.349125 0.372475 0.350583 0.366162 0.354227 0.362374 0.358601 0.362374 0.373907 0.309343 0.385569 0.284091 0.3870259999999999 0.275253 0.392128 0.276515 0.39795899999999995 0.284091 0.40160300000000004 0.316919 0.400146 0.36363599999999996 0.39067099999999993 0.38131300000000007 0.385569 0.390152 0.381195 0.390152 0.368076 0.387626 0.363703 0.421717 0.362974 0.435606 0.360058 0.47096 0.341108 0.473485 0.338192
1 0.142677 0.64723 0.143939 0.653061 0.152778 0.658163 0.191919 0.673469 0.200758 0.681487 0.22979799999999997 0.698251 0.236111 0.698251 0.241162 0.700437 0.253788 0.699708 0.260101 0.695335 0.260101 0.683673 0.266414 0.682945 0.282828 0.68586 0.295455 0.69242 0.299242 0.693149 0.315657 0.702624 0.32197 0.70481 0.32702000000000003 0.70481 0.33712100000000006 0.709913 0.35101 0.712099 0.39646500000000007 0.712099 0.405303 0.709913 0.41287899999999994 0.70481 0.41287899999999994 0.694606 0.410354 0.691691 0.41540400000000005 0.690962 0.429293 0.698251 0.445707 0.704082 0.455808 0.709913 0.464646 0.71137 0.48863599999999996 0.718659 0.503788 0.719388 0.522727 0.723761 0.579545 0.723761 0.587121 0.721574 0.599747 0.712828 0.607323 0.695335 0.617424 0.691691 0.630051 0.691691 0.636364 0.693149 0.640152 0.695335 0.637626 0.698251 0.638889 0.705539 0.650253 0.71137 0.6641410000000001 0.715015 0.6742420000000001 0.715015 0.681818 0.716472 0.703283 0.716472 0.709596 0.715015 0.729798 0.715015 0.7575759999999999 0.712099 0.771465 0.70481 0.781566 0.693149 0.782828 0.68586 0.787879 0.677843 0.806818 0.674198 0.808081 0.682945 0.816919 0.689504 0.82702 0.691691 0.859848 0.691691 0.873737 0.689504 0.888889 0.685131 0.9242420000000001 0.668367 0.9242420000000001 0.661079 0.9191919999999999 0.658163 0.9040400000000001 0.657434 0.876263 0.672012 0.869949 0.672741 0.8623739999999999 0.675656 0.8409090000000001 0.677843 0.8358589999999999 0.676385 0.8409090000000001 0.671283 0.8409090000000001 0.665452 0.834596 0.661079 0.82702 0.658892 0.801768 0.658892 0.791667 0.661808 0.776515 0.663994 0.766414 0.669096 0.760101 0.675656 0.7575759999999999 0.686589 0.7474749999999999 0.697522 0.717172 0.701166 0.6957070000000001 0.701895 0.6742420000000001 0.701166 0.6691919999999999 0.699708 0.6641410000000001 0.688047 0.6540400000000001 0.681487 0.6477270000000002 0.680029 0.641414 0.676385 0.618687 0.675656 0.598485 0.680029 0.585859 0.686589 0.578283 0.696064 0.574495 0.707726 0.57197 0.709184 0.530303 0.709184 0.511364 0.70481 0.49621200000000004 0.704082 0.47601 0.697522 0.467172 0.696064 0.458333 0.690962 0.44444399999999995 0.68586 0.431818 0.678571 0.419192 0.675656 0.391414 0.677843 0.382576 0.682216 0.380051 0.685131 0.380051 0.693878 0.383838 0.696793 0.382576 0.697522 0.35353499999999993 0.696793 0.349747 0.694606 0.330808 0.690233 0.316919 0.682216 0.291667 0.671283 0.268939 0.667638 0.256313 0.667638 0.242424 0.670554 0.236111 0.674198 0.233586 0.6793 0.22096 0.672012 0.217172 0.66691 0.208333 0.661808 0.161616 0.642857 0.151515 0.642128
1 0.050505 0.785714 0.051768 0.7922739999999999 0.083333 0.809038 0.093434 0.811224 0.10101 0.8155979999999999 0.11868700000000001 0.821429 0.132576 0.8221570000000001 0.140152 0.8185129999999999 0.141414 0.814869 0.143939 0.81414 0.17803000000000002 0.8250729999999998 0.205808 0.830904 0.215909 0.836006 0.23106099999999996 0.838921 0.236111 0.841837 0.253788 0.841837 0.260101 0.837464 0.258838 0.830175 0.262626 0.829446 0.304293 0.838921 0.319444 0.844023 0.369949 0.852041 0.387626 0.853499 0.40404 0.856414 0.409091 0.858601 0.441919 0.857872 0.448232 0.853499 0.448232 0.8491250000000001 0.439394 0.844023 0.45202000000000003 0.8425659999999999 0.479798 0.848397 0.482323 0.854956 0.489899 0.858601 0.555556 0.863703 0.599747 0.863703 0.611111 0.862245 0.637626 0.862245 0.6489899999999998 0.860058 0.661616 0.860058 0.670455 0.8542270000000001 0.670455 0.8491250000000001 0.660354 0.8425659999999999 0.6691919999999999 0.840379 0.689394 0.840379 0.70202 0.841837 0.708333 0.8462099999999999 0.728535 0.8505829999999999 0.765152 0.8505829999999999 0.780303 0.8491250000000001 0.792929 0.8454809999999999 0.79798 0.8454809999999999 0.805556 0.841837 0.806818 0.838921 0.814394 0.835277 0.814394 0.8243439999999999 0.8207070000000001 0.821429 0.8358589999999999 0.8185129999999999 0.873737 0.817055 0.8775250000000001 0.8185129999999999 0.885101 0.8185129999999999 0.8977270000000002 0.821429 0.915404 0.8221570000000001 0.92298 0.8199709999999999 0.944444 0.8185129999999999 0.959596 0.813411 0.9709599999999999 0.806122 0.9709599999999999 0.799563 0.962121 0.794461 0.95202 0.79519 0.936869 0.803936 0.9292929999999999 0.803936 0.911616 0.806851 0.8989899999999998 0.806122 0.893939 0.803936 0.885101 0.803936 0.881313 0.802478 0.8510100000000002 0.802478 0.828283 0.803936 0.813131 0.806851 0.7992420000000001 0.811224 0.790404 0.817784 0.790404 0.826531 0.780303 0.8323620000000002 0.7727270000000002 0.834548 0.7575759999999999 0.836006 0.736111 0.836006 0.7260100000000002 0.833819 0.718434 0.829446 0.709596 0.8272590000000001 0.698232 0.825802 0.661616 0.825802 0.640152 0.828717 0.619949 0.83309 0.613636 0.837464 0.613636 0.841837 0.619949 0.8469389999999999 0.618687 0.8476679999999999 0.603535 0.8476679999999999 0.592172 0.8491250000000001 0.563131 0.8491250000000001 0.515152 0.8454809999999999 0.505051 0.83965 0.494949 0.836006 0.45959599999999995 0.8279880000000001 0.441919 0.8279880000000001 0.43055600000000005 0.829446 0.417929 0.83309 0.41287899999999994 0.836006 0.407828 0.841837 0.395202 0.838921 0.377525 0.837464 0.32702000000000003 0.829446 0.313131 0.8243439999999999 0.290404 0.8199709999999999 0.282828 0.817055 0.267677 0.814869 0.256313 0.811224 0.228535 0.811224 0.217172 0.817784 0.205808 0.81414 0.18939399999999998 0.811224 0.157828 0.8010200000000001 0.135101 0.7959179999999999 0.119949 0.7959179999999999 0.109848 0.799563 0.093434 0.794461 0.066919 0.780612 0.056818 0.781341
1 0 0.8957729999999999 0 0.913994 0.007576 0.9176379999999998 0.029040000000000003 0.9227409999999999 0.031566 0.933673 0.039141 0.937318 0.041667 0.941691 0.046717 0.9446059999999998 0.054293 0.945335 0.060606 0.9489799999999999 0.07197 0.9489799999999999 0.08207100000000002 0.9518950000000002 0.09469699999999999 0.9518950000000002 0.108586 0.9569970000000001 0.11489899999999999 0.9569970000000001 0.117424 0.9584550000000001 0.141414 0.9584550000000001 0.150253 0.955539 0.176768 0.955539 0.183081 0.9569970000000001 0.19696999999999998 0.9569970000000001 0.200758 0.9584550000000001 0.21843400000000002 0.9584550000000001 0.223485 0.96137 0.223485 0.964286 0.22979799999999997 0.971574 0.247475 0.9795920000000001 0.285354 0.987609 0.318182 0.991983 0.347222 0.991983 0.361111 0.983236 0.376263 0.9795920000000001 0.383838 0.9839650000000001 0.387626 0.9846940000000001 0.397727 0.991983 0.406566 0.991983 0.41287899999999994 0.995627 0.431818 0.999271 0.526515 0.998542 0.545455 0.9934399999999999 0.565657 0.991254 0.579545 0.98688 0.589646 0.985423 0.599747 0.985423 0.612374 0.989067 0.619949 0.9927109999999999 0.635101 0.9934399999999999 0.642677 0.996356 0.655303 0.997085 0.6590909999999999 0.998542 0.708333 0.998542 0.728535 0.991254 0.743687 0.981778 0.7626260000000001 0.981778 0.768939 0.9839650000000001 0.810606 0.9839650000000001 0.819444 0.981778 0.832071 0.9810500000000001 0.853535 0.973761 0.859848 0.973761 0.863636 0.975219 0.890152 0.975219 0.8926769999999999 0.973761 0.8977270000000002 0.973761 0.915404 0.968659 0.921717 0.965015 0.9242420000000001 0.965015 0.9343430000000001 0.9577260000000001 0.938131 0.9569970000000001 0.953283 0.9489799999999999 0.957071 0.9446059999999998 0.9608589999999999 0.943878 0.973485 0.936589 0.984848 0.932216 0.998737 0.924198 0.998737 0.897959 0.984848 0.905977 0.979798 0.913994 0.9558080000000001 0.9249270000000002 0.92298 0.9446059999999998 0.900253 0.955539 0.890152 0.959184 0.8825759999999999 0.959184 0.8775250000000001 0.96137 0.873737 0.96137 0.8674240000000001 0.959184 0.844697 0.959184 0.832071 0.964286 0.828283 0.964286 0.8207070000000001 0.967201 0.808081 0.96793 0.80303 0.969388 0.776515 0.969388 0.7727270000000002 0.96793 0.731061 0.96793 0.7159090000000001 0.9759480000000001 0.712121 0.9795920000000001 0.698232 0.9846940000000001 0.670455 0.9846940000000001 0.662879 0.982507 0.650253 0.981778 0.645202 0.9795920000000001 0.631313 0.9788630000000001 0.609848 0.9708449999999998 0.582071 0.9708449999999998 0.565657 0.973761 0.558081 0.976676 0.541667 0.978134 0.513889 0.9846940000000001 0.5 0.9846940000000001 0.484848 0.987609 0.453283 0.987609 0.441919 0.9846940000000001 0.4343429999999999 0.9846940000000001 0.421717 0.9795920000000001 0.411616 0.978134 0.387626 0.964286 0.37121200000000004 0.964286 0.362374 0.9657429999999999 0.348485 0.970117 0.33459599999999995 0.978134 0.291667 0.973032 0.258838 0.9657429999999999 0.251263 0.962099 0.246212 0.9533530000000001 0.23106099999999996 0.9446059999999998 0.212121 0.9446059999999998 0.205808 0.94242 0.190657 0.94242 0.184343 0.940962 0.142677 0.940962 0.128788 0.943149 0.117424 0.94242 0.10606100000000002 0.938047 0.092172 0.938047 0.079545 0.9344020000000001 0.070707 0.9344020000000001 0.054293 0.9249270000000002 0.054293 0.914723 0.049242 0.911808 0.032828 0.906706 0.022727 0.905248 0.008838 0.896501
7 0.243687 0.553936 0.244949 0.559767 0.256313 0.565598 0.270202 0.568513 0.290404 0.575073 0.311869 0.579446 0.33459599999999995 0.582362 0.372475 0.590379 0.383838 0.591108 0.42803 0.598397 0.44697 0.598397 0.47096 0.602041 0.491162 0.602041 0.510101 0.604956 0.625 0.604956 0.6540400000000001 0.602041 0.670455 0.598397 0.698232 0.598397 0.714646 0.59621 0.7525250000000001 0.586735 0.7790400000000001 0.582362 0.791667 0.577988 0.808081 0.575802 0.82197 0.571429 0.82702 0.571429 0.839646 0.566327 0.847222 0.566327 0.8522729999999998 0.564869 0.858586 0.560496 0.858586 0.556122 0.8522729999999998 0.551749 0.837121 0.55102 0.814394 0.55758 0.8042929999999999 0.559038 0.796717 0.561953 0.780303 0.56414 0.765152 0.569242 0.743687 0.572157 0.738636 0.574344 0.713384 0.580175 0.6906569999999999 0.583819 0.662879 0.583819 0.646465 0.587464 0.625 0.588921 0.611111 0.591108 0.52399 0.591108 0.498737 0.587464 0.47853499999999993 0.587464 0.454545 0.583819 0.435606 0.583819 0.409091 0.580175 0.39646500000000007 0.577259 0.380051 0.575802 0.330808 0.565598 0.314394 0.56414 0.284091 0.555394 0.271465 0.553207 0.260101 0.548834 0.25 0.549563
2 0.421717 0.002187 0.420455 0.008017 0.426768 0.012391 0.4494949999999999 0.017493 0.463384 0.024781 0.472222 0.02551 0.481061 0.029155000000000004 0.49621200000000004 0.032799 0.502525 0.036443 0.507576 0.037172 0.518939 0.044461 0.52399 0.04519 0.536616 0.052478 0.542929 0.058309 0.575758 0.077988 0.579545 0.077988 0.585859 0.080904 0.603535 0.080904 0.618687 0.072157 0.621212 0.067055 0.632576 0.05466499999999999 0.632576 0.046647 0.638889 0.037172 0.638889 0.029155000000000004 0.643939 0.022595 0.643939 0.016035 0.6477270000000002 0.01312 0.6477270000000002 0.005102 0.641414 0.000729 0.628788 0.000729 0.619949 0.008017 0.619949 0.015306 0.613636 0.023324 0.613636 0.03207 0.608586 0.040816 0.608586 0.048105 0.602273 0.056851 0.593434 0.064869 0.579545 0.058309 0.522727 0.024052 0.516414 0.023324 0.508838 0.01895 0.498737 0.017493 0.486111 0.012391 0.477273 0.010933 0.47096 0.007289 0.450758 0 0.4255050000000001 0
7 0.7424240000000001 0.045918 0.734848 0.042274 0.7209599999999999 0.042274 0.713384 0.045918 0.712121 0.05466499999999999 0.7007579999999999 0.067784 0.699495 0.077259 0.689394 0.086006 0.689394 0.092566 0.671717 0.105685 0.667929 0.11005799999999999 0.656566 0.116618 0.651515 0.116618 0.638889 0.120262 0.622475 0.116618 0.614899 0.112245 0.604798 0.11005799999999999 0.588384 0.11005799999999999 0.582071 0.112245 0.566919 0.11005799999999999 0.556818 0.11005799999999999 0.546717 0.105685 0.537879 0.10349899999999998 0.527778 0.10349899999999998 0.515152 0.099125 0.494949 0.09621 0.48863599999999996 0.092566 0.474747 0.090379 0.464646 0.085277 0.4494949999999999 0.086006 0.438131 0.084548 0.424242 0.078717 0.401515 0.072886 0.373737 0.072157 0.367424 0.075073 0.361111 0.0707 0.3244949999999999 0.055394 0.314394 0.05612199999999999 0.308081 0.060496 0.308081 0.064869 0.316919 0.0707 0.342172 0.081633 0.343434 0.084548 0.357323 0.091108 0.375 0.091108 0.385101 0.086006 0.397727 0.088192 0.41540400000000005 0.093294 0.426768 0.098397 0.4406570000000001 0.099854 0.4494949999999999 0.10277 0.460859 0.10277 0.467172 0.104956 0.474747 0.105685 0.481061 0.10932899999999998 0.508838 0.114431 0.520202 0.118076 0.52904 0.118076 0.546717 0.12463599999999998 0.559343 0.12463599999999998 0.565657 0.126093 0.593434 0.126093 0.597222 0.12463599999999998 0.607323 0.129009 0.628788 0.13484 0.6477270000000002 0.13484 0.6590909999999999 0.131195 0.6691919999999999 0.130466 0.680556 0.123907 0.6843430000000001 0.123178 0.689394 0.120262 0.691919 0.11516 0.713384 0.099854 0.713384 0.092566 0.724747 0.081633 0.724747 0.073615 0.733586 0.066327 0.733586 0.062682 0.7373739999999999 0.05976700000000001 0.7373739999999999 0.05612199999999999 0.7424240000000001 0.05320699999999999