0 0.593407 0.002392 0.574176 0.016746 0.538462 0.016746 0.516484 0.026316 0.44505500000000003 0.023923 0.412088 0.014354 0.412088 0.047847 0.38186800000000004 0.08134 0.343407 0.100478 0.296703 0.110048 0.285714 0.119617 0.271978 0.124402 0.233516 0.129187 0.21978 0.119617 0.230769 0.131579 0.24725299999999997 0.179426 0.260989 0.203349 0.271978 0.260766 0.28022 0.279904 0.28022 0.4162680000000001 0.288462 0.437799 0.291209 0.461722 0.302198 0.485646 0.302198 0.57177 0.293956 0.595694 0.266484 0.643541 0.22252700000000003 0.681818 0.22252700000000003 0.688995 0.233516 0.703349 0.233516 0.72488 0.252747 0.729665 0.252747 0.741627 0.263736 0.753589 0.277473 0.753589 0.288462 0.746411 0.313187 0.772727 0.321429 0.772727 0.346154 0.760766 0.36538500000000007 0.782297 0.376374 0.779904 0.40659300000000004 0.784689 0.412088 0.779904 0.425824 0.779904 0.43956 0.796651 0.458791 0.787081 0.46978000000000003 0.796651 0.494505 0.796651 0.510989 0.782297 0.519231 0.791866 0.552198 0.791866 0.563187 0.8014350000000001 0.585165 0.8014350000000001 0.590659 0.796651 0.629121 0.796651 0.648352 0.784689 0.662088 0.796651 0.678571 0.7990429999999998 0.692308 0.789474 0.697802 0.779904 0.697802 0.741627 0.692308 0.729665 0.684066 0.679426 0.686813 0.614833 0.692308 0.595694 0.706044 0.57177 0.700549 0.559809 0.700549 0.54067 0.708791 0.521531 0.7225270000000001 0.504785 0.7142859999999999 0.4832540000000001 0.7142859999999999 0.46650700000000006 0.730769 0.442584 0.744505 0.406699 0.747253 0.375598 0.7362639999999999 0.349282 0.7362639999999999 0.246411 0.741758 0.236842 0.744505 0.210526 0.752747 0.19378 0.758242 0.162679 0.7857140000000001 0.107656 0.758242 0.105263 0.733516 0.093301 0.684066 0.08373200000000001 0.64011 0.066986 0.598901 0.033493
5 0.802198 0.102871 0.7857140000000001 0.110048 0.7637360000000001 0.155502 0.755495 0.19378 0.747253 0.210526 0.744505 0.236842 0.739011 0.246411 0.739011 0.349282 0.747253 0.366029 0.75 0.3851669999999999 0.739011 0.430622 0.717033 0.46650700000000006 0.717033 0.4832540000000001 0.7252749999999999 0.504785 0.7115380000000001 0.521531 0.7032969999999998 0.54067 0.7032969999999998 0.559809 0.708791 0.57177 0.695055 0.595694 0.68956 0.614833 0.686813 0.679426 0.692308 0.6961719999999999 0.692308 0.715311 0.700549 0.715311 0.728022 0.727273 0.758242 0.708134 0.766484 0.712919 0.7747250000000001 0.741627 0.7747250000000001 0.763158 0.782967 0.784689 0.78022 0.815789 0.7884619999999999 0.822967 0.7857140000000001 0.84689 0.791209 0.851675 0.7884619999999999 0.880383 0.793956 0.9090910000000001 0.78022 0.9306219999999998 0.7774729999999999 0.947368 0.7884619999999999 0.954545 0.8104399999999999 0.954545 0.815934 0.9593299999999999 0.835165 0.9593299999999999 0.843407 0.9641150000000002 0.865385 0.954545 0.865385 0.72488 0.876374 0.708134 0.9505490000000001 0.679426 0.9752749999999999 0.660287 0.9752749999999999 0.593301 0.997253 0.502392 0.997253 0.437799 0.991758 0.409091 0.96978 0.36124399999999995 0.9642859999999999 0.339713 0.936813 0.289474 0.928571 0.18421100000000004 0.909341 0.15311 0.8901100000000001 0.136364 0.8598899999999999 0.11722500000000001 0.835165 0.107656
5 0.21978 0.119617 0.195055 0.12201000000000001 0.181319 0.129187 0.151099 0.155502 0.131868 0.19378 0.112637 0.212919 0.096154 0.246411 0.049451 0.311005 0.013736 0.373206 0 0.411483 0 0.46890000000000004 0.013736 0.504785 0.021978 0.552632 0.06044 0.607656 0.096154 0.638756 0.134615 0.660287 0.145604 0.6722490000000001 0.145604 0.720096 0.126374 0.796651 0.118132 0.894737 0.096154 0.952153 0.112637 0.976077 0.148352 0.990431 0.167582 0.990431 0.17857099999999998 0.997608 0.186813 0.990431 0.18406599999999998 0.956938 0.17857099999999998 0.949761 0.181319 0.897129 0.192308 0.863636 0.200549 0.851675 0.200549 0.8301439999999999 0.20879100000000003 0.808612 0.21978 0.751196 0.233516 0.727273 0.22802199999999997 0.712919 0.230769 0.703349 0.22252700000000003 0.6937799999999998 0.22252700000000003 0.679426 0.263736 0.643541 0.291209 0.595694 0.299451 0.57177 0.299451 0.485646 0.288462 0.461722 0.285714 0.437799 0.277473 0.4162680000000001 0.277473 0.279904 0.269231 0.260766 0.258242 0.203349 0.244505 0.179426 0.225275 0.124402
2 0.604396 0.007177 0.598901 0.002392 0.587912 0.002392 0.574176 0.011962 0.538462 0.014354 0.513736 0.023923 0.467033 0.023923 0.414835 0.009569 0.409341 0.019139 0.442308 0.033493 0.524725 0.035885 0.541209 0.028708 0.574176 0.028708 0.57967 0.023923 0.587912 0.023923 0.604396 0.011962
2 0.634615 0.059809 0.623626 0.057416 0.596154 0.074163 0.585165 0.086124 0.546703 0.105263 0.510989 0.110048 0.502747 0.114833 0.475275 0.114833 0.46978000000000003 0.110048 0.43956 0.107656 0.398352 0.076555 0.39285700000000007 0.076555 0.387363 0.086124 0.412088 0.110048 0.436813 0.12201000000000001 0.458791 0.12201000000000001 0.467033 0.126794 0.516484 0.126794 0.524725 0.12201000000000001 0.557692 0.11722500000000001 0.585165 0.105263 0.634615 0.069378
2 0.299451 0.576555 0.304945 0.588517 0.32967 0.600478 0.36538500000000007 0.61244 0.38186800000000004 0.61244 0.412088 0.624402 0.43956 0.624402 0.447802 0.629187 0.467033 0.629187 0.48351599999999995 0.633971 0.656593 0.636364 0.684066 0.633971 0.68956 0.629187 0.686813 0.617225 0.645604 0.624402 0.549451 0.624402 0.48351599999999995 0.619617 0.43956 0.610048 0.41758200000000006 0.610048 0.38186800000000004 0.598086 0.36813199999999996 0.598086 0.351648 0.588517 0.340659 0.588517 0.313187 0.57177 0.304945 0.57177
7 0.217033 0.681818 0.217033 0.688995 0.225275 0.6985649999999999 0.225275 0.72488 0.233516 0.732057 0.252747 0.739234 0.252747 0.751196 0.269231 0.760766 0.291209 0.758373 0.304945 0.770335 0.340659 0.770335 0.35714299999999993 0.784689 0.409341 0.782297 0.428571 0.7990429999999998 0.497253 0.8038280000000001 0.513736 0.796651 0.521978 0.8014350000000001 0.552198 0.8014350000000001 0.571429 0.811005 0.587912 0.811005 0.607143 0.8038280000000001 0.626374 0.8038280000000001 0.648352 0.794258 0.67033 0.8014350000000001 0.684066 0.8014350000000001 0.695055 0.796651 0.692308 0.779904 0.686813 0.779904 0.678571 0.787081 0.637363 0.779904 0.629121 0.787081 0.612637 0.791866 0.593407 0.791866 0.576923 0.796651 0.557692 0.787081 0.53022 0.789474 0.516484 0.7775120000000001 0.505495 0.779904 0.486264 0.791866 0.475275 0.791866 0.461538 0.782297 0.43956 0.787081 0.423077 0.770335 0.362637 0.770335 0.348901 0.755981 0.313187 0.758373 0.302198 0.744019 0.274725 0.746411 0.269231 0.741627 0.269231 0.729665 0.252747 0.72488 0.239011 0.715311 0.239011 0.688995 0.230769 0.679426 0.22252700000000003 0.677033
6 0.233516 0.129187 0.22802199999999997 0.133971 0.22802199999999997 0.15311 0.24725299999999997 0.205742 0.258242 0.258373 0.263736 0.263158 0.263736 0.277512 0.271978 0.284689 0.282967 0.287081 0.285714 0.27512 0.28022 0.270335 0.28022 0.260766 0.269231 0.236842 0.269231 0.222488 0.263736 0.217703 0.255495 0.174641 0.244505 0.150718 0.244505 0.133971
6 0.793956 0.107656 0.7884619999999999 0.107656 0.78022 0.114833 0.758242 0.157895 0.733516 0.23205699999999999 0.733516 0.26555 0.747253 0.26555 0.75 0.23205699999999999 0.7637360000000001 0.203349 0.769231 0.174641 0.7967030000000002 0.12201000000000001
6 0.14011 0.665072 0.142857 0.6722490000000001 0.173077 0.684211 0.186813 0.684211 0.195055 0.688995 0.230769 0.686603 0.230769 0.679426 0.21978 0.6722490000000001 0.200549 0.6746410000000002 0.153846 0.660287 0.145604 0.660287
6 0.755495 0.703349 0.758242 0.710526 0.832418 0.710526 0.851648 0.715311 0.873626 0.715311 0.873626 0.703349 0.868132 0.6985649999999999 0.854396 0.7009570000000002 0.818681 0.6961719999999999 0.766484 0.6961719999999999