0 0.277778 0.037397 0.275253 0.041137 0.275253 0.046372 0.284512 0.05310399999999999 0.284512 0.062827 0.280303 0.067315 0.266835 0.073298 0.276094 0.077786 0.284512 0.086013 0.293771 0.10097200000000002 0.298822 0.114435 0.298822 0.131638 0.305556 0.15258 0.306397 0.164547 0.309764 0.175767 0.309764 0.19596100000000002 0.308081 0.198953 0.308081 0.211668 0.306397 0.21465999999999996 0.306397 0.22288699999999997 0.303872 0.23335800000000004 0.305556 0.234106 0.305556 0.246073 0.308081 0.252805 0.308081 0.258788 0.321549 0.282723 0.338384 0.305909 0.339226 0.308901 0.343434 0.313388 0.345118 0.317876 0.358586 0.338818 0.361111 0.350785 0.362795 0.353029 0.362795 0.365744 0.359428 0.3881820000000001 0.362795 0.3926700000000001 0.367845 0.39641000000000004 0.382997 0.40164500000000003 0.383838 0.412865 0.381313 0.4143609999999999 0.377946 0.419596 0.378788 0.434555 0.386364 0.437547 0.399832 0.438295 0.420034 0.444278 0.430976 0.448766 0.435185 0.448018 0.43602700000000005 0.45026199999999994 0.454545 0.457741 0.47643100000000005 0.46073300000000006 0.62037 0.46073300000000006 0.621212 0.43605099999999997 0.627946 0.427076 0.636364 0.418848 0.641414 0.40688100000000005 0.641414 0.37472 0.644781 0.359761 0.651515 0.347046 0.651515 0.343306 0.658249 0.327599 0.659091 0.32012 0.665825 0.305161 0.666667 0.296933 0.680976 0.258788 0.683502 0.24009000000000003 0.685185 0.237098 0.68266 0.22961900000000002 0.68266 0.207928 0.680976 0.202693 0.680976 0.186986 0.677609 0.170531 0.674242 0.1638 0.673401 0.149589 0.675926 0.140613 0.681818 0.132386 0.683502 0.125654 0.689394 0.113687 0.690236 0.10097200000000002 0.692761 0.091997 0.696128 0.086013 0.703704 0.078534 0.701178 0.070307 0.701178 0.062079 0.699495 0.05834 0.703704 0.043381 0.702862 0.031414 0.701178 0.029918 0.698653 0.029918 0.696128 0.031414 0.670034 0.032162 0.658249 0.02917 0.644781 0.02917 0.631313 0.026926 0.617845 0.023186 0.616162 0.02169 0.610269 0.02169 0.603535 0.019447 0.590909 0.011967 0.571549 0.00374 0.566498 0.00374 0.563131 0.005236 0.55303 0.013463 0.53367 0.02169 0.52862 0.026926 0.526936 0.033657 0.531145 0.041137 0.530303 0.053852 0.534512 0.063575 0.534512 0.078534 0.537037 0.086761 0.537037 0.12191499999999998 0.535354 0.124907 0.534512 0.139117 0.531987 0.153328 0.530303 0.15632 0.530303 0.1638 0.526094 0.169783 0.521886 0.168287 0.515993 0.153328 0.51431 0.146597 0.51431 0.139117 0.509259 0.127898 0.509259 0.12191499999999998 0.506734 0.11293899999999998 0.504209 0.10994799999999999 0.501684 0.094241 0.49747500000000006 0.085266 0.4957909999999999 0.07629 0.493266 0.07255 0.49074100000000004 0.057592 0.48569 0.047868 0.48569 0.032909 0.484007 0.02917 0.477273 0.023934 0.45538699999999993 0.018699 0.449495 0.016455 0.44276100000000007 0.011967 0.43266000000000004 0.008227 0.424242 0.002244 0.416667 0.001496 0.39899 0.009723 0.388047 0.013463 0.382997 0.017203 0.378788 0.017951 0.371212 0.022438 0.368687 0.022438 0.354377 0.02917 0.347643 0.029918 0.337542 0.034405 0.321549 0.035153 0.31229 0.038145 0.297138 0.038893 0.291246 0.041137 0.287037 0.041137 0.280303 0.037397
4 0.829966 0.681376 0.829125 0.690352 0.829966 0.691847 0.834175 0.691847 0.834175 0.685864 0.832492 0.682872 0.829966 0.613313 0.829966 0.63276 0.832492 0.639491 0.832492 0.641735 0.829966 0.643979 0.829125 0.646971 0.829966 0.675393 0.829966 0.665669 0.834175 0.65445 0.832492 0.647719 0.834175 0.631264 0.835859 0.628272 0.834175 0.616305 0.837542 0.599102 0.8367 0.59985 0.8367 0.602094 0.837542 0.602842 0.837542 0.60359 0.837542 0.590127 0.8367 0.590875 0.8367 0.592371 0.837542 0.593119 0.837542 0.594615 0.825758 0.581152 0.829966 0.583396 0.83165 0.582648 0.830808 0.581152 0.363636 0.44053899999999996 0.355219 0.44727 0.335017 0.469708 0.326599 0.48092700000000005 0.322391 0.489155 0.314815 0.4966340000000001 0.303872 0.515333 0.297138 0.52356 0.265152 0.55647 0.266835 0.558714 0.266835 0.562453 0.260101 0.577412 0.260101 0.585639 0.267677 0.596111 0.267677 0.59985 0.255051 0.614061 0.24326600000000004 0.632012 0.23148099999999996 0.643231 0.22306400000000004 0.655198 0.21633000000000002 0.66193 0.202862 0.682872 0.193603 0.700823 0.192761 0.70531 0.189394 0.70905 0.184343 0.719521 0.179293 0.725505 0.170034 0.744203 0.164141 0.749439 0.152357 0.747195 0.150673 0.750187 0.150673 0.757666 0.153199 0.75991 0.158249 0.761406 0.162458 0.765146 0.164983 0.7696340000000002 0.176768 0.7681380000000001 0.191077 0.7726249999999999 0.194444 0.775617 0.194444 0.782349 0.184343 0.793568 0.180976 0.803291 0.172559 0.8137620000000001 0.171717 0.81825 0.165825 0.826477 0.1633 0.833957 0.150673 0.854151 0.150673 0.8571430000000001 0.138047 0.879581 0.132155 0.89454 0.12457900000000001 0.902019 0.12457900000000001 0.907255 0.122896 0.908751 0.118687 0.908751 0.117003 0.907255 0.117003 0.905759 0.119529 0.9042630000000002 0.118687 0.903515 0.103535 0.905759 0.103535 0.9139869999999999 0.114478 0.919222 0.117845 0.919222 0.138047 0.925954 0.144781 0.930441 0.151515 0.932685 0.165825 0.9424080000000001 0.172559 0.94914 0.183502 0.955123 0.18771 0.958863 0.207912 0.969334 0.226431 0.970082 0.233165 0.966343 0.260101 0.962603 0.263468 0.9611069999999999 0.274411 0.9611069999999999 0.286195 0.956619 0.297138 0.958115 0.300505 0.960359 0.296296 0.965595 0.292929 0.973074 0.292929 0.979058 0.297138 0.982049 0.323232 0.982049 0.328283 0.981301 0.332492 0.979058 0.354377 0.97831 0.361111 0.976814 0.382997 0.976814 0.394781 0.97831 0.402357 0.982797 0.405724 0.982797 0.408249 0.9798060000000001 0.407407 0.9723260000000001 0.409933 0.968586 0.414141 0.965595 0.421717 0.9648469999999999 0.425084 0.967091 0.427609 0.9723260000000001 0.4343429999999999 0.9760660000000001 0.449495 0.976814 0.459596 0.979058 0.481481 0.9798060000000001 0.489057 0.982049 0.508418 0.983545 0.560606 0.9977559999999999 0.594276 0.9977559999999999 0.611953 0.9932690000000001 0.61532 0.990277 0.638889 0.981301 0.642256 0.969334 0.648148 0.965595 0.655724 0.965595 0.673401 0.970082 0.691077 0.982049 0.703704 0.987285 0.719697 0.988033 0.734007 0.987285 0.751684 0.982797 0.768519 0.981301 0.785354 0.9760660000000001 0.799663 0.975318 0.810606 0.970082 0.815657 0.966343 0.822391 0.964099 0.828283 0.958115 0.827441 0.9543749999999999 0.819024 0.948392 0.814815 0.9409120000000001 0.806397 0.919222 0.801347 0.910995 0.801347 0.9065070000000001 0.793771 0.893044 0.790404 0.882573 0.787037 0.878833 0.786195 0.8743459999999998 0.779461 0.863874 0.77862 0.8586390000000002 0.775253 0.8534030000000001 0.775253 0.849663 0.777778 0.8444279999999998 0.781987 0.8406879999999999 0.792088 0.8362000000000002 0.798822 0.831713 0.806397 0.824981 0.808081 0.8189980000000001 0.806397 0.805535 0.800505 0.800299 0.795455 0.800299 0.784512 0.8062829999999999 0.776936 0.804039 0.775253 0.801795 0.774411 0.796559 0.766835 0.7816009999999999 0.767677 0.778609 0.763468 0.770381 0.762626 0.764398 0.759259 0.759162 0.755892 0.747943 0.751684 0.740464 0.751684 0.735228 0.748316 0.729993 0.744108 0.715034 0.737374 0.703067 0.736532 0.697831 0.733165 0.693343 0.725589 0.672401 0.718855 0.66193 0.711279 0.645475 0.712121 0.635004 0.718855 0.626776 0.718855 0.624533 0.708754 0.622289 0.707071 0.620793 0.702862 0.613313 0.702862 0.609574 0.698653 0.601346 0.698653 0.596859 0.695286 0.593119 0.691077 0.583396 0.691077 0.579656 0.685185 0.569933 0.68266 0.560957 0.678451 0.55273 0.678451 0.549738 0.675926 0.546746 0.675926 0.543755 0.672559 0.540015 0.672559 0.537771 0.669192 0.532536 0.667508 0.52356 0.664141 0.51982 0.660774 0.510845 0.657407 0.507853 0.65404 0.49962599999999996 0.644781 0.483919 0.638889 0.477188 0.621212 0.461481 0.619529 0.458489 0.619529 0.454001 0.612795 0.45624499999999996 0.591751 0.458489 0.578283 0.461481 0.4865320000000001 0.461481 0.45538699999999993 0.458489 0.43602700000000005 0.45100999999999997 0.435185 0.448766 0.430976 0.449514 0.420034 0.4450259999999999 0.399832 0.439043 0.386364 0.438295 0.378788 0.43530299999999994 0.372896 0.437547 0.371212 0.43605099999999997
5 0.285354 0.065819 0.281987 0.068063 0.277778 0.068063 0.270202 0.070307 0.265152 0.074794 0.257576 0.077786 0.25 0.083022 0.246633 0.08377 0.239057 0.089005 0.237374 0.091997 0.23063999999999998 0.097981 0.228956 0.097981 0.22558899999999998 0.10097200000000002 0.213805 0.106956 0.207912 0.112191 0.189394 0.12116700000000001 0.18771 0.12341099999999999 0.185185 0.124159 0.173401 0.133134 0.171717 0.133134 0.157407 0.145849 0.147306 0.151085 0.136364 0.163052 0.0867 0.20643200000000003 0.074074 0.22064299999999998 0.055556 0.237098 0.039562 0.255797 0.01431 0.280479 0.011785 0.285714 0.004209 0.293194 0.0008420000000000001 0.299177 0 0.315632 0.0016840000000000002 0.332835 0 0.33807 0 0.354525 0.002525 0.370232 0.003367 0.39715800000000007 0.006734 0.4031410000000001 0.007576000000000001 0.42109199999999997 0.009259 0.43081499999999995 0.012626 0.43979099999999993 0.013468 0.452506 0.017677 0.461481 0.01936 0.474196 0.022727 0.48018000000000005 0.023569 0.484667 0.02862 0.492895 0.030303 0.49887799999999993 0.03367 0.502618 0.038721 0.513089 0.043771 0.518325 0.046296 0.524308 0.060606 0.538519 0.06229 0.541511 0.078283 0.553478 0.083333 0.553478 0.092593 0.559461 0.101852 0.562453 0.119529 0.562453 0.127104 0.55647 0.130471 0.555722 0.132997 0.553478 0.135522 0.553478 0.138889 0.550486 0.141414 0.550486 0.14899 0.542259 0.151515 0.542259 0.154882 0.545251 0.158249 0.551234 0.159933 0.583396 0.162458 0.590127 0.162458 0.60733 0.1633 0.611818 0.165825 0.612565 0.183502 0.611818 0.190236 0.608826 0.203704 0.606582 0.212963 0.600598 0.220539 0.593119 0.22222199999999998 0.575916 0.224747 0.570681 0.229798 0.563949 0.23569 0.558714 0.237374 0.558714 0.242424 0.553478 0.24747499999999997 0.560209 0.251684 0.562453 0.255051 0.562453 0.259259 0.560209 0.265152 0.560209 0.265993 0.566941 0.275253 0.554974 0.282828 0.538519 0.291246 0.528796 0.291246 0.526552 0.293771 0.524308 0.295455 0.514585 0.297138 0.514585 0.297138 0.519073 0.298822 0.515333 0.297138 0.512341 0.297138 0.509349 0.298822 0.507105 0.298822 0.501122 0.297138 0.49962599999999996 0.29798 0.495138 0.295455 0.487659 0.295455 0.477936 0.274411 0.477936 0.270202 0.47644 0.260101 0.477188 0.255892 0.47569200000000006 0.23063999999999998 0.47644 0.228956 0.477936 0.226431 0.47644 0.224747 0.477936 0.21633000000000002 0.477188 0.21633000000000002 0.47120400000000007 0.22138 0.463725 0.228956 0.44128599999999996 0.228956 0.43530299999999994 0.226431 0.429319 0.21633000000000002 0.42184 0.206229 0.4181000000000001 0.201178 0.4181000000000001 0.191919 0.41136900000000004 0.180976 0.40688100000000005 0.170875 0.404637 0.170034 0.394914 0.16835 0.393418 0.165825 0.394914 0.162458 0.3926700000000001 0.155724 0.350037 0.14899 0.331339 0.152357 0.327599 0.157407 0.325355 0.161616 0.324607 0.166667 0.326851 0.175084 0.320868 0.180976 0.319372 0.194444 0.308901 0.217172 0.288706 0.22558899999999998 0.279731 0.23821499999999998 0.272251 0.253367 0.260284 0.258418 0.258788 0.262626 0.255049 0.265993 0.254301 0.270202 0.250561 0.276094 0.24831700000000004 0.282828 0.243829 0.297138 0.23784600000000003 0.29798 0.23261 0.303872 0.228871 0.305556 0.22288699999999997 0.305556 0.216156 0.308923 0.21241599999999997 0.307239 0.207928 0.307239 0.198953 0.308923 0.19596100000000002 0.308923 0.175767 0.305556 0.164547 0.304714 0.15258 0.29798 0.131638 0.29798 0.114435 0.288721 0.093493 0.27862 0.080778 0.280303 0.073298
2 0.412458 0 0.410774 0.002244 0.410774 0.006731 0.41835 0.014211 0.420034 0.014211 0.422559 0.016455 0.43350199999999994 0.018699 0.445286 0.024682 0.448653 0.024682 0.4520199999999999 0.027674 0.45538699999999993 0.027674 0.459596 0.031414 0.46548799999999996 0.031414 0.468013 0.033657 0.472222 0.034405 0.477273 0.038893 0.478114 0.055348 0.482323 0.063575 0.482323 0.067315 0.48569 0.075542 0.48569 0.090501 0.488215 0.094241 0.489899 0.10546 0.4924239999999999 0.1092 0.493266 0.120419 0.49747500000000006 0.125654 0.500842 0.13463 0.500842 0.140613 0.504209 0.147345 0.504209 0.153328 0.508418 0.16006 0.510101 0.170531 0.51431 0.176515 0.515152 0.180254 0.521886 0.186238 0.530303 0.186238 0.535354 0.180254 0.535354 0.175019 0.537037 0.172775 0.537879 0.165295 0.539562 0.163052 0.539562 0.144353 0.542929 0.135378 0.542929 0.125654 0.544613 0.12341099999999999 0.544613 0.085266 0.542929 0.083022 0.542929 0.070307 0.541246 0.068063 0.539562 0.032162 0.548822 0.024682 0.551347 0.024682 0.569024 0.008227 0.569024 0 0.552189 0 0.547138 0.006731 0.544613 0.007479 0.53367 0.017203 0.530303 0.017951 0.523569 0.024682 0.523569 0.05609600000000001 0.525253 0.059088 0.525253 0.074046 0.526936 0.07629 0.526936 0.089005 0.52862 0.091997 0.52862 0.11667900000000002 0.526936 0.119671 0.526936 0.129394 0.523569 0.138369 0.522727 0.151085 0.520202 0.147345 0.520202 0.140613 0.516835 0.13463 0.516835 0.127898 0.513468 0.11892300000000001 0.509259 0.113687 0.509259 0.104712 0.505892 0.09947600000000001 0.505051 0.089753 0.501684 0.084518 0.501684 0.068811 0.5 0.067315 0.5 0.062079 0.49831600000000004 0.060583 0.49831600000000004 0.057592 0.49410800000000005 0.049364 0.49410800000000005 0.033657 0.4924239999999999 0.032162 0.4924239999999999 0.02917 0.48316500000000007 0.020942 0.477273 0.020194 0.47306400000000004 0.017203 0.46969700000000003 0.017203 0.4520199999999999 0.008227 0.448653 0.008227 0.438552 0.00374 0.435185 0.00374 0.427609 0
7 0.372896 0.433807 0.373737 0.43979099999999993 0.378788 0.44353 0.386364 0.44353 0.398148 0.449514 0.408249 0.451758 0.424242 0.458489 0.430976 0.458489 0.448653 0.46522100000000005 0.462963 0.466717 0.47306400000000004 0.47120400000000007 0.49747500000000006 0.47120400000000007 0.502525 0.473448 0.522727 0.473448 0.52862 0.47120400000000007 0.55303 0.47120400000000007 0.555556 0.469708 0.563131 0.469708 0.574074 0.46522100000000005 0.589226 0.46522100000000005 0.594276 0.462977 0.602694 0.462977 0.604377 0.461481 0.618687 0.45998500000000003 0.622054 0.456993 0.622054 0.449514 0.617003 0.44577399999999995 0.605219 0.44577399999999995 0.602694 0.44727 0.587542 0.448766 0.584175 0.45026199999999994 0.569024 0.45026199999999994 0.555556 0.45549699999999993 0.548822 0.45549699999999993 0.545455 0.456993 0.521886 0.456993 0.51431 0.459237 0.510101 0.459237 0.504209 0.456993 0.48064 0.456993 0.470539 0.452506 0.464646 0.452506 0.45875399999999994 0.45026199999999994 0.454545 0.45026199999999994 0.43770999999999993 0.444278 0.430976 0.444278 0.4133 0.436799 0.404882 0.43530299999999994 0.389731 0.427076 0.380471 0.427076 0.285354 0.042633 0.281145 0.04712 0.281145 0.05310399999999999 0.286195 0.059088 0.295455 0.075542 0.29798 0.077786 0.298822 0.10994799999999999 0.305556 0.115931 0.326599 0.115931 0.332492 0.11293899999999998 0.337542 0.11293899999999998 0.340067 0.111444 0.344276 0.112191 0.346801 0.115931 0.346801 0.126402 0.345118 0.129394 0.345118 0.135378 0.343434 0.139117 0.343434 0.148841 0.345118 0.15258 0.354377 0.161556 0.366162 0.169035 0.374579 0.171279 0.386364 0.17801 0.396465 0.17801 0.39899 0.179506 0.414141 0.179506 0.415825 0.17801 0.43350199999999994 0.17801 0.43939400000000006 0.183246 0.44444399999999995 0.184742 0.4520199999999999 0.191473 0.45875399999999994 0.194465 0.46548799999999996 0.19596100000000002 0.47306400000000004 0.199701 0.48064 0.201197 0.4865320000000001 0.204936 0.49494900000000003 0.204936 0.49747500000000006 0.20643200000000003 0.508418 0.20867600000000003 0.505892 0.216904 0.481481 0.241586 0.46885499999999997 0.24981299999999998 0.459596 0.252805 0.452862 0.257292 0.43770999999999993 0.270755 0.43350199999999994 0.276739 0.43350199999999994 0.292446 0.43686899999999995 0.296185 0.43686899999999995 0.298429 0.44023599999999996 0.302169 0.441919 0.306657 0.457912 0.317876 0.46548799999999996 0.317876 0.47643100000000005 0.321616 0.513468 0.323111 0.516835 0.324607 0.537879 0.324607 0.540404 0.326103 0.546296 0.326103 0.55303 0.329843 0.55303 0.338818 0.54798 0.344802 0.546296 0.349289 0.515993 0.380703 0.515993 0.38668700000000006 0.520202 0.391174 0.529461 0.391174 0.53367 0.38593900000000003 0.547138 0.375467 0.548822 0.370232 0.560606 0.358265 0.563973 0.351533 0.56734 0.348542 0.569024 0.34555 0.569024 0.330591 0.574916 0.326851 0.574916 0.324607 0.579125 0.318624 0.603535 0.296933 0.604377 0.29469 0.612795 0.288706 0.614478 0.284966 0.62037 0.279731 0.62037 0.26926 0.614478 0.26178 0.612795 0.257292 0.59596 0.244577 0.593434 0.243829 0.577441 0.22961900000000002 0.573232 0.223635 0.554714 0.204936 0.554714 0.201197 0.556397 0.199701 0.575758 0.199701 0.579966 0.19820500000000002 0.588384 0.19820500000000002 0.608586 0.188482 0.612795 0.184742 0.617003 0.17801 0.630471 0.17801 0.633838 0.176515 0.637205 0.173523 0.637205 0.169783 0.641414 0.166043 0.646465 0.154824 0.652357 0.149589 0.656566 0.148093 0.659933 0.145101 0.665825 0.144353 0.677609 0.133882 0.689394 0.11892300000000001 0.689394 0.108452 0.691077 0.106956 0.691077 0.103964 0.69697 0.097233 0.69697 0.094989 0.702862 0.088257 0.704545 0.084518 0.704545 0.050112 0.706229 0.04861599999999999 0.706229 0.044877 0.710438 0.038145 0.710438 0.02917 0.705387 0.02543 0.700337 0.02543 0.695286 0.02917 0.690236 0.035153 0.690236 0.041137 0.688552 0.043381 0.688552 0.077786 0.680976 0.090501 0.675084 0.097233 0.675084 0.100224 0.673401 0.102468 0.673401 0.11293899999999998 0.66835 0.117427 0.6633 0.124907 0.657407 0.130142 0.649832 0.132386 0.637205 0.141361 0.631313 0.147345 0.626263 0.157816 0.622054 0.162304 0.609428 0.163052 0.60101 0.170531 0.599327 0.174271 0.595118 0.17801 0.58165 0.183994 0.571549 0.183994 0.56734 0.18549 0.54798 0.18549 0.541246 0.190726 0.538721 0.195213 0.538721 0.21092 0.542088 0.216156 0.56734 0.24233400000000002 0.580808 0.254301 0.598485 0.267016 0.602694 0.274495 0.566498 0.308153 0.560606 0.315632 0.55303 0.311892 0.544613 0.310396 0.525253 0.310396 0.521044 0.308901 0.484848 0.307405 0.472222 0.303665 0.46548799999999996 0.303665 0.456229 0.296933 0.449495 0.285714 0.449495 0.28347 0.4520199999999999 0.279731 0.46969700000000003 0.26552 0.478114 0.263276 0.491582 0.254301 0.51936 0.226627 0.523569 0.219895 0.524411 0.213912 0.526094 0.211668 0.526094 0.20044900000000002 0.51936 0.195213 0.504209 0.192221 0.501684 0.190726 0.49410800000000005 0.190726 0.48569 0.186238 0.468013 0.181002 0.461279 0.17801 0.453704 0.171279 0.450337 0.170531 0.4461280000000001 0.166043 0.44023599999999996 0.1638 0.431818 0.1638 0.429293 0.162304 0.406566 0.164547 0.394781 0.1638 0.371212 0.153328 0.360269 0.143605 0.361111 0.136126 0.362795 0.133134 0.362795 0.1092 0.360269 0.10620799999999998 0.359428 0.10097200000000002 0.354377 0.097233 0.333333 0.097233 0.329966 0.098728 0.325758 0.098728 0.319865 0.10172 0.315657 0.10172 0.315657 0.085266 0.313973 0.083022 0.313973 0.071803 0.297138 0.045625 0.292088 0.041885
1 0.252525 0.582648 0.253367 0.588631 0.272727 0.602094 0.296296 0.611818 0.301347 0.611818 0.31734 0.618549 0.325758 0.618549 0.333333 0.621541 0.344276 0.621541 0.346801 0.623037 0.421717 0.623037 0.424242 0.621541 0.43686899999999995 0.621541 0.43939400000000006 0.623037 0.44444399999999995 0.623037 0.460438 0.631264 0.468013 0.63276 0.48064 0.637996 0.49915799999999994 0.638743 0.507576 0.641735 0.513468 0.641735 0.516835 0.643231 0.569024 0.643231 0.572391 0.641735 0.582492 0.641735 0.585859 0.640239 0.595118 0.639491 0.610269 0.644727 0.621212 0.644727 0.626263 0.646971 0.633838 0.646971 0.638047 0.648467 0.649832 0.648467 0.653199 0.646971 0.669192 0.646971 0.673401 0.644727 0.696128 0.644727 0.698653 0.643231 0.710438 0.641735 0.713805 0.638743 0.713805 0.631264 0.708754 0.627524 0.697811 0.627524 0.688552 0.630516 0.666667 0.630516 0.662458 0.63276 0.644781 0.633508 0.633838 0.63276 0.627946 0.630516 0.617845 0.630516 0.598485 0.623785 0.589226 0.623785 0.583333 0.626028 0.578283 0.626028 0.574916 0.627524 0.564815 0.627524 0.560606 0.62902 0.525253 0.62902 0.521044 0.627524 0.51431 0.627524 0.504209 0.623785 0.48569 0.623037 0.475589 0.618549 0.46548799999999996 0.616305 0.460438 0.612565 0.4520199999999999 0.608826 0.43770999999999993 0.60733 0.435185 0.605834 0.417508 0.60733 0.414141 0.608826 0.378788 0.608826 0.376263 0.60733 0.362795 0.60733 0.354377 0.608826 0.35101 0.60733 0.340909 0.60733 0.333333 0.604338 0.324074 0.604338 0.308081 0.597607 0.303872 0.597607 0.294613 0.594615 0.281145 0.588631 0.276094 0.584144 0.26431 0.577412 0.258418 0.577412
1 0.151515 0.756171 0.151515 0.760658 0.155724 0.765146 0.166667 0.765146 0.170034 0.7681380000000001 0.177609 0.771877 0.184343 0.771877 0.198653 0.777113 0.22558899999999998 0.789828 0.23484799999999997 0.792072 0.253367 0.799551 0.259259 0.800299 0.267677 0.805535 0.275253 0.805535 0.289562 0.811518 0.298822 0.811518 0.30303 0.8137620000000001 0.31229 0.8137620000000001 0.320707 0.816754 0.329125 0.816754 0.33165 0.81825 0.374579 0.81825 0.377104 0.816754 0.382155 0.816754 0.38468 0.8152580000000001 0.393098 0.8152580000000001 0.402357 0.811518 0.406566 0.811518 0.415825 0.805535 0.431818 0.805535 0.44276100000000007 0.8100220000000001 0.452862 0.816006 0.46548799999999996 0.820494 0.47979800000000006 0.82199 0.48316500000000007 0.8234849999999999 0.496633 0.8234849999999999 0.5 0.824981 0.570707 0.824981 0.572391 0.8234849999999999 0.590067 0.8234849999999999 0.598485 0.821242 0.603535 0.81825 0.611953 0.81825 0.617845 0.8152580000000001 0.623737 0.81451 0.633838 0.8152580000000001 0.641414 0.81825 0.651515 0.81825 0.659933 0.82199 0.673401 0.8234849999999999 0.676768 0.824981 0.736532 0.824981 0.739899 0.8234849999999999 0.751684 0.82199 0.760943 0.81825 0.775253 0.81825 0.779461 0.8137620000000001 0.779461 0.8062829999999999 0.774411 0.8025429999999999 0.754209 0.804039 0.749158 0.8062829999999999 0.727273 0.81077 0.686027 0.81077 0.664983 0.807031 0.658249 0.804039 0.64899 0.804039 0.640572 0.8010469999999998 0.633838 0.8010469999999998 0.630471 0.799551 0.618687 0.799551 0.61532 0.8010469999999998 0.611111 0.8010469999999998 0.605219 0.804039 0.596801 0.804039 0.589226 0.8077789999999999 0.579966 0.809274 0.565657 0.809274 0.563131 0.81077 0.509259 0.81077 0.504209 0.809274 0.491582 0.809274 0.484007 0.807031 0.470539 0.805535 0.462963 0.803291 0.460438 0.8010469999999998 0.43686899999999995 0.790576 0.410774 0.790576 0.402357 0.7943160000000001 0.39899 0.7973069999999999 0.395623 0.7973069999999999 0.385522 0.8010469999999998 0.377104 0.8010469999999998 0.366162 0.804039 0.340067 0.804039 0.335859 0.8025429999999999 0.329125 0.8025429999999999 0.319865 0.799551 0.310606 0.799551 0.305556 0.7973069999999999 0.29798 0.7973069999999999 0.280303 0.790576 0.273569 0.790576 0.266835 0.786088 0.258418 0.784592 0.240741 0.777113 0.232323 0.775617 0.228114 0.7726249999999999 0.21969700000000003 0.768886 0.217172 0.768886 0.197811 0.75991 0.191077 0.757666 0.18266 0.756918 0.174242 0.750935 0.157407 0.750935
1 0.11195299999999998 0.914734 0.112795 0.920718 0.12205399999999998 0.928945 0.144781 0.944652 0.167508 0.95288 0.180135 0.958863 0.186027 0.958863 0.19697 0.9633509999999998 0.25 0.9633509999999998 0.253367 0.961855 0.263468 0.961855 0.281145 0.958863 0.298822 0.958115 0.299663 0.958863 0.292929 0.9648469999999999 0.290404 0.969334 0.290404 0.9775620000000002 0.29798 0.9842929999999999 0.31229 0.988781 0.335859 0.988781 0.340067 0.987285 0.357744 0.986537 0.381313 0.987285 0.392256 0.983545 0.395623 0.983545 0.39899 0.982049 0.404882 0.9760660000000001 0.414983 0.9723260000000001 0.430976 0.9723260000000001 0.43350199999999994 0.973074 0.438552 0.97831 0.478956 0.991773 0.49915799999999994 0.9955120000000001 0.554714 0.9955120000000001 0.561448 0.994016 0.601852 0.994016 0.607744 0.9932690000000001 0.610269 0.991773 0.618687 0.991773 0.626263 0.988781 0.630471 0.985041 0.63468 0.985041 0.643939 0.97831 0.648148 0.9775620000000002 0.654882 0.9723260000000001 0.659091 0.9723260000000001 0.662458 0.975318 0.66835 0.976814 0.685185 0.985041 0.691077 0.985041 0.69697 0.987285 0.707071 0.987285 0.709596 0.988781 0.736532 0.988781 0.750842 0.986537 0.753367 0.985041 0.771044 0.985041 0.789562 0.979058 0.798822 0.979058 0.81734 0.970082 0.824074 0.970082 0.828283 0.965595 0.828283 0.956619 0.823232 0.95288 0.816498 0.95288 0.792929 0.964099 0.784512 0.964099 0.765993 0.970082 0.746633 0.9708300000000001 0.727273 0.97457 0.717172 0.97457 0.714646 0.973074 0.705387 0.973074 0.690236 0.970082 0.671717 0.961855 0.666667 0.958115 0.647306 0.958115 0.643098 0.9596109999999999 0.638047 0.964099 0.63468 0.9648469999999999 0.628788 0.970082 0.622896 0.9708300000000001 0.616162 0.9760660000000001 0.611111 0.9775620000000002 0.603535 0.9775620000000002 0.590909 0.9798060000000001 0.509259 0.981301 0.489899 0.97831 0.47138 0.973074 0.449495 0.965595 0.44276100000000007 0.9596109999999999 0.43939400000000006 0.958115 0.406566 0.958115 0.394781 0.9633509999999998 0.387205 0.969334 0.376263 0.9723260000000001 0.368687 0.973074 0.361953 0.9708300000000001 0.356061 0.9708300000000001 0.347643 0.973074 0.33165 0.973074 0.327441 0.97457 0.321549 0.97457 0.31229 0.973074 0.310606 0.971578 0.332492 0.955123 0.332492 0.9461480000000001 0.325758 0.9409120000000001 0.311448 0.9409120000000001 0.307239 0.9424080000000001 0.296296 0.9424080000000001 0.287037 0.944652 0.271886 0.944652 0.239057 0.94914 0.207071 0.94914 0.199495 0.9476440000000002 0.193603 0.944652 0.186869 0.944652 0.172559 0.937921 0.154882 0.931937 0.122896 0.909499 0.11616200000000002 0.910247
5 0.705387 0.08377 0.703704 0.088257 0.697811 0.094989 0.697811 0.097233 0.691919 0.103964 0.690236 0.10994799999999999 0.690236 0.11892300000000001 0.684343 0.125654 0.68266 0.132386 0.680135 0.13463 0.675084 0.145101 0.674242 0.159312 0.675926 0.165295 0.674242 0.169035 0.678451 0.175767 0.680135 0.180254 0.680135 0.186238 0.681818 0.18923 0.681818 0.258788 0.667508 0.296933 0.666667 0.305161 0.659933 0.32012 0.659091 0.327599 0.652357 0.343306 0.652357 0.347046 0.645623 0.359761 0.643098 0.373224 0.652357 0.378459 0.653199 0.383695 0.659091 0.393418 0.679293 0.412865 0.691077 0.433059 0.696128 0.444278 0.69697 0.449514 0.70202 0.456993 0.704545 0.467464 0.712121 0.48018000000000005 0.715488 0.488407 0.717172 0.502618 0.72138 0.510845 0.723906 0.525804 0.728114 0.538519 0.739899 0.557966 0.751684 0.566941 0.761785 0.577412 0.770202 0.600598 0.776094 0.60359 0.789562 0.60359 0.797138 0.59985 0.800505 0.596859 0.803872 0.596111 0.819865 0.585639 0.826599 0.585639 0.83165 0.589379 0.833333 0.594615 0.827441 0.61107 0.824916 0.638743 0.824916 0.668661 0.828283 0.676889 0.827441 0.691847 0.829125 0.694091 0.835017 0.695587 0.850168 0.694839 0.857744 0.690352 0.8686870000000001 0.688108 0.883838 0.682124 0.8914139999999999 0.676141 0.9031989999999999 0.657442 0.9141409999999999 0.649215 0.921717 0.648467 0.925926 0.652954 0.9335019999999999 0.653702 0.9393940000000001 0.649963 0.95202 0.648467 0.960438 0.640239 0.964646 0.634256 0.972222 0.616305 0.9949489999999999 0.599102 0.9991580000000001 0.589379 0.9974749999999999 0.583396 0.993266 0.578908 0.9915819999999999 0.579656 0.9840069999999999 0.577412 0.9730640000000002 0.57816 0.9696970000000001 0.575916 0.964646 0.575916 0.960438 0.570681 0.950337 0.568437 0.943603 0.564697 0.9377099999999999 0.563949 0.925926 0.558714 0.915825 0.557966 0.9065659999999999 0.549738 0.9040399999999998 0.539267 0.9040399999999998 0.513837 0.905724 0.507105 0.904882 0.4816750000000001 0.8998319999999999 0.464473 0.8947809999999999 0.454749 0.8813129999999999 0.439043 0.861111 0.42557999999999996 0.851852 0.42109199999999997 0.835017 0.4076290000000001 0.822391 0.38668700000000006 0.818182 0.383695 0.81229 0.376215 0.808923 0.369484 0.802189 0.3635 0.798822 0.356021 0.793771 0.351533 0.791246 0.346298 0.781145 0.339566 0.774411 0.322364 0.774411 0.310396 0.771044 0.300673 0.771044 0.284966 0.768519 0.274495 0.767677 0.253553 0.761785 0.224383 0.758418 0.217651 0.756734 0.20867600000000003 0.744949 0.182498 0.743266 0.173523 0.73569 0.160808 0.734007 0.153328 0.729798 0.146597 0.728114 0.139865 0.723906 0.131638 0.723064 0.124159 0.718855 0.11667900000000002 0.718855 0.10172 0.717172 0.097233 0.711279 0.088257
6 0.275253 0.068811 0.270202 0.07255 0.26936 0.078534 0.279461 0.093493 0.293771 0.12341099999999999 0.299663 0.133134 0.299663 0.144353 0.301347 0.148093 0.301347 0.154824 0.303872 0.16006 0.303872 0.169035 0.301347 0.174271 0.301347 0.188482 0.299663 0.190726 0.299663 0.216904 0.294613 0.22064299999999998 0.293771 0.226627 0.302189 0.234854 0.310606 0.234854 0.313973 0.231862 0.313973 0.22961900000000002 0.315657 0.228123 0.315657 0.196709 0.31734 0.195213 0.31734 0.180254 0.319865 0.175767 0.319865 0.153328 0.31734 0.148841 0.31734 0.140613 0.315657 0.138369 0.315657 0.126402 0.310606 0.11892300000000001 0.29798 0.091997 0.287037 0.073298 0.280303 0.068811
6 0.21633000000000002 0.469708 0.207071 0.46896 0.203704 0.47045600000000004 0.171717 0.50187 0.143098 0.534031 0.142256 0.540763 0.146465 0.545251 0.154882 0.545251 0.206229 0.48990300000000003 0.213805 0.483171 0.21633000000000002 0.483171 0.21969700000000003 0.48018000000000005 0.21969700000000003 0.4727
6 0.712963 0.090501 0.705387 0.091249 0.683502 0.113687 0.680976 0.119671 0.677609 0.122663 0.667508 0.140613 0.667508 0.191473 0.670034 0.195213 0.670034 0.20044900000000002 0.673401 0.211668 0.666667 0.216156 0.665825 0.222139 0.670034 0.226627 0.686027 0.226627 0.689394 0.223635 0.689394 0.20344100000000004 0.68771 0.201197 0.686027 0.18923 0.684343 0.186986 0.684343 0.145101 0.700337 0.119671 0.718013 0.10172 0.718013 0.094241
6 0.909091 0.551234 0.9040399999999998 0.547494 0.889731 0.547494 0.8712119999999999 0.55273 0.866162 0.555722 0.857744 0.557218 0.826599 0.581152 0.825758 0.587135 0.829966 0.591623 0.838384 0.591623 0.8653200000000001 0.571429 0.872896 0.569933 0.876263 0.567689 0.897306 0.561705 0.905724 0.561705 0.909091 0.558714