0 0.4279279999999999 0 0.4211710000000001 0.004428 0.418919 0.010332 0.400901 0.019926 0.400901 0.024354 0.38964 0.027306000000000004 0.400901 0.030257999999999997 0.3986489999999999 0.031734 0.38964 0.032472 0.382883 0.02952 0.378378 0.02952 0.36036 0.033948 0.31982 0.037638 0.313063 0.039852 0.268018 0.04428 0.259009 0.046494 0.243243 0.046494 0.245495 0.059779 0.25 0.063469 0.25 0.077491 0.265766 0.093727 0.265766 0.121771 0.261261 0.126199 0.265766 0.143173 0.277027 0.146863 0.281532 0.154982 0.286036 0.156458 0.292793 0.163838 0.308559 0.199262 0.306306 0.228044 0.279279 0.247232 0.272523 0.255351 0.326577 0.280443 0.349099 0.298155 0.362613 0.304797 0.3986489999999999 0.292251 0.412162 0.289299 0.443694 0.278967 0.486486 0.261255 0.488739 0.257565 0.493243 0.256089 0.567568 0.280443 0.574324 0.284133 0.596847 0.291513 0.6058559999999998 0.298155 0.623874 0.303321 0.6283779999999999 0.299631 0.641892 0.295203 0.6441440000000002 0.292251 0.684685 0.275277 0.70045 0.264207 0.720721 0.257565 0.718468 0.24575600000000003 0.698198 0.23616199999999998 0.695946 0.224354 0.70045 0.217712 0.691441 0.212546 0.691441 0.20073800000000003 0.686937 0.2 0.686937 0.197048 0.693694 0.19631000000000004 0.693694 0.173432 0.7094590000000001 0.158672 0.734234 0.144649 0.72973 0.134317 0.72973 0.123247 0.725225 0.117343 0.72973 0.092989 0.736486 0.084871 0.738739 0.070111 0.759009 0.045018 0.754505 0.046494 0.72973 0.045756 0.711712 0.042804 0.691441 0.041328 0.673423 0.037638 0.641892 0.035424 0.612613 0.028782 0.599099 0.028782 0.59009 0.025829999999999995 0.585586 0.016974 0.576577 0.011808 0.574324 0.002952 0.56982 0.000738 0.54955 0.000738 0.527027 0.0066419999999999995 0.522523 0.01107 0.511261 0.015498000000000001 0.486486 0.016236 0.477477 0.014022 0.470721 0.008118 0.45044999999999996 0.001476
5 0.308559 0.21033200000000002 0.308559 0.21476 0.315315 0.21476 0.202703 0.039114 0.189189 0.039852 0.173423 0.04428 0.157658 0.051661 0.130631 0.071587 0.126126 0.072325 0.085586 0.095941 0.060811 0.10553500000000002 0.04955 0.10774900000000001 0.006757 0.121033 0 0.126199 0 0.133579 0.027027 0.150554 0.045045 0.158672 0.042793 0.163838 0.047297 0.166052 0.045045 0.168266 0.040541 0.16679 0.033784 0.169004 0.015766 0.169004 0.009009 0.17048 0.004505 0.173432 0.004505 0.17786 0.011261 0.184502 0.018018 0.187454 0.02027 0.19262 0.029279 0.194834 0.033784 0.197786 0.051802 0.20073800000000003 0.054054 0.202214 0.081081 0.197786 0.099099 0.199262 0.119369 0.199262 0.130631 0.197786 0.155405 0.20516600000000002 0.191441 0.208118 0.20045 0.20516600000000002 0.209459 0.204428 0.220721 0.198524 0.245495 0.198524 0.259009 0.19557200000000002 0.261261 0.19040600000000002 0.25 0.180812 0.259009 0.17786 0.268018 0.177122 0.268018 0.173432 0.295045 0.172694 0.290541 0.163838 0.283784 0.156458 0.279279 0.154982 0.274775 0.146863 0.263514 0.143173 0.263514 0.135055 0.259009 0.130627 0.263514 0.121771 0.263514 0.093727 0.247748 0.077491 0.243243 0.048708 0.23423399999999997 0.050185 0.231982 0.048708 0.236486 0.045756 0.22973 0.043542
5 0.788288 0.038376 0.772523 0.041328 0.7680179999999999 0.043542 0.763514 0.043542 0.747748 0.059041 0.738739 0.075277 0.738739 0.084871 0.7319820000000001 0.092989 0.7319820000000001 0.104059 0.727477 0.112177 0.734234 0.138007 0.722973 0.149077 0.722973 0.152768 0.711712 0.158672 0.70045 0.17048 0.7162159999999999 0.172694 0.711712 0.176384 0.725225 0.177122 0.736486 0.180812 0.738739 0.18892999999999996 0.743243 0.19040600000000002 0.743243 0.191882 0.738739 0.19262 0.740991 0.194834 0.747748 0.194834 0.745495 0.197048 0.75 0.19631000000000004 0.754505 0.197786 0.7680179999999999 0.198524 0.792793 0.206642 0.828829 0.206642 0.8716220000000001 0.198524 0.8783779999999999 0.2 0.912162 0.197786 0.925676 0.20073800000000003 0.95045 0.2 0.972973 0.19409599999999996 0.977477 0.18524 0.990991 0.179336 0.993243 0.176384 0.9819820000000001 0.169742 0.972973 0.168266 0.9594590000000001 0.169004 0.948198 0.164576 0.948198 0.161624 0.988739 0.138745 0.995495 0.132103 0.995495 0.124723 0.988739 0.12029500000000001 0.9819820000000001 0.119557 0.9594590000000001 0.111439 0.936937 0.10553500000000002 0.896396 0.087085 0.88964 0.079705 0.8783779999999999 0.076753 0.867117 0.066421 0.846847 0.057565 0.826577 0.04428 0.797297 0.038376
4 0.274775 0.257565 0.247748 0.271587 0.240991 0.278229 0.218468 0.292251 0.189189 0.317343 0.182432 0.330627 0.166667 0.348339 0.162162 0.3778599999999999 0.171171 0.3977859999999999 0.166667 0.4 0.16441399999999998 0.406642 0.150901 0.413284 0.155405 0.419188 0.17567600000000003 0.425092 0.177928 0.435424 0.166667 0.44428 0.166667 0.44797 0.19594600000000004 0.461255 0.20045 0.477491 0.209459 0.49520299999999995 0.218468 0.504797 0.22973 0.531365 0.23423399999999997 0.535055 0.23423399999999997 0.543173 0.243243 0.557196 0.245495 0.568266 0.265766 0.605166 0.268018 0.61845 0.272523 0.624354 0.272523 0.637638 0.281532 0.650923 0.283784 0.661255 0.277027 0.687085 0.27027 0.694465 0.272523 0.701107 0.254505 0.709963 0.25 0.718819 0.211712 0.753506 0.202703 0.7564579999999999 0.162162 0.754982 0.155405 0.758672 0.153153 0.768266 0.157658 0.774908 0.17567600000000003 0.7763839999999999 0.182432 0.77417 0.18468499999999996 0.779336 0.177928 0.780074 0.166667 0.794834 0.153153 0.8044280000000001 0.13964 0.809594 0.130631 0.809594 0.121622 0.812546 0.114865 0.836162 0.099099 0.846494 0.083333 0.861993 0.042793 0.893727 0.038288 0.895203 0.031532 0.902583 0.004505 0.918819 0.002252 0.9276749999999999 0.02027 0.936531 0.04955 0.9439110000000001 0.081081 0.9461250000000001 0.123874 0.9461250000000001 0.13964 0.9520299999999999 0.146396 0.95941 0.168919 0.965314 0.20045 0.96679 0.22973 0.96679 0.238739 0.965314 0.247748 0.966052 0.268018 0.974908 0.277027 0.974908 0.304054 0.979336 0.315315 0.978598 0.337838 0.980074 0.355856 0.986716 0.371622 0.99631 0.445946 0.99631 0.463964 0.9911439999999999 0.475225 0.9896680000000001 0.47972999999999993 0.984502 0.484234 0.983026 0.495495 0.982288 0.506757 0.983026 0.52027 0.9889300000000001 0.54955 0.99631 0.6058559999999998 0.997048 0.630631 0.9911439999999999 0.641892 0.984502 0.6576579999999999 0.979336 0.693694 0.980074 0.698198 0.978598 0.7094590000000001 0.97786 0.722973 0.975646 0.734234 0.9690040000000001 0.743243 0.96679 0.777027 0.96679 0.8198200000000001 0.964576 0.8423420000000001 0.958672 0.849099 0.953506 0.864865 0.9468630000000001 0.873874 0.9453870000000001 0.921171 0.9461250000000001 0.932432 0.9439110000000001 0.941441 0.9439110000000001 0.963964 0.939483 0.984234 0.932841 0.995495 0.9269370000000001 0.995495 0.919557 0.990991 0.914391 0.916667 0.8642070000000001 0.914414 0.860517 0.826577 0.794834 0.810811 0.778598 0.779279 0.754244 0.774775 0.746863 0.752252 0.728413 0.727477 0.702583 0.7162159999999999 0.686347 0.7162159999999999 0.678229 0.7094590000000001 0.668635 0.711712 0.652399 0.718468 0.645756 0.720721 0.631734 0.725225 0.62952 0.7319820000000001 0.62952 0.734234 0.622878 0.738739 0.619926 0.740991 0.605166 0.734234 0.60369 0.736486 0.593358 0.747748 0.58155 0.756757 0.549077 0.761261 0.541697 0.77027 0.538007 0.772523 0.514391 0.7837840000000001 0.504797 0.7837840000000001 0.499631 0.7905409999999999 0.49520299999999995 0.7905409999999999 0.476753 0.810811 0.452399 0.815315 0.42214000000000007 0.824324 0.41033200000000003 0.824324 0.39040600000000003 0.831081 0.37048 0.828829 0.353506 0.824324 0.350554 0.824324 0.345387 0.806306 0.318819 0.797297 0.310701 0.797297 0.305535 0.772523 0.290037 0.7680179999999999 0.283395 0.756757 0.279705 0.722973 0.258303 0.702703 0.264207 0.686937 0.275277 0.646396 0.292251 0.6441440000000002 0.295203 0.630631 0.299631 0.623874 0.304059 0.603604 0.298155 0.594595 0.291513 0.572072 0.284133 0.565315 0.280443 0.493243 0.256827 0.488739 0.261255 0.445946 0.278967 0.412162 0.290037 0.3986489999999999 0.292989 0.362613 0.305535 0.346847 0.298155 0.324324 0.280443
6 0.77027 0.042066 0.756757 0.042066 0.743243 0.045018 0.736486 0.049446 0.72973 0.06199299999999999 0.720721 0.070111 0.720721 0.109225 0.7162159999999999 0.112177 0.7162159999999999 0.132841 0.7094590000000001 0.136531 0.7094590000000001 0.140221 0.698198 0.146125 0.693694 0.153506 0.675676 0.162362 0.675676 0.171218 0.6801799999999999 0.17417 0.689189 0.176384 0.713964 0.176384 0.727477 0.173432 0.72973 0.16679 0.740991 0.161624 0.747748 0.156458 0.747748 0.15203 0.754505 0.149815 0.763514 0.143173 0.763514 0.11808099999999999 0.77027 0.114391 0.77027 0.074539 0.777027 0.069373 0.786036 0.056089 0.786036 0.046494 0.779279 0.043542
6 0.243243 0.04796999999999999 0.23423399999999997 0.049446 0.22522499999999998 0.053875 0.22522499999999998 0.078967 0.231982 0.084133 0.231982 0.11291500000000002 0.236486 0.11512900000000001 0.236486 0.132103 0.247748 0.140959 0.247748 0.149077 0.261261 0.156458 0.259009 0.1631 0.263514 0.166052 0.277027 0.169004 0.306306 0.169004 0.315315 0.16679 0.31982 0.163838 0.31982 0.154982 0.31081100000000006 0.148339 0.301802 0.145387 0.297297 0.136531 0.290541 0.132841 0.290541 0.127675 0.286036 0.125461 0.286036 0.110701 0.279279 0.107011 0.279279 0.077491 0.274775 0.074539 0.274775 0.053875 0.265766 0.049446 0.256757 0.04796999999999999
6 0.040541 0.164576 0.040541 0.169004 0.045045 0.171956 0.063063 0.175646 0.083333 0.176384 0.09009 0.17786 0.105856 0.17786 0.144144 0.183764 0.18468499999999996 0.183764 0.191441 0.18524 0.202703 0.18524 0.207207 0.188192 0.220721 0.19114400000000004 0.236486 0.19114400000000004 0.245495 0.189668 0.256757 0.183026 0.256757 0.175646 0.245495 0.171218 0.236486 0.169742 0.211712 0.169742 0.20045 0.167528 0.157658 0.167528 0.123874 0.162362 0.11036 0.162362 0.099099 0.160148 0.074324 0.158672 0.058559 0.158672 0.04955 0.160148
6 0.9662159999999999 0.15941 0.9594590000000001 0.156458 0.95045 0.154982 0.936937 0.154982 0.9301799999999999 0.156458 0.918919 0.156458 0.9076579999999999 0.158672 0.873874 0.160148 0.837838 0.163838 0.817568 0.163838 0.806306 0.166052 0.75 0.167528 0.736486 0.17048 0.7319820000000001 0.173432 0.7319820000000001 0.17786 0.736486 0.180812 0.75 0.183764 0.779279 0.183764 0.806306 0.18155 0.826577 0.18155 0.833333 0.180074 0.851351 0.180074 0.887387 0.176384 0.903153 0.176384 0.914414 0.17417 0.948198 0.17417 0.957207 0.172694 0.9662159999999999 0.168266
2 0.412162 0.002214 0.412162 0.00738 0.4279279999999999 0.015498000000000001 0.432432 0.020664 0.448198 0.025829999999999995 0.463964 0.028782 0.513514 0.028782 0.531532 0.025829999999999995 0.542793 0.020664 0.558559 0.01845 0.572072 0.011808 0.572072 0.004428 0.565315 0.001476 0.556306 0 0.536036 0 0.527027 0.001476 0.52027 0.005166 0.511261 0.0066419999999999995 0.495495 0.012546 0.484234 0.012546 0.472973 0.008856 0.457207 0 0.416667 0
2 0.27027 0.121771 0.27027 0.126199 0.274775 0.129151 0.288288 0.132103 0.31081100000000006 0.131365 0.349099 0.124723 0.373874 0.121771 0.385135 0.11808099999999999 0.403153 0.115867 0.434685 0.10553500000000002 0.47972999999999993 0.079705 0.5 0.09446499999999998 0.513514 0.098893 0.538288 0.103321 0.54955 0.107011 0.576577 0.110701 0.5923420000000001 0.115867 0.608108 0.117343 0.646396 0.124723 0.666667 0.124723 0.677928 0.126199 0.689189 0.129889 0.713964 0.129889 0.734234 0.125461 0.736486 0.116605 0.72973 0.113653 0.720721 0.112177 0.7094590000000001 0.112177 0.684685 0.108487 0.65991 0.10774900000000001 0.648649 0.104797 0.6216220000000001 0.101107 0.599099 0.09520300000000001 0.583333 0.093727 0.542793 0.084133 0.527027 0.073801 0.527027 0.068635 0.522523 0.066421 0.522523 0.045018 0.515766 0.04059 0.515766 0.031734 0.502252 0.027306000000000004 0.493243 0.025829999999999995 0.47972999999999993 0.025829999999999995 0.466216 0.028782 0.457207 0.035424 0.457207 0.039114 0.45044999999999996 0.042804 0.45044999999999996 0.054612999999999995 0.443694 0.058302999999999994 0.4279279999999999 0.076753 0.414414 0.081919 0.403153 0.090775 0.36936899999999995 0.10258300000000001 0.355856 0.104059 0.34008999999999995 0.108487 0.333333 0.108487 0.279279 0.117343
2 0.382883 0.107011 0.382883 0.111439 0.38964 0.115867 0.434685 0.130627 0.445946 0.132103 0.459459 0.136531 0.475225 0.139483 0.493243 0.139483 0.515766 0.136531 0.524775 0.132103 0.536036 0.130627 0.565315 0.123247 0.594595 0.119557 0.601351 0.116605 0.601351 0.109225 0.596847 0.106273 0.583333 0.103321 0.56982 0.103321 0.527027 0.109963 0.518018 0.113653 0.493243 0.117343 0.484234 0.12029500000000001 0.475225 0.117343 0.463964 0.115867 0.423423 0.10258300000000001 0.414414 0.101107 0.400901 0.101107 0.3918920000000001 0.10258300000000001
7 0.259009 0.256827 0.259009 0.261255 0.27027 0.266421 0.27027 0.270111 0.277027 0.273801 0.281532 0.281181 0.292793 0.287085 0.292793 0.289299 0.315315 0.304059 0.315315 0.309225 0.31982 0.312177 0.3288289999999999 0.314391 0.38063100000000005 0.313653 0.387387 0.309963 0.405405 0.304797 0.4279279999999999 0.292251 0.448198 0.285609 0.454955 0.281181 0.466216 0.278967 0.493243 0.270111 0.506757 0.273801 0.522523 0.282657 0.542793 0.289299 0.545045 0.291513 0.560811 0.295203 0.567568 0.298893 0.576577 0.301107 0.59009 0.308487 0.608108 0.312915 0.623874 0.312915 0.637387 0.309963 0.648649 0.304797 0.653153 0.300369 0.682432 0.290037 0.695946 0.281919 0.720721 0.275277 0.725225 0.271587 0.738739 0.269373 0.747748 0.264945 0.747748 0.258303 0.738739 0.253875 0.72973 0.252399 0.711712 0.252399 0.6801799999999999 0.259041 0.675676 0.264207 0.6576579999999999 0.270111 0.650901 0.275277 0.630631 0.284133 0.612613 0.287823 0.596847 0.282657 0.59009 0.281919 0.56982 0.274539 0.558559 0.266421 0.524775 0.256089 0.515766 0.250185 0.506757 0.248708 0.47972999999999993 0.248708 0.454955 0.255351 0.448198 0.260517 0.414414 0.270849 0.412162 0.273063 0.387387 0.281181 0.38063100000000005 0.286347 0.36936899999999995 0.289299 0.36036 0.295203 0.342342 0.284133 0.342342 0.279705 0.331081 0.275277 0.331081 0.273063 0.324324 0.269373 0.317568 0.256827 0.292793 0.250923 0.277027 0.250923 0.268018 0.252399
1 0.997748 0.915867 0.97973 0.915129 0.970721 0.916605 0.961712 0.919557 0.945946 0.9284129999999999 0.912162 0.935055 0.851351 0.935055 0.826577 0.940221 0.815315 0.9439110000000001 0.808559 0.949077 0.7905409999999999 0.953506 0.745495 0.953506 0.736486 0.954982 0.718468 0.960886 0.7094590000000001 0.966052 0.693694 0.96679 0.686937 0.9682660000000001 0.666667 0.9682660000000001 0.6283779999999999 0.973432 0.614865 0.979336 0.585586 0.984502 0.565315 0.983026 0.547297 0.979336 0.540541 0.976384 0.511261 0.9719559999999999 0.488739 0.9719559999999999 0.459459 0.977122 0.4279279999999999 0.98524 0.405405 0.986716 0.396396 0.983026 0.385135 0.980812 0.373874 0.975646 0.364865 0.97417 0.337838 0.97417 0.3288289999999999 0.972694 0.317568 0.9682660000000001 0.29955000000000004 0.965314 0.288288 0.960148 0.274775 0.957196 0.198198 0.956458 0.18468499999999996 0.9520299999999999 0.168919 0.941697 0.150901 0.937269 0.105856 0.935055 0.078829 0.935055 0.063063 0.932841 0.040541 0.921771 0.027027 0.918819 0.013514 0.918819 0 0.921771 0 0.932841 0.022523 0.9439110000000001 0.038288 0.9476009999999999 0.065315 0.9512919999999999 0.128378 0.952768 0.13964 0.961624 0.15991 0.9690040000000001 0.182432 0.973432 0.252252 0.973432 0.265766 0.978598 0.283784 0.983026 0.290541 0.986716 0.306306 0.9896680000000001 0.31982 0.9896680000000001 0.331081 0.9918819999999999 0.34008999999999995 0.9918819999999999 0.346847 0.994834 0.3581079999999999 0.995572 0.367117 0.999262 0.454955 0.999262 0.49099100000000007 0.99262 0.502252 0.9889300000000001 0.545045 0.999262 0.612613 0.999262 0.650901 0.99262 0.65991 0.9881920000000001 0.673423 0.98524 0.702703 0.984502 0.713964 0.982288 0.734234 0.98155 0.754505 0.976384 0.759009 0.972694 0.7680179999999999 0.9697420000000001 0.813063 0.9697420000000001 0.822072 0.9682660000000001 0.846847 0.960886 0.8558559999999998 0.954982 0.8716220000000001 0.9512919999999999 0.927928 0.9512919999999999 0.9594590000000001 0.9461250000000001 0.9819820000000001 0.940959 0.988739 0.937269 0.997748 0.935055