0 0.41456599999999993 0.003774 0.4061620000000001 0.007547 0.40056 0.024528 0.380952 0.043396 0.380952 0.05283 0.389356 0.054717 0.40336099999999997 0.066038 0.4061620000000001 0.06226400000000001 0.41736700000000004 0.06226400000000001 0.422969 0.066038 0.422969 0.071698 0.408964 0.081132 0.408964 0.096226 0.40336099999999997 0.103774 0.386555 0.113208 0.38375400000000004 0.139623 0.37535 0.14717 0.364146 0.145283 0.344538 0.15283 0.280112 0.19434 0.280112 0.207547 0.291317 0.220755 0.29972 0.24905700000000003 0.316527 0.269811 0.316527 0.279245 0.32493 0.288679 0.341737 0.328302 0.352941 0.383019 0.45097999999999994 0.392453 0.630252 0.388679 0.64986 0.384906 0.647059 0.360377 0.655462 0.349057 0.655462 0.335849 0.672269 0.29434 0.689076 0.273585 0.689076 0.266038 0.705882 0.235849 0.708683 0.222642 0.717087 0.213208 0.728291 0.209434 0.722689 0.2 0.689076 0.167925 0.663866 0.15283 0.638655 0.145283 0.633053 0.149057 0.62465 0.149057 0.613445 0.141509 0.605042 0.115094 0.607843 0.09434 0.585434 0.081132 0.579832 0.066038 0.593838 0.058491 0.607843 0.056604 0.619048 0.043396 0.605042 0.032075 0.605042 0.020755 0.588235 0.003774 0.54902 0 0.462185 0
4 0.355742 0.384906 0.355742 0.396226 0.344538 0.401887 0.336134 0.424528 0.316527 0.449057 0.310924 0.473585 0.294118 0.5 0.288515 0.541509 0.282913 0.54717 0.282913 0.581132 0.271709 0.611321 0.277311 0.713208 0.27451 0.764151 0.282913 0.80566 0.285714 0.988679 0.291317 0.992453 0.333333 0.9905659999999998 0.3725490000000001 0.996226 0.627451 0.996226 0.67507 0.9905659999999998 0.714286 0.992453 0.7198880000000001 0.95283 0.722689 0.730189 0.728291 0.720755 0.722689 0.701887 0.722689 0.643396 0.728291 0.633962 0.722689 0.630189 0.722689 0.59434 0.717087 0.583019 0.7198880000000001 0.55283 0.711485 0.518868 0.697479 0.49434 0.689076 0.462264 0.680672 0.45283 0.661064 0.411321 0.652661 0.403774 0.652661 0.398113 0.647059 0.396226 0.644258 0.386792 0.630252 0.390566 0.45097999999999994 0.39434
5 0 0.175472 0.022409 0.188679 0.022409 0.192453 0.042017 0.20566 0.042017 0.216981 0.053221000000000004 0.239623 0.081232 0.256604 0.084034 0.25283 0.12605 0.250943 0.145658 0.24717 0.159664 0.239623 0.173669 0.239623 0.18487399999999998 0.232075 0.201681 0.230189 0.221289 0.218868 0.260504 0.211321 0.268908 0.203774 0.277311 0.203774 0.277311 0.19434 0.322129 0.164151 0.361345 0.143396 0.336134 0.113208 0.27451 0.071698 0.201681 0.035849 0.182073 0.033962 0.165266 0.026415 0.151261 0.026415 0.134454 0.033962 0.114846 0.033962 0.095238 0.022642 0.056021999999999995 0.022642 0.047619 0.035849 0.033613 0.04717 0.044818 0.064151 0.044818 0.084906 0.011204 0.10566 0.005602 0.113208 0.014005999999999998 0.143396 0.002801 0.158491
5 0.826331 0.030189 0.815126 0.035849 0.80112 0.035849 0.7955179999999998 0.041509 0.789916 0.041509 0.761905 0.054717 0.658263 0.12452800000000001 0.641457 0.145283 0.663866 0.150943 0.691877 0.167925 0.722689 0.196226 0.731092 0.209434 0.77591 0.218868 0.826331 0.239623 0.840336 0.239623 0.851541 0.24717 0.87395 0.24905700000000003 0.882353 0.25283 0.913165 0.25283 0.9159660000000001 0.256604 0.9411760000000001 0.245283 0.952381 0.233962 0.9691879999999999 0.2 0.9971990000000001 0.179245 0.994398 0.149057 0.9915969999999998 0.145283 0.966387 0.135849 0.955182 0.135849 0.9495800000000001 0.139623 0.932773 0.133962 0.8935570000000002 0.139623 0.848739 0.139623 0.843137 0.135849 0.843137 0.116981 0.8347340000000001 0.10566 0.840336 0.083019 0.831933 0.073585 0.837535 0.039623
2 0.591036 0.011321 0.579832 0.00566 0.568627 0.00566 0.543417 0.020755 0.529412 0.022642 0.504202 0.043396 0.504202 0.050943 0.498599 0.056604 0.4873950000000001 0.04717 0.473389 0.026415 0.456583 0.016981 0.43137299999999995 0.009434 0.411765 0.009434 0.4061620000000001 0.013208 0.4061620000000001 0.018868 0.411765 0.022642 0.422969 0.022642 0.445378 0.030189 0.47619 0.058491 0.4873950000000001 0.079245 0.492997 0.083019 0.504202 0.083019 0.512605 0.075472 0.529412 0.045283 0.568627 0.024528 0.588235 0.020755
2 0.62465 0.045283 0.619048 0.041509 0.607843 0.041509 0.565826 0.056604 0.546218 0.056604 0.532213 0.060377 0.439776 0.058491 0.389356 0.043396 0.380952 0.043396 0.37535 0.04717 0.37535 0.05283 0.3977589999999999 0.064151 0.43137299999999995 0.071698 0.540616 0.073585 0.596639 0.064151 0.610644 0.056604 0.619048 0.056604 0.62465 0.05283
2 0.266106 0.192453 0.266106 0.2 0.271709 0.203774 0.280112 0.203774 0.333333 0.166038 0.364146 0.156604 0.392157 0.156604 0.445378 0.169811 0.46778699999999995 0.183019 0.473389 0.183019 0.501401 0.196226 0.529412 0.190566 0.537815 0.184906 0.551821 0.183019 0.565826 0.175472 0.605042 0.164151 0.647059 0.158491 0.686275 0.179245 0.714286 0.207547 0.72549 0.207547 0.731092 0.203774 0.722689 0.186792 0.683473 0.158491 0.655462 0.145283 0.633053 0.145283 0.588235 0.15283 0.529412 0.171698 0.521008 0.177358 0.501401 0.181132 0.490196 0.171698 0.462185 0.162264 0.456583 0.156604 0.43137299999999995 0.15283 0.40056 0.143396 0.355742 0.143396 0.35014 0.14717 0.32493 0.150943
7 0.652661 0.373585 0.647059 0.369811 0.638655 0.369811 0.630252 0.377358 0.568627 0.383019 0.453782 0.383019 0.436975 0.379245 0.352941 0.373585 0.347339 0.377358 0.347339 0.383019 0.358543 0.388679 0.428571 0.392453 0.445378 0.396226 0.577031 0.396226 0.647059 0.388679 0.652661 0.384906
1 0.728291 0.9830189999999999 0.722689 0.979245 0.714286 0.979245 0.697479 0.984906 0.669468 0.988679 0.439776 0.9905659999999998 0.389356 0.988679 0.378151 0.984906 0.291317 0.984906 0.285714 0.988679 0.285714 0.9943399999999999 0.291317 0.9981130000000001 0.705882 0.9981130000000001 0.722689 0.9943399999999999 0.728291 0.9905659999999998
6 0.361345 0.137736 0.352941 0.137736 0.29972 0.167925 0.285714 0.183019 0.266106 0.19434 0.263305 0.20566 0.268908 0.209434 0.280112 0.209434 0.313725 0.179245 0.366947 0.149057 0.366947 0.141509
6 0.64986 0.137736 0.644258 0.141509 0.644258 0.150943 0.691877 0.181132 0.7198880000000001 0.20566 0.733894 0.20566 0.7394959999999999 0.201887 0.7394959999999999 0.196226 0.731092 0.190566 0.731092 0.186792 0.658263 0.137736