0 0.522048 0.001689 0.516358 0.018581 0.510669 0.025338 0.509246 0.035473 0.502134 0.043919 0.503556 0.057432 0.507824 0.0625 0.517781 0.064189 0.523471 0.074324 0.534851 0.074324 0.539118 0.084459 0.544808 0.087838 0.544808 0.092905 0.549075 0.099662 0.55761 0.096284 0.567568 0.109797 0.56899 0.131757 0.571835 0.141892 0.577525 0.152027 0.58606 0.158784 0.593172 0.168919 0.601707 0.170608 0.610242 0.177365 0.631579 0.185811 0.652916 0.177365 0.667141 0.158784 0.667141 0.152027 0.671408 0.141892 0.671408 0.131757 0.675676 0.125 0.675676 0.11655400000000002 0.679943 0.109797 0.679943 0.099662 0.685633 0.087838 0.685633 0.081081 0.6899 0.069257 0.687055 0.065878 0.688478 0.054054 0.674253 0.04223 0.655761 0.003378 0.651494 0.001689 0.652916 0.038851 0.648649 0.045608 0.625889 0.048986 0.584637 0.048986 0.581792 0.045608 0.58037 0.047297 0.570413 0.035473 0.570413 0.032095 0.567568 0.032095 0.539118 0.006756999999999999 0.530583 0.001689
5 0.502134 0.057432 0.49359899999999995 0.067568 0.48933100000000007 0.067568 0.477952 0.08277 0.4679940000000001 0.106419 0.4694169999999999 0.133446 0.476529 0.146959 0.490754 0.162162 0.492176 0.182432 0.496444 0.189189 0.49359899999999995 0.211149 0.482219 0.241554 0.482219 0.251689 0.477952 0.263514 0.479374 0.27027 0.476529 0.275338 0.479374 0.282095 0.482219 0.282095 0.49359899999999995 0.29223 0.496444 0.29223 0.499289 0.271959 0.519203 0.22635099999999997 0.527738 0.199324 0.540541 0.179054 0.5633 0.162162 0.570413 0.11824299999999999 0.567568 0.11824299999999999 0.566145 0.109797 0.55761 0.097973 0.549075 0.101351 0.544808 0.096284 0.543385 0.087838 0.537696 0.084459 0.534851 0.076014 0.523471 0.076014 0.517781 0.065878 0.507824 0.064189
4 0.997155 0.9425679999999999 0.997155 0.935811 0.97724 0.918919 0.981508 0.900338 0.9800849999999999 0.8699320000000001 0.940256 0.844595 0.934566 0.837838 0.931721 0.817568 0.916074 0.814189 0.9089620000000002 0.797297 0.9046939999999999 0.79223 0.897582 0.790541 0.890469 0.780405 0.890469 0.77027 0.8947369999999999 0.763514 0.8947369999999999 0.753378 0.891892 0.746622 0.8776670000000001 0.731419 0.8762450000000002 0.716216 0.864865 0.702703 0.8620199999999999 0.694257 0.859175 0.673986 0.859175 0.625 0.8378379999999999 0.586149 0.829303 0.565878 0.815078 0.523649 0.807966 0.49155399999999994 0.8022760000000001 0.478041 0.8008530000000001 0.4628380000000001 0.805121 0.45777 0.806543 0.44932399999999995 0.799431 0.425676 0.790896 0.407095 0.792319 0.386824 0.786629 0.356419 0.7681370000000001 0.315878 0.772404 0.307432 0.756757 0.293919 0.7524890000000001 0.282095 0.7411100000000002 0.27027 0.726885 0.243243 0.698435 0.202703 0.694168 0.190878 0.678521 0.173986 0.674253 0.165541 0.667141 0.160473 0.662873 0.165541 0.661451 0.162162 0.647226 0.179054 0.638691 0.185811 0.631579 0.1875 0.610242 0.179054 0.601707 0.172297 0.593172 0.170608 0.58606 0.160473 0.576102 0.152027 0.56899 0.153716 0.550498 0.16723 0.512091 0.1875 0.495021 0.201014 0.492176 0.216216 0.438122 0.275338 0.418208 0.300676 0.40540500000000007 0.3125 0.403983 0.319257 0.389758 0.342905 0.3840680000000001 0.371622 0.368421 0.393581 0.36699899999999996 0.410473 0.369844 0.422297 0.358464 0.44425700000000007 0.351351 0.46959499999999993 0.318634 0.538851 0.290185 0.609797 0.273115 0.635135 0.26458 0.658784 0.26458 0.665541 0.257468 0.675676 0.254623 0.689189 0.23613099999999998 0.701014 0.23470799999999997 0.714527 0.203414 0.746622 0.18207699999999996 0.758446 0.15505 0.780405 0.12233299999999998 0.780405 0.09957300000000001 0.79223 0.066856 0.831081 0.054054 0.839527 0.034139 0.841216 0.009957 0.859797 0.002845 0.875 0.002845 0.890203 0.01138 0.908784 0.036984 0.9324320000000001 0.059744 0.940878 0.085349 0.9375 0.106686 0.9594590000000001 0.130868 0.972973 0.152205 0.9780409999999999 0.16643 0.9780409999999999 0.177809 0.971284 0.18776700000000002 0.9594590000000001 0.196302 0.9577699999999999 0.248933 0.984797 0.29303 0.996622 0.3101 0.998311 0.332859 0.996622 0.349929 0.9915540000000002 0.371266 0.976351 0.3812229999999999 0.964527 0.392603 0.961149 0.40540500000000007 0.961149 0.411095 0.976351 0.415363 0.9797300000000001 0.423898 0.9780409999999999 0.439545 0.966216 0.4480799999999999 0.969595 0.46514900000000003 0.967905 0.477952 0.984797 0.482219 0.984797 0.490754 0.9780409999999999 0.497866 0.9780409999999999 0.507824 0.9915540000000002 0.513514 0.9915540000000002 0.524893 0.976351 0.547653 0.9780409999999999 0.559033 0.9949320000000001 0.5633 0.9949320000000001 0.578947 0.9864859999999999 0.583215 0.9881760000000002 0.59175 0.998311 0.600284 0.998311 0.615932 0.984797 0.631579 0.976351 0.634424 0.976351 0.648649 0.9915540000000002 0.662873 0.9831079999999999 0.668563 0.9831079999999999 0.681366 0.9949320000000001 0.687055 0.9949320000000001 0.694168 0.989865 0.708393 0.974662 0.715505 0.9780409999999999 0.721195 0.984797 0.728307 0.9864859999999999 0.736842 0.9780409999999999 0.7439540000000001 0.9780409999999999 0.7510669999999999 0.9831079999999999 0.7596020000000001 0.984797 0.7695589999999999 0.971284 0.773826 0.971284 0.7837840000000001 0.984797 0.7880509999999998 0.984797 0.798009 0.969595 0.8278809999999999 0.971284 0.8364149999999999 0.961149 0.854908 0.962838 0.863442 0.956081 0.883357 0.9797300000000001 0.889047 0.9831079999999999 0.9032720000000001 0.9831079999999999 0.923186 0.972973 0.944523 0.974662 0.965861 0.969595 0.981508 0.9594590000000001
7 0.571835 0.153716 0.571835 0.160473 0.58037 0.168919 0.590327 0.173986 0.608819 0.189189 0.621622 0.194257 0.640114 0.192568 0.661451 0.177365 0.671408 0.16723 0.671408 0.157095 0.668563 0.153716 0.660028 0.153716 0.657183 0.160473 0.648649 0.168919 0.628734 0.180743 0.615932 0.175676 0.611664 0.170608 0.588905 0.157095 0.583215 0.150338 0.57468 0.150338
6 0.502134 0.055743 0.502134 0.0625 0.504979 0.065878 0.539118 0.086149 0.547653 0.101351 0.561878 0.114865 0.567568 0.114865 0.570413 0.111486 0.570413 0.101351 0.5633 0.096284 0.543385 0.070946 0.532006 0.065878 0.513514 0.052365 0.504979 0.052365
6 0.492176 0.16723 0.492176 0.173986 0.502134 0.182432 0.520626 0.1875 0.524893 0.190878 0.530583 0.190878 0.533428 0.1875 0.533428 0.179054 0.530583 0.175676 0.512091 0.170608 0.502134 0.163851 0.495021 0.163851
2 0.523471 0.001689 0.523471 0.010135 0.526316 0.013513999999999998 0.539118 0.018581 0.560455 0.033784 0.570413 0.043919 0.578947 0.05912200000000001 0.608819 0.060811000000000004 0.623044 0.057432 0.647226 0.057432 0.657183 0.055743 0.661451 0.047297 0.660028 0.003378 0.657183 0 0.651494 0 0.644381 0.005068 0.644381 0.011824 0.648649 0.016892 0.647226 0.04223 0.617354 0.043919 0.603129 0.047297 0.587482 0.045608 0.570413 0.023649 0.544808 0.005068 0.537696 0.003378 0.534851 0
2 0.58606 0.050676 0.583215 0.054054 0.583215 0.060811000000000004 0.604552 0.094595 0.614509 0.123311 0.614509 0.138514 0.620199 0.162162 0.620199 0.179054 0.623044 0.182432 0.630156 0.182432 0.633001 0.179054 0.631579 0.155405 0.628734 0.148649 0.625889 0.11655400000000002 0.621622 0.108108 0.621622 0.101351 0.601707 0.0625 0.59175 0.050676
2 0.658606 0.038851 0.652916 0.038851 0.650071 0.04223 0.648649 0.0625 0.637269 0.111486 0.635846 0.148649 0.631579 0.16723 0.631579 0.173986 0.634424 0.177365 0.640114 0.177365 0.645804 0.16723 0.648649 0.11824299999999999 0.662873 0.055743 0.662873 0.043919
1 0.617354 0.182432 0.614509 0.179054 0.608819 0.179054 0.605974 0.182432 0.605974 0.192568 0.598862 0.21959500000000004 0.593172 0.265203 0.593172 0.293919 0.590327 0.302365 0.590327 0.315878 0.583215 0.320946 0.583215 0.326014 0.58037 0.329392 0.573257 0.33277 0.539118 0.361486 0.527738 0.366554 0.4694169999999999 0.368243 0.458037 0.378378 0.45377 0.378378 0.438122 0.388514 0.392603 0.402027 0.382646 0.402027 0.372688 0.396959 0.36699899999999996 0.396959 0.3641539999999999 0.400338 0.3641539999999999 0.407095 0.368421 0.412162 0.376956 0.415541 0.398293 0.415541 0.44381200000000004 0.402027 0.459459 0.391892 0.46372700000000006 0.391892 0.475107 0.381757 0.533428 0.380068 0.54623 0.375 0.55761 0.363176 0.588905 0.341216 0.601707 0.326014 0.603129 0.282095 0.610242 0.228041 0.617354 0.199324
1 0.651494 0.184122 0.648649 0.1875 0.648649 0.195946 0.658606 0.21790499999999996 0.662873 0.239865 0.674253 0.273649 0.687055 0.300676 0.69559 0.336149 0.705548 0.347973 0.731152 0.363176 0.766714 0.403716 0.7766710000000001 0.408784 0.790896 0.410473 0.7937409999999999 0.407095 0.7937409999999999 0.39527 0.789474 0.385135 0.7837840000000001 0.385135 0.779516 0.393581 0.773826 0.390203 0.746799 0.358108 0.728307 0.342905 0.711238 0.334459 0.70697 0.329392 0.698435 0.293919 0.677098 0.243243 0.667141 0.202703 0.661451 0.189189 0.657183 0.184122
1 0.634424 0.185811 0.628734 0.185811 0.625889 0.189189 0.625889 0.204392 0.620199 0.23310800000000004 0.614509 0.295608 0.605974 0.331081 0.604552 0.346284 0.590327 0.385135 0.587482 0.405405 0.56899 0.4712839999999999 0.559033 0.52027 0.550498 0.538851 0.534851 0.594595 0.516358 0.643581 0.513514 0.657095 0.509246 0.663851 0.509246 0.670608 0.495021 0.719595 0.440967 0.839527 0.42674299999999993 0.863176 0.423898 0.873311 0.41394 0.8868239999999998 0.398293 0.9155409999999999 0.389758 0.9256760000000002 0.382646 0.9459459999999998 0.374111 0.956081 0.374111 0.962838 0.376956 0.966216 0.3854909999999999 0.966216 0.391181 0.9594590000000001 0.39971600000000007 0.935811 0.43527699999999997 0.8800679999999999 0.438122 0.8699320000000001 0.45092499999999996 0.849662 0.47226199999999996 0.804054 0.48079700000000003 0.780405 0.495021 0.755068 0.500711 0.736486 0.506401 0.726351 0.513514 0.704392 0.514936 0.692568 0.519203 0.684122 0.520626 0.670608 0.524893 0.663851 0.527738 0.650338 0.54623 0.601351 0.561878 0.545608 0.570413 0.527027 0.58037 0.478041 0.58606 0.4645270000000001 0.588905 0.44425700000000007 0.598862 0.412162 0.601707 0.391892 0.615932 0.353041 0.617354 0.337838 0.625889 0.302365 0.631579 0.239865 0.637269 0.211149 0.637269 0.189189
1 0.642959 0.184122 0.640114 0.1875 0.640114 0.194257 0.650071 0.216216 0.664296 0.265203 0.692745 0.329392 0.709815 0.390203 0.711238 0.405405 0.732575 0.476351 0.732575 0.486486 0.738265 0.5 0.738265 0.508446 0.7453769999999998 0.525338 0.749644 0.552365 0.7695589999999999 0.608108 0.7780940000000001 0.641892 0.779516 0.657095 0.785206 0.672297 0.7880509999999998 0.697635 0.7951639999999999 0.719595 0.799431 0.753378 0.809388 0.783784 0.815078 0.820946 0.822191 0.844595 0.823613 0.858108 0.83357 0.8868239999999998 0.834993 0.898649 0.843528 0.9155409999999999 0.8449500000000001 0.9239859999999999 0.85064 0.9324320000000001 0.85064 0.939189 0.854908 0.9459459999999998 0.857752 0.961149 0.860597 0.964527 0.86771 0.964527 0.8705549999999999 0.961149 0.8691320000000001 0.944257 0.8620199999999999 0.9324320000000001 0.8620199999999999 0.9256760000000002 0.85633 0.9172300000000001 0.854908 0.908784 0.846373 0.890203 0.8449500000000001 0.8800679999999999 0.834993 0.851351 0.83357 0.837838 0.823613 0.800676 0.820768 0.777027 0.8108110000000001 0.746622 0.806543 0.712838 0.8008530000000001 0.695946 0.7937409999999999 0.653716 0.790896 0.650338 0.7880509999999998 0.628378 0.779516 0.596284 0.7709819999999998 0.577703 0.7610239999999999 0.545608 0.756757 0.518581 0.749644 0.501689 0.749644 0.49324299999999993 0.7439540000000001 0.478041 0.7439540000000001 0.46959499999999993 0.7339970000000001 0.430743 0.722617 0.400338 0.721195 0.383446 0.704125 0.322635 0.675676 0.258446 0.655761 0.194257 0.648649 0.184122
1 0.001422 0.881757 0.004267 0.900338 0.032717 0.935811 0.042674 0.9425679999999999 0.059744 0.947635 0.085349 0.9459459999999998 0.09672799999999998 0.9510140000000001 0.113798 0.966216 0.140825 0.981419 0.16074 0.981419 0.172119 0.976351 0.18776700000000002 0.964527 0.193457 0.964527 0.210526 0.971284 0.23470799999999997 0.9864859999999999 0.284495 0.996622 0.348506 0.9915540000000002 0.354196 0.9864859999999999 0.376956 0.976351 0.389758 0.964527 0.40113800000000005 0.969595 0.40967299999999995 0.984797 0.41963 0.984797 0.440967 0.971284 0.4466570000000001 0.971284 0.46372700000000006 0.976351 0.477952 0.989865 0.49359899999999995 0.9864859999999999 0.499289 0.993243 0.509246 0.998311 0.514936 0.998311 0.526316 0.9881760000000002 0.534851 0.984797 0.549075 0.9864859999999999 0.560455 0.998311 0.604552 0.998311 0.617354 0.9915540000000002 0.631579 0.989865 0.641536 0.984797 0.651494 0.998311 0.657183 0.998311 0.665718 0.993243 0.691323 0.998311 0.708393 0.989865 0.715505 0.9831079999999999 0.72404 0.989865 0.7411100000000002 0.9915540000000002 0.746799 0.984797 0.763869 0.9864859999999999 0.775249 0.9797300000000001 0.780939 0.9864859999999999 0.796586 0.9881760000000002 0.805121 0.976351 0.813656 0.9797300000000001 0.829303 0.9797300000000001 0.834993 0.9780409999999999 0.849218 0.964527 0.86771 0.966216 0.880512 0.9797300000000001 0.896159 0.9881760000000002 0.910384 0.9881760000000002 0.9132289999999998 0.984797 0.921764 0.984797 0.930299 0.9797300000000001 0.944523 0.9780409999999999 0.9516360000000001 0.972973 0.9630159999999999 0.971284 0.984353 0.9577699999999999 0.98862 0.9577699999999999 0.998578 0.9493239999999998 0.998578 0.935811 0.991465 0.935811 0.981508 0.944257 0.957326 0.9577699999999999 0.9459460000000001 0.9594590000000001 0.9388339999999998 0.964527 0.924609 0.966216 0.916074 0.971284 0.907539 0.971284 0.9032720000000001 0.974662 0.881935 0.962838 0.8734 0.952703 0.843528 0.9510140000000001 0.8364149999999999 0.9543920000000001 0.8278809999999999 0.964527 0.8193459999999999 0.966216 0.813656 0.961149 0.8036979999999999 0.961149 0.792319 0.966216 0.7880509999999998 0.972973 0.782361 0.964527 0.772404 0.962838 0.7610239999999999 0.971284 0.739687 0.971284 0.7354200000000001 0.976351 0.731152 0.976351 0.721195 0.969595 0.709815 0.969595 0.698435 0.9780409999999999 0.685633 0.9831079999999999 0.678521 0.9797300000000001 0.657183 0.981419 0.648649 0.971284 0.635846 0.971284 0.625889 0.976351 0.611664 0.9780409999999999 0.598862 0.984797 0.588905 0.984797 0.584637 0.981419 0.564723 0.9831079999999999 0.55761 0.974662 0.550498 0.971284 0.529161 0.971284 0.509246 0.981419 0.499289 0.971284 0.487909 0.971284 0.48079700000000003 0.974662 0.4694169999999999 0.962838 0.45234699999999994 0.9577699999999999 0.43527699999999997 0.9577699999999999 0.429587 0.962838 0.416785 0.967905 0.411095 0.9594590000000001 0.39971600000000007 0.9510140000000001 0.382646 0.9510140000000001 0.368421 0.964527 0.348506 0.972973 0.342817 0.9780409999999999 0.290185 0.9831079999999999 0.240398 0.972973 0.220484 0.9594590000000001 0.19203400000000004 0.9493239999999998 0.184922 0.9493239999999998 0.16643 0.962838 0.15505 0.967905 0.146515 0.967905 0.12233299999999998 0.9543920000000001 0.09957300000000001 0.935811 0.091038 0.9324320000000001 0.065434 0.934122 0.052632 0.930743 0.041252 0.9239859999999999 0.015647 0.8918920000000001 0.009957 0.878378 0.004267 0.878378