0 0.53322 0 0.53322 0.006872999999999999 0.543441 0.0189 0.543441 0.053265 0.53833 0.063574 0.531516 0.070447 0.526405 0.070447 0.516184 0.080756 0.522998 0.091065 0.526405 0.103093 0.529813 0.128866 0.529813 0.156357 0.543441 0.183849 0.543441 0.199313 0.594549 0.221649 0.618399 0.24055 0.630324 0.225086 0.642249 0.202749 0.642249 0.180412 0.647359 0.164948 0.647359 0.152921 0.659284 0.120275 0.655877 0.103093 0.640545 0.075601 0.599659 0.029209999999999996 0.594549 0.017182 0.567291 0.010309 0.550256 0.010309 0.53833 0
5 0.51448 0.079038 0.497445 0.085911 0.48892700000000006 0.07732 0.48211199999999993 0.075601 0.46678000000000003 0.09622 0.46678000000000003 0.113402 0.458262 0.128866 0.459966 0.147766 0.46337300000000003 0.154639 0.448041 0.187285 0.44974400000000003 0.199313 0.458262 0.204467 0.465077 0.216495 0.46337300000000003 0.225086 0.422487 0.264605 0.415673 0.281787 0.415673 0.297251 0.420784 0.309278 0.429302 0.317869 0.456559 0.329897 0.47529800000000005 0.329897 0.48892700000000006 0.323024 0.504259 0.319588 0.504259 0.309278 0.507666 0.30756 0.507666 0.293814 0.504259 0.286942 0.505963 0.243986 0.511073 0.231959 0.528109 0.216495 0.53322 0.202749 0.534923 0.178694 0.53322 0.164948 0.528109 0.156357 0.528109 0.128866 0.524702 0.103093
4 0.657581 0.213058 0.642249 0.204467 0.632027 0.225086 0.618399 0.242268 0.594549 0.223368 0.574106 0.213058 0.548552 0.204467 0.541738 0.199313 0.528109 0.201031 0.47529800000000005 0.226804 0.459966 0.237113 0.436116 0.262887 0.41908 0.271478 0.415673 0.283505 0.390119 0.304124 0.381601 0.324742 0.364566 0.338488 0.366269 0.367698 0.350937 0.379725 0.350937 0.390034 0.332198 0.417526 0.332198 0.43299 0.32368 0.445017 0.316865 0.462199 0.30494 0.477663 0.296422 0.496564 0.287905 0.506873 0.282794 0.525773 0.258944 0.556701 0.252129 0.573883 0.24701899999999996 0.579038 0.229983 0.613402 0.218058 0.627148 0.18569 0.680412 0.170358 0.697595 0.153322 0.709622 0.143101 0.737113 0.117547 0.774914 0.103918 0.78866 0.098807 0.790378 0.080068 0.810997 0.074957 0.823024 0.044293 0.845361 0.028961 0.862543 0.003407 0.871134 0 0.878007 0.001704 0.886598 0.017036 0.907216 0.032368 0.9158079999999998 0.057922 0.9432989999999999 0.074957 0.946735 0.080068 0.955326 0.105622 0.953608 0.109029 0.9570449999999999 0.109029 0.962199 0.11243600000000001 0.9639179999999999 0.11924999999999998 0.960481 0.11414 0.9501719999999999 0.115843 0.9432989999999999 0.120954 0.9381440000000001 0.132879 0.9381440000000001 0.141397 0.9432989999999999 0.180579 0.955326 0.22487200000000002 0.955326 0.231687 0.9656360000000002 0.241908 0.9742269999999998 0.253833 0.9742269999999998 0.260647 0.967354 0.284497 0.9656360000000002 0.289608 0.962199 0.315162 0.9656360000000002 0.320273 0.969072 0.320273 0.972509 0.306644 0.991409 0.308348 0.998282 0.32368 0.998282 0.339012 0.9759450000000001 0.381601 0.9759450000000001 0.391823 0.969072 0.405451 0.969072 0.425894 0.962199 0.439523 0.9639179999999999 0.437819 0.9707899999999999 0.429302 0.9828180000000001 0.47700200000000004 0.9828180000000001 0.49063000000000007 0.991409 0.497445 0.9896910000000001 0.497445 0.986254 0.507666 0.9742269999999998 0.53322 0.9742269999999998 0.545145 0.979381 0.558773 0.979381 0.577513 0.9879729999999999 0.708688 0.984536 0.720613 0.979381 0.741056 0.979381 0.76661 0.967354 0.817717 0.967354 0.834753 0.9742269999999998 0.855196 0.9742269999999998 0.865417 0.986254 0.875639 0.993127 0.9046 0.993127 0.923339 0.984536 0.9471889999999998 0.9828180000000001 0.969336 0.960481 0.982964 0.9518900000000001 0.982964 0.948454 0.972743 0.946735 0.967632 0.939863 0.969336 0.934708 0.982964 0.9226799999999998 0.982964 0.9123709999999999 0.957411 0.876289 0.948893 0.867698 0.9403750000000001 0.867698 0.935264 0.862543 0.9335600000000001 0.852234 0.916525 0.821306 0.913118 0.805842 0.906303 0.795533 0.9046 0.778351 0.897785 0.766323 0.896082 0.723368 0.867121 0.676976 0.86201 0.654639 0.853492 0.640893 0.853492 0.623711 0.829642 0.551546 0.819421 0.532646 0.819421 0.522337 0.809199 0.496564 0.809199 0.4828180000000001 0.793867 0.455326 0.79046 0.398625 0.780239 0.38488 0.778535 0.37457 0.76661 0.364261 0.761499 0.340206 0.739353 0.310997 0.730835 0.290378 0.688245 0.24914100000000003 0.686542 0.243986
2 0.531516 0 0.531516 0.006872999999999999 0.560477 0.030927999999999997 0.579216 0.030927999999999997 0.592845 0.024055 0.591141 0.012027 0.58092 0.012027 0.577513 0.015463999999999999 0.567291 0.017182 0.546848 0
2 0.579216 0.042955 0.574106 0.04811 0.562181 0.079038 0.558773 0.082474 0.558773 0.087629 0.551959 0.09622 0.551959 0.104811 0.555366 0.108247 0.562181 0.108247 0.568995 0.101375 0.58092 0.073883 0.58092 0.068729 0.586031 0.063574 0.591141 0.070447 0.614991 0.087629 0.614991 0.091065 0.62862 0.108247 0.637138 0.108247 0.638842 0.09622 0.62862 0.084192 0.62862 0.080756 0.60477 0.05841899999999999 0.601363 0.05841899999999999 0.591141 0.042955
2 0.522998 0.09622 0.522998 0.103093 0.536627 0.111684 0.572402 0.118557 0.630324 0.11683799999999998 0.649063 0.111684 0.654174 0.106529 0.654174 0.099656 0.650767 0.09622 0.640545 0.09622 0.637138 0.099656 0.623509 0.103093 0.60477 0.104811 0.562181 0.103093 0.551959 0.097938 0.543441 0.097938 0.534923 0.092784 0.526405 0.092784
2 0.577513 0.106529 0.574106 0.10996599999999998 0.574106 0.120275 0.587734 0.183849 0.601363 0.223368 0.60477 0.226804 0.611584 0.226804 0.614991 0.223368 0.614991 0.21134 0.611584 0.207904 0.601363 0.176976 0.599659 0.159794 0.594549 0.149485 0.587734 0.10996599999999998 0.584327 0.106529
2 0.635434 0.101375 0.62862 0.101375 0.625213 0.104811 0.621806 0.120275 0.621806 0.171821 0.616695 0.226804 0.620102 0.23024099999999997 0.626917 0.23024099999999997 0.632027 0.225086 0.637138 0.12543
7 0.536627 0.195876 0.536627 0.202749 0.543441 0.21134 0.565588 0.218213 0.586031 0.23024099999999997 0.606474 0.24742300000000003 0.618399 0.252577 0.625213 0.252577 0.632027 0.245704 0.640545 0.231959 0.640545 0.225086 0.649063 0.213058 0.649063 0.201031 0.640545 0.199313 0.632027 0.209622 0.62862 0.221649 0.618399 0.233677 0.611584 0.225086 0.563884 0.199313 0.551959 0.197595 0.546848 0.19244 0.540034 0.19244
1 0.621806 0.242268 0.618399 0.23883200000000002 0.611584 0.23883200000000002 0.601363 0.256014 0.599659 0.266323 0.594549 0.273196 0.592845 0.283505 0.58092 0.30756 0.58092 0.316151 0.565588 0.338488 0.555366 0.347079 0.53833 0.352234 0.522998 0.350515 0.500852 0.338488 0.483816 0.319588 0.47359500000000004 0.319588 0.46678000000000003 0.333333 0.437819 0.369416 0.410562 0.383162 0.381601 0.383162 0.367973 0.378007 0.357751 0.378007 0.354344 0.381443 0.354344 0.390034 0.357751 0.393471 0.367973 0.393471 0.385009 0.398625 0.41908 0.396907 0.441227 0.383162 0.446337 0.383162 0.4804089999999999 0.340206 0.497445 0.35567 0.516184 0.364261 0.545145 0.365979 0.562181 0.360825 0.577513 0.348797 0.592845 0.32646 0.601363 0.297251 0.608177 0.286942 0.614991 0.262887 0.621806 0.250859
1 0.621806 0.242268 0.623509 0.256014 0.640545 0.293814 0.650767 0.309278 0.684838 0.343643 0.698467 0.350515 0.72402 0.348797 0.730835 0.362543 0.754685 0.386598 0.771721 0.396907 0.783646 0.396907 0.787053 0.393471 0.787053 0.386598 0.781942 0.381443 0.764906 0.37457 0.747871 0.359107 0.735945 0.340206 0.734242 0.328179 0.727428 0.317869 0.71891 0.317869 0.715503 0.321306 0.712095 0.33677 0.69506 0.331615 0.660988 0.297251 0.645656 0.269759 0.635434 0.242268 0.632027 0.23883200000000002 0.625213 0.23883200000000002
1 0.625213 0.235395 0.618399 0.235395 0.614991 0.23883200000000002 0.613288 0.256014 0.601363 0.292096 0.597956 0.317869 0.587734 0.352234 0.586031 0.372852 0.58092 0.388316 0.579216 0.417526 0.574106 0.436426 0.567291 0.49828200000000006 0.560477 0.524055 0.558773 0.54811 0.548552 0.587629 0.546848 0.611684 0.536627 0.661512 0.534923 0.690722 0.528109 0.731959 0.522998 0.819588 0.516184 0.857388 0.516184 0.8831619999999999 0.504259 0.9656360000000002 0.504259 0.9759450000000001 0.507666 0.979381 0.51448 0.979381 0.519591 0.972509 0.521295 0.93299 0.528109 0.9054979999999999 0.528109 0.87457 0.536627 0.82646 0.541738 0.738832 0.548552 0.697595 0.550256 0.668385 0.560477 0.618557 0.562181 0.594502 0.572402 0.554983 0.574106 0.530928 0.58092 0.505155 0.58092 0.49140900000000004 0.584327 0.4811 0.587734 0.443299 0.592845 0.424399 0.594549 0.395189 0.599659 0.379725 0.601363 0.359107 0.611584 0.324742 0.614991 0.298969 0.626917 0.262887 0.62862 0.23883200000000002
1 0.62862 0.245704 0.625213 0.24914100000000003 0.625213 0.257732 0.645656 0.305842 0.666099 0.364261 0.674617 0.410653 0.688245 0.463918 0.696763 0.484536 0.71891 0.587629 0.730835 0.620275 0.734242 0.640893 0.746167 0.680412 0.747871 0.704467 0.759796 0.754296 0.768313 0.778351 0.770017 0.797251 0.79046 0.886598 0.807496 0.9742269999999998 0.810903 0.977663 0.817717 0.977663 0.822828 0.9707899999999999 0.822828 0.960481 0.817717 0.953608 0.81431 0.941581 0.812606 0.9226799999999998 0.797274 0.847079 0.792164 0.833333 0.781942 0.771478 0.76661 0.719931 0.759796 0.675258 0.744463 0.613402 0.735945 0.592784 0.72402 0.546392 0.710392 0.477663 0.693356 0.426117 0.679727 0.357388 0.640545 0.252577 0.635434 0.245704
1 0.800681 0.9570449999999999 0.797274 0.953608 0.788756 0.953608 0.770017 0.9587630000000001 0.744463 0.9707899999999999 0.684838 0.979381 0.568995 0.977663 0.553663 0.969072 0.536627 0.967354 0.528109 0.9587630000000001 0.521295 0.9587630000000001 0.517888 0.962199 0.517888 0.972509 0.529813 0.9810999999999999 0.546848 0.9828180000000001 0.562181 0.991409 0.691652 0.993127 0.751278 0.984536 0.776831 0.972509 0.795571 0.969072 0.800681 0.9639179999999999
1 0.534923 0.699313 0.524702 0.697595 0.516184 0.704467 0.4991479999999999 0.706186 0.465077 0.694158 0.454855 0.682131 0.446337 0.682131 0.431005 0.699313 0.413969 0.713058 0.376491 0.730241 0.311755 0.750859 0.279387 0.743986 0.253833 0.726804 0.24872199999999997 0.719931 0.23850100000000002 0.719931 0.22487200000000002 0.728522 0.187394 0.737113 0.143101 0.730241 0.139693 0.733677 0.139693 0.74055 0.144804 0.745704 0.172061 0.750859 0.194208 0.750859 0.226576 0.743986 0.24361200000000002 0.737113 0.272572 0.757732 0.298126 0.764605 0.318569 0.764605 0.369676 0.749141 0.413969 0.730241 0.425894 0.723368 0.44974400000000003 0.701031 0.454855 0.706186 0.483816 0.718213 0.516184 0.719931 0.526405 0.716495 0.534923 0.709622
1 0.759796 0.714777 0.761499 0.723368 0.795571 0.721649 0.802385 0.718213 0.816014 0.701031 0.856899 0.738832 0.882453 0.752577 0.889267 0.761168 0.896082 0.761168 0.902896 0.756014 0.902896 0.747423 0.899489 0.743986 0.882453 0.737113 0.8773419999999998 0.731959 0.8739350000000001 0.731959 0.868825 0.725086 0.858603 0.719931 0.817717 0.678694 0.810903 0.678694 0.805792 0.683849 0.792164 0.706186 0.76661 0.709622
1 0 0.87457 0 0.8831619999999999 0.006814 0.896907 0.052811 0.9432989999999999 0.085179 0.9639179999999999 0.11243600000000001 0.9656360000000002 0.12436099999999999 0.946735 0.144804 0.9501719999999999 0.163543 0.9570449999999999 0.223169 0.9656360000000002 0.235094 0.9656360000000002 0.24020400000000003 0.955326 0.24531500000000003 0.953608 0.282794 0.9656360000000002 0.291312 0.9656360000000002 0.301533 0.9707899999999999 0.332198 0.972509 0.344123 0.977663 0.398637 0.977663 0.427598 0.967354 0.431005 0.9810999999999999 0.444634 0.9896910000000001 0.47700200000000004 0.9896910000000001 0.48552 0.984536 0.49063000000000007 0.984536 0.500852 0.972509 0.529813 0.977663 0.53833 0.984536 0.570698 0.993127 0.625213 0.994845 0.703578 0.984536 0.737649 0.9828180000000001 0.754685 0.977663 0.768313 0.977663 0.79046 0.969072 0.804089 0.967354 0.848382 0.979381 0.8739350000000001 0.991409 0.936968 0.991409 0.9522999999999999 0.986254 0.962521 0.977663 0.972743 0.960481 0.972743 0.9518900000000001 0.979557 0.9381440000000001 0.9914819999999999 0.926117 0.989779 0.914089 0.981261 0.914089 0.97615 0.9175260000000001 0.9591139999999999 0.9432989999999999 0.957411 0.9570449999999999 0.9471889999999998 0.9707899999999999 0.936968 0.9759450000000001 0.913118 0.979381 0.88075 0.977663 0.855196 0.9656360000000002 0.810903 0.953608 0.79046 0.953608 0.759796 0.9639179999999999 0.747871 0.9639179999999999 0.730835 0.969072 0.696763 0.9707899999999999 0.618399 0.9810999999999999 0.577513 0.979381 0.550256 0.972509 0.536627 0.9639179999999999 0.529813 0.9639179999999999 0.524702 0.960481 0.49574099999999993 0.9570449999999999 0.48211199999999993 0.9707899999999999 0.470187 0.9759450000000001 0.451448 0.9759450000000001 0.444634 0.972509 0.446337 0.960481 0.434412 0.9518900000000001 0.41908 0.953608 0.391823 0.9639179999999999 0.350937 0.9639179999999999 0.339012 0.9587630000000001 0.308348 0.9570449999999999 0.29983 0.9518900000000001 0.287905 0.9518900000000001 0.272572 0.9450170000000001 0.250426 0.939863 0.235094 0.939863 0.22487200000000002 0.9518900000000001 0.168654 0.9432989999999999 0.134583 0.93299 0.117547 0.93299 0.105622 0.9432989999999999 0.105622 0.948454 0.102215 0.9518900000000001 0.0954 0.9518900000000001 0.068143 0.9364259999999999 0.020443 0.888316 0.010221 0.871134 0.003407 0.871134
6 0.517888 0.07732 0.51448 0.080756 0.51448 0.091065 0.522998 0.111684 0.522998 0.120275 0.526405 0.123711 0.53322 0.123711 0.534923 0.101375 0.528109 0.080756 0.524702 0.07732
6 0.46337300000000003 0.214777 0.46337300000000003 0.223368 0.46678000000000003 0.226804 0.48211199999999993 0.23024099999999997 0.49574099999999993 0.24055 0.505963 0.24055 0.50937 0.237113 0.50937 0.23024099999999997 0.48892700000000006 0.216495 0.48211199999999993 0.216495 0.47359500000000004 0.21134 0.46678000000000003 0.21134