0 0.430631 0.040789 0.430631 0.075 0.436036 0.078947 0.445045 0.09473699999999999 0.459459 0.11184200000000001 0.472072 0.123684 0.511712 0.113158 0.540541 0.11184200000000001 0.547748 0.109211 0.663063 0.107895 0.664865 0.047368 0.659459 0.043421 0.659459 0.036842 0.67027 0.021053 0.666667 0.017105 0.657658 0.017105 0.652252 0.019737 0.645045 0.017105 0.641441 0.011842 0.616216 0.005263 0.590991 0.002632 0.581982 0.003947 0.578378 0.001316 0.535135 0.001316 0.526126 0.005263 0.513514 0.003947 0.500901 0.007895 0.479279 0.009211 0.466667 0.021053 0.46306299999999995 0.021053 0.443243 0.035526
4 0.661261 0.109211 0.574775 0.109211 0.511712 0.114474 0.475676 0.123684 0.472072 0.131579 0.46846799999999994 0.128947 0.457658 0.140789 0.446847 0.163158 0.430631 0.184211 0.387387 0.257895 0.381982 0.261842 0.369369 0.281579 0.365766 0.298684 0.354955 0.317105 0.354955 0.325 0.347748 0.334211 0.345946 0.34473700000000007 0.322523 0.384211 0.320721 0.39342099999999997 0.311712 0.397368 0.293694 0.428947 0.288288 0.444737 0.257658 0.506579 0.252252 0.531579 0.243243 0.546053 0.2 0.586842 0.140541 0.635526 0.140541 0.647368 0.12072099999999998 0.668421 0.124324 0.684211 0.113514 0.701316 0.113514 0.7105260000000001 0.12252299999999999 0.7210530000000002 0.12252299999999999 0.728947 0.108108 0.7447370000000001 0.09009 0.771053 0.048649 0.8144740000000001 0.036036 0.825 0.016216 0.834211 0.003604 0.8447369999999998 0.003604 0.8486839999999999 0.009009 0.853947 0.001802 0.863158 0.001802 0.872368 0.009009 0.882895 0.032432 0.898684 0.073874 0.913158 0.075676 0.926316 0.09009 0.936842 0.11711699999999999 0.947368 0.156757 0.955263 0.2 0.957895 0.228829 0.9710530000000002 0.257658 0.976316 0.322523 0.975 0.344144 0.980263 0.385586 0.984211 0.455856 0.985526 0.461261 0.990789 0.47387399999999996 0.996053 0.49009 0.9986840000000001 0.581982 0.9986840000000001 0.590991 0.997368 0.609009 0.988158 0.621622 0.986842 0.654054 0.986842 0.666667 0.990789 0.691892 0.990789 0.715315 0.985526 0.747748 0.985526 0.771171 0.978947 0.772973 0.9710530000000002 0.769369 0.961842 0.772973 0.959211 0.792793 0.959211 0.814414 0.953947 0.843243 0.955263 0.87027 0.948684 0.895495 0.9394740000000001 0.915315 0.9355259999999999 0.922523 0.930263 0.9261259999999999 0.9184209999999999 0.9351350000000002 0.9118419999999999 0.936937 0.906579 0.9603600000000001 0.890789 0.9693690000000001 0.877632 0.9873869999999999 0.865789 0.990991 0.860526 0.990991 0.8460530000000002 0.996396 0.840789 0.994595 0.8355260000000001 0.9747750000000001 0.827632 0.9477479999999999 0.809211 0.908108 0.752632 0.90991 0.742105 0.924324 0.736842 0.92973 0.732895 0.931532 0.726316 0.908108 0.690789 0.911712 0.6789470000000001 0.904505 0.669737 0.906306 0.659211 0.89009 0.646053 0.89009 0.642105 0.855856 0.609211 0.836036 0.585526 0.821622 0.572368 0.816216 0.563158 0.816216 0.552632 0.812613 0.544737 0.805405 0.539474 0.8 0.539474 0.796396 0.536842 0.796396 0.523684 0.783784 0.464474 0.751351 0.36184199999999994 0.751351 0.336842 0.740541 0.317105 0.740541 0.310526 0.727928 0.290789 0.727928 0.280263 0.718919 0.253947 0.717117 0.236842 0.70991 0.226316 0.702703 0.2 0.681081 0.161842 0.668468 0.130263 0.668468 0.118421
5 0.472072 0.013158000000000001 0.46846799999999994 0.017105 0.4702700000000001 0.018421 0.464865 0.021053 0.455856 0.015789 0.443243 0.017105 0.428829 0.014473999999999999 0.4 0.014473999999999999 0.392793 0.018421 0.381982 0.015789 0.376577 0.018421 0.378378 0.027631999999999997 0.392793 0.046053 0.394595 0.065789 0.390991 0.075 0.376577 0.084211 0.347748 0.12105299999999998 0.320721 0.15 0.300901 0.177632 0.291892 0.196053 0.291892 0.213158 0.300901 0.235526 0.308108 0.246053 0.29009 0.25 0.286486 0.252632 0.293694 0.263158 0.286486 0.265789 0.282883 0.271053 0.299099 0.288158 0.302703 0.281579 0.320721 0.264474 0.324324 0.268421 0.30991 0.293421 0.299099 0.294737 0.268468 0.313158 0.272072 0.317105 0.272072 0.323684 0.279279 0.331579 0.30991 0.34473700000000007 0.338739 0.34473700000000007 0.347748 0.347368 0.363964 0.34473700000000007 0.372973 0.338158 0.354955 0.305263 0.36036 0.290789 0.369369 0.278947 0.385586 0.273684 0.428829 0.25 0.43964 0.238158 0.454054 0.213158 0.454054 0.144737 0.457658 0.139474 0.457658 0.102632 0.454054 0.097368 0.454054 0.076316 0.4702700000000001 0.053947 0.488288 0.038158 0.47387399999999996 0.022367999999999996
1 0.45045 0.171053 0.432432 0.19473699999999997 0.421622 0.230263 0.418018 0.255263 0.396396 0.323684 0.381982 0.35 0.362162 0.396053 0.356757 0.402632 0.354955 0.410526 0.344144 0.425 0.335135 0.446053 0.327928 0.452632 0.326126 0.463158 0.317117 0.476316 0.30991 0.507895 0.293694 0.547368 0.29009 0.563158 0.279279 0.573684 0.266667 0.592105 0.252252 0.603947 0.246847 0.615789 0.230631 0.635526 0.21982 0.663158 0.207207 0.681579 0.207207 0.688158 0.2 0.703947 0.2 0.714474 0.190991 0.731579 0.187387 0.732895 0.178378 0.730263 0.162162 0.7197369999999998 0.14955 0.7197369999999998 0.136937 0.715789 0.127928 0.715789 0.111712 0.703947 0.108108 0.7065790000000001 0.108108 0.714474 0.111712 0.7197369999999998 0.126126 0.730263 0.136937 0.732895 0.151351 0.732895 0.167568 0.743421 0.187387 0.75 0.198198 0.75 0.209009 0.743421 0.209009 0.735526 0.218018 0.7236839999999999 0.218018 0.7131580000000001 0.227027 0.692105 0.227027 0.684211 0.241441 0.664474 0.254054 0.635526 0.272072 0.609211 0.279279 0.605263 0.295495 0.582895 0.306306 0.575 0.313514 0.55 0.326126 0.526316 0.331532 0.4973679999999999 0.335135 0.493421 0.338739 0.477632 0.345946 0.467105 0.345946 0.460526 0.358559 0.444737 0.363964 0.430263 0.372973 0.418421 0.376577 0.406579 0.381982 0.4 0.4 0.36184199999999994 0.4 0.35657900000000003 0.421622 0.315789 0.427027 0.382895 0.455856 0.506579 0.457658 0.548684 0.472072 0.594737 0.464865 0.660526 0.455856 0.6894740000000001 0.455856 0.702632 0.45045 0.714474 0.45045 0.752632 0.452252 0.767105 0.455856 0.773684 0.455856 0.7868419999999999 0.46306299999999995 0.794737 0.48468500000000003 0.797368 0.49009 0.801316 0.504505 0.805263 0.526126 0.805263 0.536937 0.807895 0.612613 0.809211 0.661261 0.805263 0.699099 0.7934209999999999 0.702703 0.788158 0.711712 0.7828949999999999 0.769369 0.7828949999999999 0.778378 0.777632 0.814414 0.777632 0.848649 0.763158 0.857658 0.763158 0.864865 0.760526 0.884685 0.747368 0.902703 0.747368 0.908108 0.7447370000000001 0.920721 0.743421 0.927928 0.736842 0.927928 0.726316 0.917117 0.7236839999999999 0.908108 0.730263 0.900901 0.730263 0.891892 0.734211 0.879279 0.732895 0.868468 0.736842 0.852252 0.7486840000000001 0.841441 0.7486840000000001 0.809009 0.763158 0.767568 0.764474 0.758559 0.769737 0.720721 0.769737 0.70991 0.767105 0.691892 0.773684 0.681081 0.7828949999999999 0.655856 0.790789 0.63964 0.790789 0.625225 0.794737 0.547748 0.794737 0.531532 0.790789 0.50991 0.790789 0.493694 0.784211 0.48468500000000003 0.784211 0.47387399999999996 0.7789469999999998 0.4702700000000001 0.7197369999999998 0.47387399999999996 0.711842 0.475676 0.690789 0.482883 0.672368 0.48468500000000003 0.638158 0.488288 0.632895 0.49009 0.621053 0.49009 0.585526 0.48468500000000003 0.575 0.481081 0.552632 0.475676 0.540789 0.47387399999999996 0.496053 0.466667 0.472368 0.464865 0.45394699999999993 0.459459 0.444737 0.455856 0.414474 0.45045 0.402632 0.445045 0.363158 0.445045 0.336842 0.441441 0.331579 0.43964 0.282895 0.445045 0.267105 0.455856 0.201316 0.464865 0.182895 0.464865 0.17236799999999997 0.459459 0.169737
1 0.100901 0.715789 0.104505 0.7236839999999999 0.118919 0.725 0.126126 0.730263 0.145946 0.738158 0.156757 0.739474 0.171171 0.7447370000000001 0.207207 0.747368 0.209009 0.757895 0.21982 0.765789 0.245045 0.769737 0.268468 0.769737 0.277477 0.777632 0.29009 0.777632 0.299099 0.7802630000000002 0.313514 0.7802630000000002 0.326126 0.7828949999999999 0.358559 0.781579 0.369369 0.7934209999999999 0.38018 0.796053 0.437838 0.797368 0.464865 0.792105 0.49009 0.797368 0.49729700000000004 0.802632 0.506306 0.805263 0.547748 0.809211 0.554955 0.811842 0.609009 0.811842 0.616216 0.809211 0.641441 0.809211 0.666667 0.805263 0.672072 0.802632 0.681081 0.802632 0.686486 0.798684 0.700901 0.794737 0.706306 0.788158 0.713514 0.784211 0.735135 0.781579 0.785586 0.781579 0.798198 0.777632 0.809009 0.777632 0.814414 0.773684 0.841441 0.765789 0.855856 0.757895 0.864865 0.757895 0.873874 0.752632 0.886486 0.7513159999999999 0.899099 0.7447370000000001 0.918919 0.743421 0.927928 0.740789 0.931532 0.736842 0.931532 0.731579 0.927928 0.727632 0.913514 0.726316 0.904505 0.730263 0.891892 0.730263 0.875676 0.738158 0.866667 0.738158 0.857658 0.743421 0.846847 0.7447370000000001 0.830631 0.752632 0.818018 0.7552629999999999 0.796396 0.764474 0.78018 0.767105 0.72973 0.767105 0.70991 0.769737 0.693694 0.775 0.682883 0.784211 0.668468 0.7894739999999999 0.659459 0.7894739999999999 0.628829 0.796053 0.56036 0.797368 0.536937 0.794737 0.522523 0.790789 0.511712 0.790789 0.504505 0.785526 0.4702700000000001 0.777632 0.454054 0.777632 0.436036 0.7828949999999999 0.421622 0.784211 0.385586 0.781579 0.374775 0.771053 0.36036 0.765789 0.351351 0.765789 0.336937 0.769737 0.331532 0.767105 0.297297 0.764474 0.295495 0.757895 0.29009 0.7552629999999999 0.25045 0.7552629999999999 0.230631 0.7513159999999999 0.23423399999999997 0.747368 0.23423399999999997 0.740789 0.230631 0.736842 0.212613 0.732895 0.194595 0.732895 0.189189 0.730263 0.171171 0.728947 0.14955 0.722368 0.12072099999999998 0.709211 0.108108 0.7105260000000001
1 0.9981980000000001 0.8355260000000001 0.9819819999999999 0.8421050000000001 0.9765769999999999 0.857895 0.942342 0.882895 0.933333 0.897368 0.931532 0.9078949999999999 0.924324 0.9184209999999999 0.917117 0.923684 0.89009 0.9355259999999999 0.872072 0.938158 0.861261 0.942105 0.836036 0.944737 0.814414 0.95 0.776577 0.951316 0.767568 0.955263 0.756757 0.9710530000000002 0.751351 0.975 0.724324 0.981579 0.702703 0.984211 0.625225 0.981579 0.607207 0.988158 0.50991 0.989474 0.488288 0.984211 0.472072 0.982895 0.443243 0.972368 0.425225 0.972368 0.416216 0.975 0.378378 0.975 0.36036 0.9710530000000002 0.345946 0.9710530000000002 0.327928 0.965789 0.268468 0.9671050000000001 0.25045 0.964474 0.241441 0.9605260000000001 0.221622 0.9565790000000001 0.212613 0.951316 0.196396 0.951316 0.178378 0.9460529999999999 0.158559 0.943421 0.144144 0.938158 0.126126 0.9355259999999999 0.093694 0.923684 0.088288 0.919737 0.088288 0.9144739999999999 0.079279 0.9052630000000002 0.037838 0.890789 0.023423 0.884211 0.010811 0.875 0.009009 0.868421 0.016216 0.860526 0.016216 0.8447369999999998 0.009009 0.839474 0 0.840789 0 0.889474 0.041441 0.910526 0.063063 0.917105 0.068468 0.921053 0.07027 0.9289470000000001 0.100901 0.944737 0.138739 0.952632 0.158559 0.959211 0.167568 0.959211 0.183784 0.964474 0.203604 0.964474 0.209009 0.968421 0.225225 0.9736839999999999 0.263063 0.981579 0.322523 0.980263 0.327928 0.982895 0.351351 0.984211 0.365766 0.988158 0.436036 0.986842 0.47387399999999996 0.9986840000000001 0.628829 0.9986840000000001 0.636036 0.9947370000000001 0.652252 0.996053 0.659459 0.9986840000000001 0.708108 0.9986840000000001 0.717117 0.996053 0.72973 0.996053 0.740541 0.992105 0.763964 0.988158 0.771171 0.982895 0.785586 0.964474 0.825225 0.9631580000000001 0.837838 0.959211 0.873874 0.955263 0.882883 0.951316 0.891892 0.951316 0.9351350000000002 0.932895 0.9495500000000001 0.915789 0.9513509999999998 0.9039469999999998 0.9585590000000002 0.892105 0.9639640000000002 0.890789 0.994595 0.868421 0.994595 0.861842 0.9981980000000001 0.856579
7 0.666667 0.109211 0.661261 0.103947 0.652252 0.10131600000000002 0.641441 0.103947 0.545946 0.103947 0.52973 0.10526299999999998 0.508108 0.110526 0.481081 0.11184200000000001 0.466667 0.11710500000000001 0.464865 0.125 0.46846799999999994 0.128947 0.481081 0.128947 0.49729700000000004 0.123684 0.520721 0.123684 0.540541 0.118421 0.663063 0.11710500000000001
2 0.427027 0.046053 0.430631 0.05 0.445045 0.05 0.4702700000000001 0.030263 0.49729700000000004 0.017105 0.506306 0.017105 0.511712 0.014473999999999999 0.545946 0.011842 0.553153 0.014473999999999999 0.637838 0.017105 0.646847 0.022367999999999996 0.654054 0.022367999999999996 0.661261 0.018421 0.661261 0.009211 0.648649 0.003947 0.632432 0.003947 0.627027 0.001316 0.506306 0 0.481081 0.006579000000000001 0.47387399999999996 0.011842 0.454054 0.019737 0.428829 0.039474
6 0.472072 0.022367999999999996 0.46306299999999995 0.023684 0.459459 0.027631999999999997 0.459459 0.031579 0.466667 0.038158 0.46846799999999994 0.043421 0.454054 0.059211 0.441441 0.081579 0.441441 0.1 0.445045 0.103947 0.461261 0.102632 0.461261 0.08552600000000002 0.466667 0.078947 0.466667 0.073684 0.475676 0.065789 0.49009 0.046053 0.49009 0.034211 0.479279 0.025
6 0.390991 0.068421 0.390991 0.072368 0.396396 0.078947 0.414414 0.078947 0.430631 0.08552600000000002 0.45045 0.084211 0.45045 0.075 0.443243 0.069737 0.423423 0.065789 0.410811 0.065789 0.405405 0.063158 0.398198 0.063158
6 0.315315 0.259211 0.317117 0.265789 0.345946 0.273684 0.356757 0.273684 0.362162 0.276316 0.374775 0.276316 0.38018 0.273684 0.38018 0.264474 0.371171 0.260526 0.358559 0.260526 0.331532 0.253947 0.322523 0.253947
6 0.308108 0.292105 0.30991 0.298684 0.317117 0.302632 0.338739 0.307895 0.356757 0.307895 0.362162 0.305263 0.362162 0.296053 0.356757 0.293421 0.344144 0.293421 0.320721 0.286842 0.311712 0.288158