0 0.577731 0.009245 0.548319 0.009245 0.514706 0.0015410000000000003 0.504202 0.0015410000000000003 0.495798 0.006163 0.460084 0.004622 0.441176 0.010786 0.409664 0.010786 0.394958 0.01849 0.386555 0.01849 0.380252 0.026194 0.378151 0.047766 0.367647 0.069337 0.342437 0.080123 0.319328 0.083205 0.306723 0.089368 0.247899 0.095532 0.231092 0.10631699999999998 0.21638700000000002 0.11094000000000001 0.220588 0.11556199999999998 0.220588 0.126348 0.226891 0.140216 0.233193 0.22958400000000004 0.243697 0.268105 0.243697 0.288136 0.25 0.300462 0.247899 0.31433 0.25 0.352851 0.254202 0.354391 0.254202 0.379045 0.271008 0.391371 0.273109 0.40832 0.281513 0.4237290000000001 0.283613 0.440678 0.302521 0.471495 0.306723 0.497689 0.304622 0.557781 0.310924 0.562404 0.336134 0.567026 0.510504 0.577812 0.516807 0.57473 0.64916 0.568567 0.682773 0.563945 0.695378 0.55624 0.691176 0.539291 0.695378 0.476117 0.705882 0.44376000000000004 0.722689 0.41294299999999995 0.735294 0.375963 0.741597 0.366718 0.741597 0.252696 0.747899 0.22958400000000004 0.75 0.144838 0.760504 0.112481 0.766807 0.103236 0.752101 0.093991 0.701681 0.090909 0.651261 0.078582 0.628151 0.069337 0.613445 0.055470000000000005 0.611345 0.020031 0.598739 0.01849
5 0.214286 0.11094000000000001 0.17437 0.11094000000000001 0.165966 0.11556199999999998 0.147059 0.118644 0.12395 0.134052 0.117647 0.144838 0.098739 0.164869 0.081933 0.218798 0.077731 0.3698 0.060924 0.503852 0.048319 0.531587 0.044118 0.57473 0.02521 0.614792 0.002101 0.711864 0 0.7935289999999999 0.004202 0.8012330000000001 0.004202 0.810478 0.023109 0.8366720000000001 0.027311 0.8366720000000001 0.031513 0.8412940000000001 0.039916 0.8443760000000001 0.048319 0.8567029999999999 0.044118 0.939908 0.023109 0.973806 0.023109 0.986133 0.05042 0.986133 0.065126 0.995378 0.079832 0.995378 0.084034 0.9984589999999999 0.121849 0.995378 0.12605 0.992296 0.144958 0.990755 0.161765 0.978428 0.159664 0.913713 0.168067 0.901387 0.17437 0.875193 0.193277 0.850539 0.193277 0.838213 0.212185 0.8181819999999999 0.226891 0.795069 0.241597 0.736518 0.243697 0.531587 0.25 0.522342 0.254202 0.405239 0.258403 0.383667 0.252101 0.379045 0.252101 0.354391 0.247899 0.352851 0.247899 0.300462 0.241597 0.288136 0.241597 0.268105 0.231092 0.22958400000000004 0.22479 0.140216 0.218487 0.126348 0.218487 0.11556199999999998
5 0.766807 0.103236 0.752101 0.144838 0.75 0.22958400000000004 0.743697 0.252696 0.743697 0.366718 0.747899 0.3698 0.75 0.382126 0.747899 0.49306600000000006 0.754202 0.576271 0.754202 0.677966 0.760504 0.750385 0.785714 0.812018 0.80042 0.8258859999999999 0.806723 0.827427 0.819328 0.838213 0.817227 0.855162 0.823529 0.862866 0.827731 0.8828970000000002 0.836134 0.893683 0.844538 0.9244989999999998 0.844538 0.938367 0.836134 0.955316 0.838235 0.983051 0.842437 0.986133 0.855042 0.986133 0.869748 0.995378 0.930672 0.995378 0.936975 0.992296 0.94958 0.992296 0.97479 0.978428 0.978992 0.979969 0.981092 0.976888 0.953782 0.938367 0.951681 0.855162 0.97479 0.83359 0.991597 0.807396 0.997899 0.77812 0.997899 0.731895 0.987395 0.665639 0.983193 0.659476 0.981092 0.642527 0.968487 0.607088 0.966387 0.585516 0.951681 0.546995 0.930672 0.44684099999999993 0.920168 0.363636 0.918067 0.232666 0.913866 0.194145 0.897059 0.154083 0.871849 0.126348 0.838235 0.112481 0.783613 0.112481
2 0.615546 0.026194 0.611345 0.020031 0.60084 0.01849 0.596639 0.020031 0.590336 0.029276 0.577731 0.03698 0.521008 0.050847 0.455882 0.050847 0.436975 0.043143 0.426471 0.043143 0.407563 0.03698 0.397059 0.030817 0.378151 0.032357 0.37605 0.041602 0.378151 0.044684 0.386555 0.044684 0.394958 0.049307 0.420168 0.057011 0.428571 0.057011 0.443277 0.063174 0.535714 0.063174 0.556723 0.057011 0.567227 0.057011 0.586134 0.050847 0.598739 0.043143 0.605042 0.043143 0.605042 0.040062 0.615546 0.032357
2 0.693277 0.086287 0.678571 0.084746 0.672269 0.089368 0.67437 0.098613 0.670168 0.104777 0.670168 0.135593 0.665966 0.141757 0.659664 0.243451 0.64916 0.271186 0.619748 0.289676 0.584034 0.300462 0.563025 0.303544 0.523109 0.303544 0.455882 0.308166 0.413866 0.308166 0.365546 0.303544 0.348739 0.297381 0.338235 0.288136 0.331933 0.27735 0.329832 0.265023 0.323529 0.257319 0.321429 0.241911 0.315126 0.231125 0.313025 0.160247 0.306723 0.14792 0.304622 0.09245 0.289916 0.09245 0.287815 0.138675 0.289916 0.157165 0.294118 0.164869 0.296218 0.235747 0.319328 0.294299 0.329832 0.306626 0.359244 0.317411 0.405462 0.322034 0.462185 0.322034 0.493697 0.318952 0.569328 0.317411 0.607143 0.311248 0.62395 0.303544 0.632353 0.303544 0.663866 0.283513 0.676471 0.255778 0.686975 0.144838 0.686975 0.112481 0.695378 0.095532
7 0.30042 0.5547 0.302521 0.563945 0.321429 0.570108 0.346639 0.570108 0.352941 0.57319 0.411765 0.577812 0.476891 0.579353 0.588235 0.577812 0.62605 0.57473 0.644958 0.570108 0.691176 0.567026 0.697479 0.560863 0.695378 0.553159 0.682773 0.550077 0.672269 0.551618 0.668067 0.55624 0.632353 0.557781 0.619748 0.560863 0.579832 0.563945 0.508403 0.565485 0.420168 0.563945 0.357143 0.557781 0.331933 0.557781 0.313025 0.550077 0.306723 0.550077
7 0.737395 0.09245 0.722689 0.090909 0.716387 0.095532 0.718487 0.114022 0.714286 0.127889 0.714286 0.174114 0.705882 0.249615 0.705882 0.291217 0.697479 0.303544 0.689076 0.308166 0.684874 0.31433 0.64916 0.337442 0.638655 0.337442 0.632353 0.340524 0.605042 0.343606 0.586134 0.349769 0.569328 0.349769 0.560924 0.352851 0.554622 0.349769 0.542017 0.349769 0.535714 0.352851 0.527311 0.349769 0.491597 0.349769 0.485294 0.352851 0.460084 0.352851 0.453782 0.349769 0.430672 0.349769 0.411765 0.343606 0.35084 0.343606 0.336134 0.338983 0.327731 0.338983 0.321429 0.326656 0.310924 0.318952 0.30042 0.317411 0.296218 0.31433 0.296218 0.306626 0.285714 0.288136 0.285714 0.268105 0.277311 0.261941 0.27521 0.249615 0.268908 0.24037000000000003 0.271008 0.192604 0.262605 0.180277 0.264706 0.169492 0.260504 0.164869 0.264706 0.158706 0.264706 0.151002 0.260504 0.146379 0.268908 0.134052 0.268908 0.117103 0.260504 0.11094000000000001 0.258403 0.10169499999999998 0.243697 0.10169499999999998 0.239496 0.117103 0.235294 0.121726 0.235294 0.12943 0.245798 0.137134 0.241597 0.141757 0.243697 0.187982 0.252101 0.198767 0.245798 0.22804300000000002 0.25 0.232666 0.25 0.248074 0.256303 0.254237 0.258403 0.266564 0.266807 0.275809 0.268908 0.300462 0.277311 0.311248 0.277311 0.320493 0.283613 0.329738 0.298319 0.331279 0.310924 0.349769 0.342437 0.357473 0.405462 0.357473 0.42437 0.363636 0.470588 0.366718 0.592437 0.363636 0.611345 0.357473 0.630252 0.355932 0.665966 0.348228 0.712185 0.315871 0.72479 0.29584 0.72479 0.254237 0.733193 0.178737 0.733193 0.132512 0.739496 0.10631699999999998
6 0.218487 0.112481 0.212185 0.117103 0.220588 0.152542 0.220588 0.198767 0.22479 0.24037000000000003 0.231092 0.254237 0.231092 0.27735 0.241597 0.308166 0.245798 0.360555 0.25 0.368259 0.264706 0.368259 0.266807 0.352851 0.262605 0.338983 0.260504 0.303544 0.256303 0.285054 0.247899 0.268105 0.247899 0.24499200000000002 0.243697 0.234206 0.237395 0.135593 0.228992 0.114022
6 0.777311 0.11094000000000001 0.766807 0.112481 0.758403 0.12326699999999999 0.758403 0.134052 0.752101 0.146379 0.743697 0.189522 0.743697 0.345146 0.739496 0.354391 0.747899 0.360555 0.756303 0.360555 0.762605 0.355932 0.760504 0.214176 0.771008 0.151002 0.777311 0.138675 0.777311 0.12943 0.783613 0.12018500000000001 0.783613 0.11556199999999998
6 0.193277 0.845917 0.182773 0.838213 0.172269 0.839753 0.170168 0.8443760000000001 0.163866 0.8474580000000002 0.151261 0.8489980000000001 0.084034 0.8474580000000002 0.065126 0.842835 0.05042 0.8443760000000001 0.048319 0.85208 0.054622 0.8567029999999999 0.077731 0.8613249999999999 0.157563 0.862866 0.193277 0.8567029999999999
6 0.955882 0.8489980000000001 0.947479 0.842835 0.922269 0.8474580000000002 0.840336 0.8474580000000002 0.819328 0.8443760000000001 0.815126 0.845917 0.813025 0.8536209999999999 0.815126 0.8567029999999999 0.834034 0.8613249999999999 0.928571 0.8613249999999999 0.953782 0.8567029999999999