0 0.39961 0.003185 0.387914 0.009554 0.397661 0.017516 0.407407 0.038217 0.423002 0.052548 0.395712 0.073248 0.374269 0.100318 0.362573 0.121019 0.352827 0.128981 0.333333 0.187898 0.333333 0.19586 0.339181 0.207006 0.339181 0.22292999999999996 0.364522 0.269108 0.366472 0.299363 0.37232 0.315287 0.37232 0.350318 0.368421 0.359873 0.37232 0.375796 0.413255 0.383758 0.48538 0.383758 0.512671 0.375796 0.530214 0.375796 0.567251 0.366242 0.608187 0.361465 0.610136 0.359873 0.602339 0.339172 0.606238 0.307325 0.623782 0.253185 0.631579 0.24044600000000002 0.641326 0.197452 0.649123 0.184713 0.62963 0.140127 0.610136 0.11624200000000001 0.60039 0.098726 0.555556 0.055732 0.569201 0.044586 0.586745 0.038217 0.614035 0.017516 0.619883 0.006369 0.606238 0.001592 0.590643 0.003185 0.567251 0.022293 0.532164 0.039809 0.510721 0.044586 0.463938 0.044586 0.442495 0.036624 0.424951 0.023885 0.421053 0.015924 0.421053 0.006369 0.417154 0.001592
5 0.623782 0.007962 0.602339 0.028661999999999997 0.586745 0.039809 0.569201 0.046178 0.557505 0.05732500000000001 0.602339 0.098726 0.612086 0.11624200000000001 0.62768 0.133758 0.637427 0.151274 0.641326 0.173567 0.65692 0.21337600000000004 0.660819 0.262739 0.672515 0.318471 0.672515 0.33121 0.678363 0.347134 0.682261 0.386943 0.682261 0.434713 0.688109 0.45541399999999993 0.68616 0.549363 0.699805 0.552548 0.717349 0.562102 0.729045 0.555732 0.736842 0.555732 0.746589 0.562102 0.756335 0.555732 0.768031 0.55414 0.768031 0.544586 0.77193 0.539809 0.783626 0.547771 0.795322 0.547771 0.80117 0.542994 0.824561 0.539809 0.82846 0.535032 0.832359 0.535032 0.832359 0.522293 0.838207 0.517516 0.853801 0.517516 0.85575 0.512739 0.869396 0.504777 0.88694 0.507962 0.898635 0.503185 0.91423 0.512739 0.922027 0.512739 0.929825 0.496815 0.947368 0.488854 0.959064 0.488854 0.968811 0.48089200000000004 0.976608 0.46496800000000005 0.994152 0.450637 0.996101 0.434713 0.992203 0.421975 0.982456 0.41241999999999995 0.968811 0.390127 0.951267 0.374204 0.912281 0.347134 0.910331 0.334395 0.888889 0.316879 0.883041 0.30414 0.877193 0.299363 0.865497 0.278662 0.853801 0.267516 0.846004 0.253185 0.783626 0.186306 0.762183 0.151274 0.756335 0.130573 0.748538 0.121019 0.744639 0.105096 0.736842 0.095541 0.729045 0.070064 0.707602 0.039809 0.672515 0.022293 0.658869 0.020701
5 0.448343 0.512739 0.446394 0.514331 0.448343 0.514331 0.397661 0.007962 0.368421 0.015924 0.358674 0.023885 0.327485 0.033439 0.31384 0.042994 0.307992 0.05414000000000001 0.288499 0.073248 0.28655 0.089172 0.274854 0.101911 0.267057 0.11783400000000001 0.222222 0.16879 0.208577 0.191083 0.181287 0.18949 0.157895 0.20541400000000004 0.140351 0.229299 0.124756 0.238854 0.11306 0.23566899999999996 0.0038989999999999997 0.23566899999999996 0 0.24044600000000002 0.001949 0.257962 0.023392 0.262739 0.033138 0.272293 0.040936 0.286624 0.037037 0.315287 0.033138 0.320064 0.033138 0.33121 0.038986 0.340764 0.044834 0.345541 0.05848 0.343949 0.074074 0.329618 0.081871 0.33758 0.083821 0.361465 0.079922 0.366242 0.074074 0.367834 0.070175 0.394904 0.087719 0.399682 0.087719 0.417197 0.099415 0.4235670000000001 0.105263 0.43789800000000006 0.095517 0.449045 0.101365 0.461783 0.11501 0.46496800000000005 0.120858 0.4713379999999999 0.116959 0.469745 0.116959 0.46496800000000005 0.120858 0.461783 0.111111 0.45541399999999993 0.111111 0.45222900000000005 0.116959 0.450637 0.128655 0.461783 0.124756 0.469745 0.132554 0.48089200000000004 0.1423 0.485669 0.157895 0.485669 0.163743 0.488854 0.177388 0.506369 0.208577 0.509554 0.206628 0.490446 0.216374 0.477707 0.218324 0.461783 0.230019 0.43948999999999994 0.239766 0.401274 0.247563 0.393312 0.243665 0.378981 0.245614 0.372611 0.274854 0.33121 0.276803 0.302548 0.300195 0.275478 0.306043 0.265924 0.309942 0.25 0.321637 0.24044600000000002 0.329435 0.229299 0.331384 0.218153 0.339181 0.20859899999999998 0.345029 0.154459 0.352827 0.138535 0.354776 0.125796 0.360624 0.121019 0.37232 0.100318 0.393762 0.073248 0.421053 0.052548 0.403509 0.035032
4 0.608187 0.363057 0.567251 0.367834 0.530214 0.377389 0.512671 0.377389 0.495127 0.383758 0.479532 0.38535 0.413255 0.38535 0.37232 0.377389 0.368421 0.372611 0.366472 0.383758 0.346979 0.417197 0.346979 0.429936 0.339181 0.44426799999999994 0.339181 0.463376 0.333333 0.47929900000000003 0.333333 0.506369 0.327485 0.522293 0.327485 0.552548 0.319688 0.584395 0.319688 0.611465 0.31384 0.627389 0.306043 0.681529 0.292398 0.703822 0.2846 0.729299 0.278752 0.764331 0.270955 0.778662 0.272904 0.794586 0.259259 0.826433 0.255361 0.8726110000000001 0.251462 0.8789810000000001 0.251462 0.886943 0.245614 0.894904 0.247563 0.917197 0.239766 0.9283439999999998 0.239766 0.94586 0.233918 0.955414 0.233918 0.961783 0.265107 0.980892 0.309942 0.990446 0.382066 0.995223 0.387914 0.992038 0.405458 0.992038 0.432749 0.985669 0.45614 0.977707 0.45809 0.9729300000000001 0.465887 0.968153 0.473684 0.968153 0.477583 0.971338 0.510721 0.968153 0.516569 0.9729300000000001 0.534113 0.9761150000000001 0.54191 0.9840760000000001 0.576998 0.990446 0.580897 0.995223 0.596491 0.998408 0.612086 0.993631 0.653021 0.992038 0.662768 0.987261 0.680312 0.988854 0.692008 0.977707 0.693957 0.968153 0.711501 0.957006 0.74269 0.957006 0.754386 0.968153 0.777778 0.966561 0.791423 0.958599 0.80117 0.960191 0.830409 0.957006 0.849903 0.944268 0.865497 0.941083 0.875244 0.934713 0.883041 0.9331210000000001 0.88694 0.9283439999999998 0.88499 0.920382 0.875244 0.9108279999999999 0.869396 0.8853499999999999 0.861598 0.8742039999999999 0.859649 0.8582800000000002 0.847953 0.8343949999999999 0.847953 0.8248410000000002 0.840156 0.812102 0.840156 0.80414 0.834308 0.799363 0.834308 0.789809 0.82846 0.785032 0.814815 0.748408 0.791423 0.708599 0.789474 0.699045 0.781676 0.68949 0.777778 0.675159 0.766082 0.659236 0.764133 0.649682 0.754386 0.64172 0.754386 0.632166 0.744639 0.621019 0.744639 0.611465 0.732943 0.595541 0.732943 0.584395 0.719298 0.570064 0.719298 0.558917 0.697856 0.525478 0.695906 0.512739 0.680312 0.48089200000000004 0.666667 0.46496800000000005 0.62768 0.388535 0.615984 0.369427
2 0.405458 0.001592 0.405458 0.006369 0.411306 0.014330999999999998 0.411306 0.023885 0.421053 0.035032 0.42885 0.036624 0.438596 0.042994 0.448343 0.042994 0.45809 0.047771 0.500975 0.047771 0.516569 0.042994 0.549708 0.041401 0.551657 0.038217 0.561404 0.036624 0.60039 0.012739 0.60039 0 0.580897 0 0.575049 0.007962 0.563353 0.012739 0.545809 0.025478 0.536062 0.028661999999999997 0.506823 0.030255000000000004 0.495127 0.033439 0.463938 0.033439 0.436647 0.023885 0.426901 0.015924 0.426901 0.004777 0.423002 0
7 0.604288 0.353503 0.592593 0.350318 0.582846 0.355096 0.563353 0.356688 0.539961 0.36465 0.522417 0.36465 0.499025 0.371019 0.479532 0.371019 0.45614 0.377389 0.419103 0.377389 0.37037 0.369427 0.366472 0.371019 0.364522 0.378981 0.366472 0.382166 0.376218 0.38535 0.409357 0.390127 0.467836 0.390127 0.491228 0.383758 0.512671 0.383758 0.528265 0.378981 0.551657 0.377389 0.569201 0.371019 0.582846 0.371019 0.604288 0.36465
1 0.894737 0.9219750000000001 0.881092 0.920382 0.842105 0.937898 0.832359 0.937898 0.783626 0.9506370000000001 0.760234 0.952229 0.723197 0.94586 0.695906 0.958599 0.666667 0.980892 0.658869 0.9840760000000001 0.641326 0.985669 0.582846 0.982484 0.520468 0.964968 0.506823 0.957006 0.489279 0.9538220000000001 0.461988 0.955414 0.444444 0.960191 0.391813 0.9840760000000001 0.368421 0.985669 0.307992 0.9840760000000001 0.274854 0.971338 0.243665 0.952229 0.231969 0.9538220000000001 0.230019 0.961783 0.233918 0.968153 0.243665 0.971338 0.249513 0.977707 0.255361 0.977707 0.25731 0.980892 0.276803 0.990446 0.282651 0.990446 0.302144 0.998408 0.397661 0.998408 0.452242 0.974522 0.475634 0.968153 0.499025 0.971338 0.51462 0.979299 0.584795 0.998408 0.664717 0.998408 0.680312 0.992038 0.717349 0.964968 0.725146 0.961783 0.754386 0.966561 0.775828 0.966561 0.807018 0.961783 0.842105 0.9506370000000001 0.853801 0.9506370000000001 0.877193 0.93949 0.894737 0.934713
7 0.758285 0.646497 0.746589 0.644904 0.734893 0.651274 0.725146 0.651274 0.707602 0.657643 0.690058 0.659236 0.674464 0.664013 0.651072 0.665605 0.625731 0.673567 0.606238 0.684713 0.57115 0.684713 0.555556 0.676752 0.538012 0.673567 0.522417 0.667197 0.506823 0.664013 0.481481 0.664013 0.461988 0.670382 0.444444 0.671975 0.42885 0.679936 0.391813 0.68949 0.362573 0.68949 0.315789 0.676752 0.306043 0.678344 0.304094 0.686306 0.311891 0.692675 0.352827 0.702229 0.403509 0.702229 0.409357 0.699045 0.440546 0.692675 0.452242 0.686306 0.467836 0.684713 0.487329 0.678344 0.500975 0.678344 0.547758 0.691083 0.559454 0.697452 0.615984 0.697452 0.637427 0.686306 0.65692 0.679936 0.680312 0.678344 0.693957 0.673567 0.719298 0.670382 0.734893 0.664013 0.746589 0.664013 0.758285 0.657643
6 0.403509 0.003185 0.397661 0.003185 0.391813 0.007962 0.395712 0.041401 0.403509 0.052548 0.403509 0.058917000000000004 0.384016 0.074841 0.350877 0.11783400000000001 0.346979 0.128981 0.337232 0.132166 0.335283 0.140127 0.341131 0.148089 0.354776 0.148089 0.382066 0.105096 0.401559 0.082803 0.421053 0.066879 0.421053 0.050955 0.413255 0.035032 0.411306 0.011146
6 0.623782 0.009554 0.553606 0.047771 0.547758 0.05414000000000001 0.547758 0.06051000000000001 0.553606 0.066879 0.569201 0.073248 0.584795 0.089172 0.60039 0.11465000000000002 0.60039 0.121019 0.606238 0.132166 0.614035 0.140127 0.621832 0.159236 0.631579 0.171975 0.631579 0.183121 0.639376 0.187898 0.647173 0.187898 0.653021 0.183121 0.653021 0.176752 0.647173 0.16242 0.641326 0.157643 0.631579 0.13535 0.621832 0.122611 0.617934 0.10828000000000002 0.596491 0.074841 0.582846 0.062102000000000004 0.573099 0.05732500000000001 0.633528 0.022293 0.633528 0.011146
6 0.208577 0.191083 0.208577 0.202229 0.226121 0.21656099999999998 0.233918 0.218153 0.245614 0.226115 0.282651 0.237261 0.296296 0.245223 0.31384 0.245223 0.31384 0.23248400000000002 0.272904 0.21656099999999998 0.253411 0.21178299999999997 0.245614 0.20541400000000004 0.237817 0.203822 0.220273 0.18949
6 0.791423 0.202229 0.785575 0.197452 0.775828 0.197452 0.750487 0.21178299999999997 0.697856 0.23089199999999996 0.664717 0.23089199999999996 0.660819 0.23248400000000002 0.658869 0.24044600000000002 0.660819 0.24363100000000001 0.709552 0.24363100000000001 0.785575 0.21337600000000004 0.791423 0.207006
6 0.122807 0.238854 0.120858 0.246815 0.136452 0.270701 0.138402 0.278662 0.146199 0.286624 0.157895 0.31051 0.159844 0.323248 0.179337 0.355096 0.212476 0.382166 0.233918 0.386943 0.249513 0.386943 0.247563 0.374204 0.22807 0.371019 0.214425 0.363057 0.192982 0.342357 0.181287 0.320064 0.177388 0.318471 0.163743 0.281847 0.153996 0.269108 0.14425 0.24840800000000002 0.136452 0.238854
6 0.912281 0.335987 0.906433 0.33121 0.898635 0.33121 0.883041 0.33758 0.849903 0.36465 0.80117 0.371019 0.789474 0.377389 0.769981 0.382166 0.738791 0.394904 0.684211 0.398089 0.678363 0.401274 0.676413 0.409236 0.678363 0.41241999999999995 0.744639 0.409236 0.785575 0.393312 0.795322 0.39172 0.810916 0.383758 0.861598 0.377389 0.894737 0.350318 0.910331 0.345541