0 0.644283 0.0070220000000000005 0.637024 0.004213 0.624319 0.004213 0.618875 0.008427 0.606171 0.004213 0.597096 0.004213 0.593466 0.009831 0.588022 0.011236 0.577132 0.002809 0.553539 0.001404 0.546279 0.004213 0.546279 0.008427 0.54265 0.011236 0.537205 0.008427 0.515426 0.0070220000000000005 0.500907 0.01264 0.482759 0.005618 0.46642500000000003 0.005618 0.450091 0.011236 0.437387 0.021067 0.433757 0.018258 0.424682 0.016854 0.411978 0.019663 0.402904 0.025280999999999998 0.402904 0.036517 0.410163 0.044944 0.410163 0.06179799999999999 0.413793 0.075843 0.462795 0.168539 0.459165 0.203652 0.48638799999999993 0.213483 0.584392 0.216292 0.640653 0.206461 0.649728 0.199438 0.646098 0.195225 0.647913 0.18117999999999998 0.644283 0.174157 0.646098 0.108146 0.655172 0.098315 0.662432 0.08427 0.664247 0.063202 0.660617 0.050561999999999996 0.651543 0.037921 0.644283 0.033708 0.644283 0.026685 0.651543 0.016854
5 0.38657 0.026685 0.368421 0.026685 0.361162 0.033708 0.357532 0.032303 0.357532 0.023876000000000005 0.344828 0.02809 0.344828 0.033708 0.353902 0.043539 0.355717 0.049157 0.341198 0.108146 0.323049 0.158708 0.324864 0.175562 0.31216 0.19662899999999997 0.297641 0.213483 0.248639 0.258427 0.228675 0.283708 0.225045 0.300562 0.228675 0.313202 0.241379 0.328652 0.252269 0.337079 0.248639 0.339888 0.23049 0.341292 0.208711 0.348315 0.208711 0.353933 0.219601 0.365169 0.23775 0.370787 0.246824 0.37780899999999995 0.252269 0.37780899999999995 0.259528 0.37219100000000005 0.263158 0.37219100000000005 0.288566 0.384831 0.288566 0.3890449999999999 0.297641 0.39325799999999994 0.30127 0.39325799999999994 0.3049 0.3890449999999999 0.317604 0.3890449999999999 0.321234 0.391854 0.328494 0.390449 0.324864 0.370787 0.317604 0.358146 0.319419 0.353933 0.348457 0.358146 0.373866 0.355337 0.395644 0.342697 0.401089 0.330056 0.401089 0.198034 0.402904 0.18679799999999996 0.413793 0.18117999999999998 0.417423 0.172753 0.417423 0.11657300000000001 0.422868 0.109551 0.424682 0.098315 0.411978 0.075843 0.408348 0.06179799999999999 0.408348 0.044944 0.401089 0.036517 0.402904 0.035112 0.395644 0.035112
4 0.647913 0.202247 0.640653 0.207865 0.584392 0.21769699999999997 0.48638799999999993 0.21488800000000002 0.46098 0.205056 0.45735 0.207865 0.453721 0.206461 0.401089 0.252809 0.372051 0.282303 0.361162 0.300562 0.343013 0.31882 0.332123 0.338483 0.321234 0.349719 0.315789 0.359551 0.294011 0.382022 0.275862 0.40870799999999996 0.205082 0.494382 0.168784 0.533708 0.163339 0.543539 0.112523 0.605337 0.072595 0.662921 0.059891 0.674157 0.052632 0.695225 0.043557 0.706461 0.043557 0.7233149999999999 0.034483 0.735955 0.030853 0.748596 0.00363 0.773876 0.001815 0.7780899999999998 0.00363 0.794944 0.023593 0.820225 0.019964 0.8370790000000001 0.025408 0.860955 0.032668 0.8693820000000001 0.043557 0.876404 0.08167 0.893258 0.094374 0.904494 0.108893 0.908708 0.125227 0.919944 0.145191 0.924157 0.15608 0.929775 0.177858 0.946629 0.194192 0.955056 0.203267 0.957865 0.23775 0.957865 0.24500899999999998 0.953652 0.250454 0.953652 0.266788 0.9634830000000001 0.292196 0.970506 0.337568 0.969101 0.370236 0.981742 0.404719 0.983146 0.437387 0.991573 0.548094 0.991573 0.578947 0.9957870000000001 0.649728 0.9957870000000001 0.666062 0.990169 0.724138 0.98736 0.789474 0.9634830000000001 0.811252 0.9634830000000001 0.825771 0.957865 0.84029 0.956461 0.852995 0.950843 0.871143 0.949438 0.894737 0.936798 0.914701 0.9311800000000001 0.9419240000000001 0.91573 0.9564429999999999 0.9101120000000001 0.972777 0.907303 0.9981850000000001 0.894663 0.9945550000000001 0.875 0.981851 0.853933 0.9891109999999999 0.845506 0.9891109999999999 0.835674 0.9709619999999999 0.794944 0.9709619999999999 0.7851120000000001 0.985481 0.779494 0.9891109999999999 0.771067 0.9800359999999999 0.758427 0.972777 0.73736 0.9618869999999999 0.719101 0.9618869999999999 0.713483 0.947368 0.692416 0.9419240000000001 0.676966 0.927405 0.654494 0.914701 0.623596 0.905626 0.61236 0.900181 0.595506 0.883848 0.570225 0.863884 0.525281 0.856624 0.516854 0.85118 0.5 0.838475 0.48174200000000006 0.807623 0.42415699999999995 0.785844 0.394663 0.785844 0.3890449999999999 0.780399 0.382022 0.771325 0.355337 0.756806 0.337079 0.744102 0.327247 0.716878 0.287921 0.707804 0.280899 0.6951 0.26264 0.686025 0.254213 0.676951 0.23736 0.664247 0.22612399999999996 0.658802 0.21488800000000002
2 0.651543 0.035112 0.644283 0.030898999999999996 0.519056 0.032303 0.49183299999999996 0.036517 0.482759 0.043539 0.46642500000000003 0.050561999999999996 0.439201 0.070225 0.417423 0.089888 0.417423 0.095506 0.421053 0.098315 0.433757 0.098315 0.45735 0.077247 0.477314 0.063202 0.480944 0.063202 0.500907 0.050561999999999996 0.524501 0.047753 0.53176 0.044944 0.649728 0.044944
2 0.651543 0.008427 0.646098 0.004213 0.631579 0.005618 0.622505 0 0.6098 0 0.600726 0.004213 0.588022 0.004213 0.580762 0 0.553539 0 0.54265 0.004213 0.506352 0.005618 0.459165 0.004213 0.439201 0.014045 0.431942 0.009831 0.419238 0.011236 0.402904 0.023876000000000005 0.402904 0.029494000000000003 0.408348 0.033708 0.417423 0.033708 0.426497 0.026685 0.450091 0.026685 0.46824000000000005 0.016854 0.482759 0.016854 0.493648 0.021067 0.504537 0.021067 0.519056 0.016854 0.551724 0.018258 0.566243 0.011236 0.577132 0.016854 0.615245 0.015449 0.626134 0.021067 0.644283 0.021067 0.651543 0.015449
1 0.018149 0.8497189999999999 0.018149 0.855337 0.027223 0.8707870000000001 0.043557 0.883427 0.056261 0.884831 0.072595 0.891854 0.07804 0.891854 0.098004 0.9101120000000001 0.112523 0.918539 0.127042 0.922753 0.136116 0.929775 0.145191 0.929775 0.157895 0.9424159999999999 0.170599 0.949438 0.183303 0.952247 0.190563 0.957865 0.210526 0.960674 0.219601 0.9648879999999999 0.241379 0.9634830000000001 0.248639 0.957865 0.257713 0.960674 0.275862 0.9719100000000002 0.335753 0.9747189999999999 0.361162 0.9845510000000001 0.395644 0.98736 0.399274 0.990169 0.46824000000000005 0.9957870000000001 0.473684 0.998596 0.482759 0.998596 0.48820299999999994 0.9957870000000001 0.562613 0.9957870000000001 0.568058 0.998596 0.660617 0.998596 0.667877 0.9957870000000001 0.684211 0.9943820000000001 0.689655 0.991573 0.727768 0.991573 0.742287 0.9845510000000001 0.751361 0.983146 0.760436 0.977528 0.778584 0.9719100000000002 0.785844 0.9719100000000002 0.796733 0.966292 0.813067 0.9648879999999999 0.822142 0.960674 0.833031 0.960674 0.838475 0.957865 0.858439 0.956461 0.872958 0.950843 0.878403 0.950843 0.885662 0.946629 0.891107 0.946629 0.912886 0.936798 0.9528129999999999 0.9129209999999999 0.9800359999999999 0.904494 0.990926 0.904494 0.9981850000000001 0.9002810000000001 0.9981850000000001 0.884831 0.9836659999999999 0.886236 0.9673319999999999 0.893258 0.9491829999999999 0.897472 0.940109 0.9030899999999998 0.934664 0.9030899999999998 0.927405 0.908708 0.923775 0.908708 0.916515 0.91573 0.896552 0.924157 0.887477 0.9311800000000001 0.878403 0.9325840000000001 0.867514 0.938202 0.84392 0.9438199999999999 0.831216 0.9438199999999999 0.822142 0.948034 0.811252 0.948034 0.805808 0.950843 0.793103 0.950843 0.778584 0.957865 0.756806 0.9620790000000001 0.740472 0.970506 0.733212 0.970506 0.718693 0.977528 0.680581 0.977528 0.673321 0.981742 0.653358 0.9845510000000001 0.462795 0.983146 0.450091 0.978933 0.415608 0.977528 0.406534 0.9747189999999999 0.38657 0.9733149999999999 0.38294 0.970506 0.370236 0.970506 0.344828 0.960674 0.284936 0.957865 0.257713 0.9438199999999999 0.239564 0.9438199999999999 0.23049 0.949438 0.221416 0.949438 0.206897 0.9438199999999999 0.199637 0.9438199999999999 0.194192 0.939607 0.183303 0.938202 0.154265 0.91573 0.145191 0.9115169999999999 0.130672 0.908708 0.107078 0.896067 0.087114 0.877809 0.079855 0.877809 0.063521 0.8707870000000001 0.054446 0.8707870000000001 0.043557 0.86236 0.038113 0.851124 0.030853 0.845506 0.023593 0.845506
1 0.00363 0.782303 0.00363 0.7879209999999999 0.012704 0.801966 0.021779 0.810393 0.029038 0.825843 0.039927 0.835674 0.045372 0.8469100000000002 0.058076 0.858146 0.07078 0.8595510000000001 0.076225 0.855337 0.076225 0.8483149999999999 0.067151 0.830056 0.068966 0.825843 0.079855 0.8370790000000001 0.08167 0.844101 0.103448 0.8679780000000001 0.110708 0.8679780000000001 0.116152 0.863764 0.11796700000000002 0.855337 0.132486 0.872191 0.147005 0.883427 0.165154 0.891854 0.179673 0.894663 0.205082 0.904494 0.212341 0.904494 0.217786 0.9002810000000001 0.217786 0.8904489999999999 0.194192 0.8693820000000001 0.197822 0.8679780000000001 0.23049 0.893258 0.23775 0.896067 0.24500899999999998 0.905899 0.259528 0.917135 0.274047 0.924157 0.294011 0.924157 0.297641 0.921348 0.299456 0.9129209999999999 0.341198 0.9311800000000001 0.361162 0.9311800000000001 0.370236 0.928371 0.399274 0.925562 0.451906 0.928371 0.45735 0.924157 0.45735 0.917135 0.453721 0.914326 0.45735 0.9129209999999999 0.482759 0.918539 0.509982 0.918539 0.511797 0.919944 0.495463 0.929775 0.495463 0.936798 0.504537 0.9424159999999999 0.544465 0.9424159999999999 0.569873 0.936798 0.593466 0.928371 0.597096 0.929775 0.597096 0.936798 0.602541 0.9410110000000002 0.680581 0.936798 0.704174 0.9325840000000001 0.711434 0.926966 0.711434 0.921348 0.707804 0.918539 0.731397 0.9129209999999999 0.758621 0.9016850000000001 0.76588 0.9030899999999998 0.756806 0.908708 0.756806 0.91573 0.76225 0.919944 0.784029 0.919944 0.802178 0.917135 0.822142 0.9115169999999999 0.833031 0.905899 0.838475 0.905899 0.85118 0.898876 0.862069 0.889045 0.872958 0.893258 0.891107 0.891854 0.903811 0.876404 0.912886 0.883427 0.9455540000000001 0.8792129999999999 0.9600730000000001 0.872191 0.965517 0.872191 0.985481 0.856742 0.990926 0.856742 0.99637 0.852528 0.99637 0.844101 0.990926 0.8398879999999999 0.9836659999999999 0.8398879999999999 0.9745919999999999 0.844101 0.9564429999999999 0.858146 0.947368 0.8595510000000001 0.9382940000000001 0.865169 0.927405 0.865169 0.92196 0.858146 0.901996 0.858146 0.882033 0.872191 0.860254 0.8707870000000001 0.831216 0.891854 0.825771 0.891854 0.809437 0.898876 0.807623 0.88764 0.803993 0.884831 0.767695 0.884831 0.751361 0.88764 0.727768 0.897472 0.715064 0.898876 0.711434 0.9016850000000001 0.696915 0.904494 0.68784 0.9115169999999999 0.686025 0.919944 0.673321 0.922753 0.627949 0.925562 0.627949 0.917135 0.622505 0.9129209999999999 0.595281 0.9115169999999999 0.562613 0.922753 0.53176 0.928371 0.529946 0.926966 0.548094 0.9129209999999999 0.548094 0.907303 0.540835 0.9016850000000001 0.49001799999999995 0.904494 0.473684 0.9002810000000001 0.439201 0.896067 0.408348 0.884831 0.395644 0.884831 0.3902 0.889045 0.3902 0.897472 0.402904 0.9101120000000001 0.401089 0.9115169999999999 0.38294 0.9115169999999999 0.375681 0.914326 0.348457 0.917135 0.339383 0.914326 0.332123 0.908708 0.30127 0.897472 0.272232 0.894663 0.264973 0.9002810000000001 0.246824 0.8820219999999999 0.201452 0.852528 0.172414 0.852528 0.166969 0.856742 0.166969 0.8679780000000001 0.172414 0.875 0.166969 0.876404 0.150635 0.865169 0.143376 0.855337 0.094374 0.8174159999999999 0.087114 0.8174159999999999 0.083485 0.814607 0.083485 0.811798 0.07078 0.797753 0.061706 0.79073 0.043557 0.789326 0.032668 0.796348 0.023593 0.783708 0.016334 0.7780899999999998 0.009074 0.7780899999999998
1 0.655172 0.203652 0.647913 0.203652 0.642468 0.207865 0.642468 0.21769699999999997 0.655172 0.240169 0.658802 0.254213 0.667877 0.265449 0.669691 0.27809 0.684211 0.30618 0.693285 0.341292 0.702359 0.358146 0.704174 0.37219100000000005 0.713249 0.383427 0.720508 0.40309000000000006 0.735027 0.428371 0.736842 0.44101099999999993 0.742287 0.448034 0.745917 0.45927 0.747731 0.474719 0.754991 0.488764 0.754991 0.504213 0.76225 0.523876 0.764065 0.542135 0.76951 0.554775 0.77314 0.577247 0.780399 0.594101 0.782214 0.615169 0.794918 0.658708 0.798548 0.691011 0.803993 0.700843 0.807623 0.730337 0.813067 0.740169 0.816697 0.768258 0.823956 0.780899 0.825771 0.800562 0.831216 0.8174159999999999 0.827586 0.8188199999999999 0.820327 0.814607 0.791289 0.8174159999999999 0.785844 0.821629 0.785844 0.827247 0.789474 0.830056 0.787659 0.83427 0.77314 0.8469100000000002 0.751361 0.8370790000000001 0.740472 0.825843 0.733212 0.825843 0.704174 0.851124 0.671506 0.823034 0.664247 0.823034 0.644283 0.8370790000000001 0.635209 0.8469100000000002 0.607985 0.823034 0.589837 0.823034 0.558984 0.8469100000000002 0.555354 0.8469100000000002 0.549909 0.842697 0.54265 0.831461 0.540835 0.823034 0.53539 0.8188199999999999 0.528131 0.8188199999999999 0.508167 0.832865 0.506352 0.8384830000000001 0.49001799999999995 0.851124 0.480944 0.844101 0.473684 0.842697 0.453721 0.824438 0.446461 0.824438 0.430127 0.841292 0.421053 0.8370790000000001 0.417423 0.825843 0.410163 0.8160110000000002 0.411978 0.647472 0.417423 0.620787 0.417423 0.591292 0.424682 0.55618 0.428312 0.516854 0.435572 0.491573 0.439201 0.457865 0.444646 0.446629 0.446461 0.410112 0.451906 0.3890449999999999 0.451906 0.375 0.459165 0.353933 0.46098 0.33427 0.479129 0.265449 0.495463 0.22752800000000004 0.495463 0.216292 0.49183299999999996 0.213483 0.482759 0.213483 0.477314 0.21769699999999997 0.471869 0.23736 0.462795 0.254213 0.442831 0.328652 0.441016 0.348315 0.435572 0.363764 0.435572 0.379213 0.430127 0.390449 0.426497 0.44101099999999993 0.421053 0.453652 0.417423 0.4859550000000001 0.408348 0.523876 0.401089 0.575843 0.401089 0.603933 0.393829 0.641854 0.392015 0.821629 0.408348 0.8483149999999999 0.408348 0.853933 0.413793 0.858146 0.424682 0.858146 0.428312 0.855337 0.437387 0.856742 0.442831 0.851124 0.453721 0.8469100000000002 0.477314 0.865169 0.497278 0.865169 0.522686 0.8469100000000002 0.526316 0.841292 0.53902 0.855337 0.53902 0.858146 0.548094 0.865169 0.557169 0.865169 0.569873 0.8595510000000001 0.598911 0.8370790000000001 0.61343 0.8483149999999999 0.627949 0.865169 0.638838 0.865169 0.666062 0.841292 0.680581 0.851124 0.693285 0.863764 0.69873 0.866573 0.709619 0.866573 0.735027 0.8469100000000002 0.76225 0.860955 0.784029 0.86236 0.805808 0.8398879999999999 0.811252 0.830056 0.825771 0.83427 0.84029 0.844101 0.852995 0.842697 0.852995 0.830056 0.842105 0.7879209999999999 0.842105 0.7752810000000001 0.836661 0.768258 0.831216 0.735955 0.825771 0.7247189999999999 0.822142 0.695225 0.816697 0.685393 0.811252 0.644663 0.805808 0.634831 0.805808 0.622191 0.800363 0.609551 0.798548 0.588483 0.782214 0.537921 0.782214 0.526685 0.778584 0.509831 0.771325 0.494382 0.771325 0.478933 0.764065 0.463483 0.764065 0.453652 0.760436 0.442416 0.754991 0.43539300000000003 0.753176 0.422753 0.742287 0.400281 0.738657 0.397472 0.735027 0.384831 0.722323 0.366573 0.720508 0.352528 0.715064 0.338483 0.711434 0.335674 0.702359 0.300562 0.68784 0.272472 0.686025 0.259831 0.678766 0.251404 0.673321 0.234551 0.666062 0.224719 0.660617 0.20927000000000004
1 0.649728 0.206461 0.644283 0.210674 0.644283 0.21769699999999997 0.671506 0.257022 0.680581 0.27809 0.729583 0.353933 0.735027 0.369382 0.747731 0.3890449999999999 0.789474 0.474719 0.814882 0.547753 0.816697 0.566011 0.822142 0.581461 0.823956 0.606742 0.833031 0.640449 0.833031 0.65309 0.84029 0.669944 0.84029 0.688202 0.860254 0.758427 0.869328 0.7780899999999998 0.874773 0.783708 0.874773 0.792135 0.878403 0.797753 0.887477 0.803371 0.914701 0.804775 0.936479 0.8174159999999999 0.9491829999999999 0.8174159999999999 0.9618869999999999 0.801966 0.9618869999999999 0.796348 0.9673319999999999 0.7879209999999999 0.987296 0.7780899999999998 0.987296 0.772472 0.981851 0.768258 0.9709619999999999 0.768258 0.9600730000000001 0.772472 0.943739 0.789326 0.943739 0.796348 0.940109 0.800562 0.92196 0.79073 0.896552 0.789326 0.892922 0.7851120000000001 0.892922 0.7766850000000001 0.887477 0.772472 0.885662 0.764045 0.880218 0.7570219999999999 0.880218 0.748596 0.874773 0.740169 0.858439 0.682584 0.858439 0.664326 0.85118 0.647472 0.85118 0.634831 0.84029 0.592697 0.84029 0.575843 0.833031 0.542135 0.807623 0.474719 0.807623 0.469101 0.774955 0.405899 0.76951 0.390449 0.753176 0.363764 0.749546 0.351124 0.736842 0.33427 0.729583 0.317416 0.693285 0.264045 0.689655 0.251404 0.662432 0.210674 0.656987 0.206461
1 0.484574 0.22050599999999998 0.477314 0.22050599999999998 0.47005399999999997 0.22612399999999996 0.446461 0.264045 0.404719 0.3609550000000001 0.393829 0.379213 0.381125 0.426966 0.375681 0.43398900000000007 0.352087 0.492978 0.337568 0.521067 0.332123 0.544944 0.323049 0.563202 0.3049 0.622191 0.295826 0.636236 0.294011 0.650281 0.279492 0.68118 0.275862 0.699438 0.264973 0.728933 0.263158 0.7570219999999999 0.257713 0.768258 0.255898 0.797753 0.214156 0.8075840000000001 0.210526 0.804775 0.210526 0.799157 0.199637 0.7752810000000001 0.194192 0.771067 0.183303 0.772472 0.15608 0.789326 0.15245 0.7865169999999999 0.150635 0.7752810000000001 0.139746 0.764045 0.11796700000000002 0.764045 0.090744 0.771067 0.08167 0.76264 0.079855 0.7457870000000001 0.072595 0.738764 0.027223 0.741573 0.021779 0.7457870000000001 0.021779 0.751404 0.025408 0.7542129999999999 0.059891 0.7542129999999999 0.063521 0.758427 0.063521 0.769663 0.072595 0.782303 0.079855 0.7879209999999999 0.090744 0.7879209999999999 0.128857 0.7780899999999998 0.132486 0.780899 0.137931 0.796348 0.147005 0.804775 0.161525 0.804775 0.185118 0.79073 0.190563 0.804775 0.194192 0.8075840000000001 0.194192 0.813202 0.206897 0.823034 0.217786 0.823034 0.255898 0.813202 0.268603 0.813202 0.274047 0.8089889999999998 0.279492 0.747191 0.297641 0.686798 0.31216 0.655899 0.313975 0.641854 0.324864 0.623596 0.341198 0.56882 0.352087 0.544944 0.355717 0.526685 0.368421 0.502809 0.393829 0.43960699999999997 0.399274 0.432584 0.411978 0.384831 0.421053 0.370787 0.439201 0.324438 0.459165 0.286517 0.46642500000000003 0.266854 0.49001799999999995 0.230337 0.49001799999999995 0.224719
6 0.399274 0.033708 0.393829 0.037921 0.393829 0.043539 0.399274 0.050561999999999996 0.404719 0.073034 0.408348 0.075843 0.408348 0.089888 0.411978 0.092697 0.411978 0.099719 0.417423 0.10393299999999998 0.428312 0.10393299999999998 0.433757 0.099719 0.433757 0.09410100000000002 0.426497 0.082865 0.426497 0.070225 0.422868 0.067416 0.415608 0.042135 0.406534 0.033708
6 0.321234 0.174157 0.321234 0.179775 0.326679 0.183989 0.337568 0.183989 0.366606 0.191011 0.37931 0.191011 0.38657 0.19662899999999997 0.401089 0.19662899999999997 0.410163 0.192416 0.410163 0.18679799999999996 0.401089 0.179775 0.364791 0.175562 0.335753 0.168539 0.328494 0.168539
6 0.246824 0.33427 0.246824 0.339888 0.254083 0.345506 0.261343 0.345506 0.288566 0.353933 0.306715 0.356742 0.317604 0.36235999999999996 0.324864 0.36235999999999996 0.330309 0.358146 0.330309 0.351124 0.315789 0.342697 0.259528 0.330056 0.252269 0.330056