3 0.44586 0.014553 0.426752 0.029106 0.335456 0.070686 0.314225 0.087318 0.301486 0.09147599999999999 0.28450099999999995 0.106029 0.267516 0.112266 0.24840800000000002 0.12474 0.227176 0.128898 0.191083 0.15176699999999999 0.195329 0.158004 0.195329 0.232848 0.201699 0.253638 0.208068 0.336798 0.235669 0.417879 0.239915 0.4428270000000001 0.24840800000000002 0.463617 0.24840800000000002 0.474012 0.259023 0.50104 0.299363 0.575884 0.301486 0.590437 0.301486 0.636175 0.29724 0.64657 0.29724 0.669439 0.292994 0.677755 0.292994 0.696466 0.28450099999999995 0.72973 0.28450099999999995 0.744283 0.267516 0.802495 0.2569 0.827443 0.252654 0.850312 0.2569 0.87526 0.26327 0.893971 0.288747 0.925156 0.295117 0.910603 0.295117 0.902287 0.309979 0.883576 0.316348 0.864865 0.320594 0.831601 0.333333 0.817048 0.348195 0.810811 0.356688 0.81289 0.36942699999999995 0.827443 0.386412 0.835759 0.424628 0.835759 0.462845 0.817048 0.4862 0.839917 0.511677 0.846154 0.55414 0.846154 0.577495 0.827443 0.583864 0.827443 0.602972 0.848233 0.632696 0.858628 0.664544 0.858628 0.675159 0.85447 0.685775 0.8440749999999999 0.696391 0.823285 0.7070059999999999 0.823285 0.719745 0.8295219999999999 0.740977 0.846154 0.745223 0.846154 0.764331 0.825364 0.770701 0.825364 0.781316 0.83368 0.781316 0.837838 0.762208 0.862786 0.7346070000000001 0.925156 0.70276 0.975052 0.70276 0.987526 0.7070059999999999 0.991684 0.711253 0.989605 0.719745 0.995842 0.7431 0.995842 0.751592 0.989605 0.762208 0.987526 0.760085 0.972973 0.779193 0.95842 0.802548 0.931393 0.813163 0.929314 0.825902 0.920998 0.857749 0.908524 0.883227 0.883576 0.898089 0.877339 0.906582 0.869023 0.910828 0.85447 0.938429 0.827443 0.949045 0.825364 0.963907 0.81289 0.96603 0.804574 0.978769 0.7921 0.989384 0.77131 0.993631 0.742204 0.987261 0.72973 0.980892 0.725572 0.96603 0.725572 0.955414 0.70894 0.970276 0.677755 0.970276 0.659044 0.978769 0.6424119999999999 0.978769 0.623701 0.985138 0.613306 0.985138 0.586279 0.997877 0.557173 0.997877 0.530146 0.993631 0.515593 0.961783 0.484407 0.955414 0.474012 0.955414 0.467775 0.963907 0.465696 0.968153 0.45738 0.970276 0.413721 0.95966 0.390852 0.953291 0.388773 0.927813 0.361746 0.921444 0.347193 0.876858 0.299376 0.802548 0.199584 0.7388539999999999 0.139293 0.723992 0.128898 0.696391 0.120582 0.685775 0.112266 0.673036 0.118503 0.675159 0.137214 0.666667 0.147609 0.656051 0.147609 0.636943 0.135135 0.6263269999999999 0.12474 0.622081 0.110187 0.607219 0.101871 0.592357 0.087318 0.58811 0.072765 0.575372 0.060291 0.55414 0.02079 0.539278 0.004158 0.532909 0.004158 0.498938 0.04158 0.475584 0.058212 0.443737 0.056133 0.43949 0.051975 0.43949 0.04158 0.462845 0.024948 0.469214 0.012474 0.473461 0.010395 0.462845 0.014553
3 0.186837 0.155925 0.174098 0.160083 0.165605 0.168399 0.150743 0.16632 0.129512 0.199584 0.129512 0.212058 0.135881 0.220374 0.129512 0.27027 0.135881 0.276507 0.131635 0.31185 0.099788 0.399168 0.072187 0.507277 0.067941 0.548857 0.055202 0.592516 0.055202 0.613306 0.046709 0.636175 0.025478 0.7817050000000001 0.021231 0.787942 0.014862 0.823285 0.002123 0.850312 0.002123 0.881497 0.014862 0.887734 0.03397 0.881497 0.048832 0.893971 0.053079 0.902287 0.044586 0.906445 0.053079 0.91684 0.082803 0.923077 0.09129500000000002 0.939709 0.106157 0.952183 0.118896 0.954262 0.123142 0.95842 0.133758 0.95842 0.14012700000000003 0.964657 0.138004 0.989605 0.144374 0.993763 0.174098 0.995842 0.180467 0.993763 0.191083 0.981289 0.195329 0.981289 0.214437 0.995842 0.254777 0.995842 0.267516 0.989605 0.269639 0.975052 0.28450099999999995 0.95842 0.288747 0.948025 0.286624 0.925156 0.261146 0.893971 0.250531 0.850312 0.254777 0.827443 0.265393 0.802495 0.282378 0.744283 0.282378 0.72973 0.29087 0.696466 0.29087 0.677755 0.295117 0.669439 0.295117 0.64657 0.299363 0.636175 0.299363 0.590437 0.29724 0.575884 0.288747 0.557173 0.273885 0.534304 0.246285 0.474012 0.246285 0.463617 0.237792 0.4428270000000001 0.233546 0.417879 0.20594500000000002 0.336798 0.199575 0.253638 0.193206 0.232848 0.193206 0.158004
7 0.4862 0.002079 0.475584 0 0.443737 0.016632 0.435244 0.016632 0.363057 0.054054 0.343949 0.060291 0.305732 0.085239 0.292994 0.089397 0.28450099999999995 0.097713 0.239915 0.116424 0.193206 0.143451 0.180467 0.147609 0.144374 0.170478 0.125265 0.191268 0.123142 0.201663 0.127389 0.205821 0.133758 0.205821 0.157113 0.180873 0.239915 0.133056 0.261146 0.126819 0.29087 0.112266 0.358811 0.070686 0.384289 0.06237 0.390658 0.056133 0.44586 0.029106 0.454352 0.029106 0.484076 0.014553
7 0.579618 0.066528 0.556263 0.064449 0.530786 0.068607 0.456476 0.09147599999999999 0.343949 0.147609 0.318471 0.155925 0.201699 0.212058 0.18259000000000003 0.224532 0.131635 0.276507 0.131635 0.282744 0.146497 0.284823 0.199575 0.230769 0.265393 0.201663 0.324841 0.170478 0.36942699999999995 0.153846 0.388535 0.141372 0.46496799999999994 0.10395 0.475584 0.10395 0.541401 0.081081 0.577495 0.079002
1 0 0.866944 0 0.877339 0.021231 0.898129 0.04034 0.900208 0.042463 0.912682 0.048832 0.923077 0.057325 0.927235 0.084926 0.927235 0.095541 0.948025 0.110403 0.956341 0.123142 0.956341 0.129512 0.964657 0.125265 0.989605 0.133758 0.997921 0.184713 0.997921 0.193206 0.991684 0.199575 0.991684 0.20594500000000002 0.997921 0.269639 0.997921 0.267516 0.985447 0.24840800000000002 0.985447 0.235669 0.989605 0.229299 0.985447 0.216561 0.985447 0.203822 0.977131 0.184713 0.977131 0.174098 0.985447 0.142251 0.985447 0.14012700000000003 0.9833680000000001 0.144374 0.975052 0.144374 0.960499 0.133758 0.943867 0.10828 0.93763 0.104034 0.933472 0.101911 0.918919 0.095541 0.914761 0.061571 0.912682 0.057325 0.908524 0.05095499999999999 0.883576 0.027601 0.883576 0.019108 0.877339 0.010616 0.862786 0.004246 0.862786
1 0.970276 0.405405 0.944798 0.384615 0.934183 0.382536 0.9299359999999999 0.378378 0.874735 0.376299 0.861996 0.363825 0.861996 0.355509 0.855626 0.343035 0.8471340000000002 0.336798 0.815287 0.33471900000000004 0.781316 0.345114 0.760085 0.357588 0.7091300000000001 0.405405 0.700637 0.419958 0.683652 0.43659 0.679406 0.446985 0.647558 0.476091 0.639066 0.488565 0.609342 0.517672 0.511677 0.594595 0.47983 0.6278589999999998 0.422505 0.677755 0.416136 0.686071 0.40552 0.715177 0.40552 0.731809 0.399151 0.75052 0.392781 0.756757 0.316348 0.7921 0.26327 0.827443 0.250531 0.860707 0.250531 0.883576 0.26327 0.906445 0.276008 0.920998 0.29087 0.931393 0.299363 0.931393 0.303609 0.927235 0.303609 0.920998 0.280255 0.902287 0.265393 0.877339 0.269639 0.848233 0.276008 0.837838 0.299363 0.821206 0.318471 0.81289 0.32696400000000003 0.804574 0.384289 0.779626 0.41189000000000003 0.762994 0.420382 0.721414 0.433121 0.690229 0.47983 0.64657 0.492569 0.638254 0.528662 0.600832 0.6263269999999999 0.523909 0.694268 0.453222 0.728238 0.407484 0.762208 0.376299 0.781316 0.36590399999999995 0.789809 0.357588 0.798301 0.357588 0.81741 0.349272 0.838641 0.349272 0.849257 0.363825 0.849257 0.372141 0.868365 0.390852 0.921444 0.390852 0.9575370000000001 0.413721 0.95966 0.424116 0.951168 0.446985 0.951168 0.47817 0.961783 0.496881 0.985138 0.523909 0.991507 0.544699 0.991507 0.557173 0.951168 0.677755 0.951168 0.713098 0.953291 0.719335 0.978769 0.742204 0.983015 0.752599 0.980892 0.760915 0.995754 0.762994 0.995754 0.744283 0.991507 0.731809 0.968153 0.711019 0.963907 0.702703 0.970276 0.66736 0.974522 0.663202 0.978769 0.644491 0.985138 0.634096 0.985138 0.623701 0.997877 0.592516 0.997877 0.515593 0.987261 0.49896 0.970276 0.482328 0.963907 0.465696 0.963907 0.45738 0.974522 0.430353 0.974522 0.4158
1 0.62845 0.509356 0.630573 0.517672 0.656051 0.517672 0.704883 0.488565 0.7346070000000001 0.45945899999999995 0.7919320000000001 0.476091 0.823779 0.476091 0.881104 0.45738 0.893843 0.469854 0.883227 0.488565 0.883227 0.509356 0.893843 0.523909 0.915074 0.534304 0.946921 0.54262 0.974522 0.54262 0.980892 0.550936 0.987261 0.550936 0.993631 0.544699 0.993631 0.536383 0.989384 0.532225 0.942675 0.525988 0.912951 0.515593 0.898089 0.50104 0.898089 0.494802 0.908705 0.480249 0.908705 0.461538 0.89172 0.444906 0.859873 0.446985 0.845011 0.455301 0.834395 0.455301 0.819533 0.461538 0.798301 0.461538 0.747346 0.444906 0.730361 0.444906 0.719745 0.449064 0.692144 0.47817 0.670913 0.492723 0.649682 0.503119 0.632696 0.505198
1 0.552017 0.5800420000000001 0.552017 0.586279 0.577495 0.60499 0.59448 0.611227 0.617834 0.611227 0.643312 0.600832 0.656051 0.586279 0.658174 0.569647 0.692144 0.592516 0.719745 0.598753 0.749469 0.598753 0.768577 0.611227 0.781316 0.613306 0.825902 0.611227 0.8428870000000002 0.596674 0.8471340000000002 0.586279 0.85138 0.5842 0.864119 0.596674 0.876858 0.602911 0.910828 0.602911 0.917197 0.598753 0.923567 0.60499 0.9299359999999999 0.619543 0.942675 0.632017 0.972399 0.634096 0.976645 0.629938 0.974522 0.617464 0.951168 0.619543 0.942675 0.611227 0.942675 0.60499 0.936306 0.598753 0.927813 0.575884 0.919321 0.575884 0.902335 0.588358 0.883227 0.588358 0.870488 0.582121 0.855626 0.56341 0.849257 0.56341 0.821656 0.594595 0.806794 0.600832 0.774947 0.596674 0.766454 0.592516 0.757962 0.5800420000000001 0.745223 0.5800420000000001 0.73673 0.586279 0.715499 0.5842 0.687898 0.571726 0.658174 0.548857 0.649682 0.548857 0.645435 0.553015 0.643312 0.575884 0.63482 0.586279 0.611465 0.596674 0.58811 0.592516 0.562633 0.575884 0.556263 0.575884
1 0.963907 0.733888 0.961783 0.719335 0.955414 0.719335 0.938429 0.731809 0.912951 0.735967 0.861996 0.721414 0.8471340000000002 0.706861 0.838641 0.706861 0.825902 0.713098 0.779193 0.70894 0.7388539999999999 0.690229 0.726115 0.677755 0.713376 0.677755 0.683652 0.692308 0.656051 0.698545 0.592357 0.698545 0.562633 0.686071 0.55414 0.686071 0.537155 0.700624 0.496815 0.706861 0.460722 0.7047819999999999 0.435244 0.692308 0.428875 0.692308 0.424628 0.696466 0.424628 0.702703 0.430998 0.70894 0.454352 0.719335 0.503185 0.721414 0.543524 0.715177 0.56051 0.702703 0.585987 0.713098 0.675159 0.711019 0.719745 0.692308 0.732484 0.7047819999999999 0.764331 0.721414 0.800425 0.725572 0.840764 0.725572 0.85138 0.733888 0.870488 0.738046 0.893843 0.748441 0.944798 0.746362
1 0.394904 0.760915 0.394904 0.7671520000000001 0.403397 0.777547 0.418259 0.779626 0.424628 0.785863 0.433121 0.787942 0.460722 0.787942 0.471338 0.794179 0.5138 0.7921 0.537155 0.7817050000000001 0.552017 0.779626 0.564756 0.77131 0.5966030000000001 0.794179 0.641189 0.798337 0.656051 0.810811 0.704883 0.810811 0.726115 0.798337 0.73673 0.804574 0.747346 0.804574 0.755839 0.810811 0.768577 0.81289 0.823779 0.81289 0.832272 0.823285 0.838641 0.823285 0.8471340000000002 0.8295219999999999 0.889597 0.8295219999999999 0.893843 0.83368 0.908705 0.837838 0.92569 0.835759 0.936306 0.823285 0.961783 0.821206 0.95966 0.808732 0.944798 0.810811 0.938429 0.804574 0.9299359999999999 0.804574 0.915074 0.823285 0.893843 0.81289 0.887473 0.81289 0.883227 0.817048 0.859873 0.817048 0.8428870000000002 0.810811 0.832272 0.796258 0.81104 0.800416 0.766454 0.798337 0.755839 0.7921 0.7388539999999999 0.787942 0.728238 0.779626 0.717622 0.779626 0.700637 0.796258 0.66879 0.798337 0.656051 0.790021 0.6539280000000001 0.7817050000000001 0.645435 0.7817050000000001 0.641189 0.785863 0.607219 0.7817050000000001 0.585987 0.769231 0.573248 0.756757 0.56051 0.756757 0.545648 0.765073 0.5138 0.773389 0.509554 0.777547 0.4862 0.7817050000000001 0.477707 0.779626 0.467091 0.769231 0.44586 0.775468 0.430998 0.77131 0.424628 0.765073 0.416136 0.765073 0.40552 0.756757 0.399151 0.756757
1 0.282378 0.817048 0.282378 0.823285 0.288747 0.827443 0.320594 0.827443 0.32696400000000003 0.823285 0.352442 0.821206 0.386412 0.837838 0.422505 0.837838 0.45010600000000006 0.8295219999999999 0.456476 0.823285 0.481953 0.8440749999999999 0.503185 0.850312 0.549894 0.850312 0.571125 0.839917 0.590234 0.850312 0.602972 0.850312 0.615711 0.856549 0.6539280000000001 0.856549 0.666667 0.852391 0.685775 0.837838 0.692144 0.837838 0.70276 0.846154 0.7431 0.846154 0.753715 0.8440749999999999 0.762208 0.837838 0.77707 0.848233 0.819533 0.846154 0.838641 0.864865 0.868365 0.864865 0.881104 0.858628 0.921444 0.85447 0.919321 0.841996 0.878981 0.8440749999999999 0.859873 0.850312 0.845011 0.850312 0.836518 0.841996 0.834395 0.825364 0.825902 0.825364 0.821656 0.8295219999999999 0.806794 0.83368 0.785563 0.83368 0.779193 0.831601 0.766454 0.819127 0.760085 0.819127 0.7431 0.831601 0.7091300000000001 0.831601 0.70276 0.823285 0.687898 0.819127 0.683652 0.823285 0.6772820000000002 0.823285 0.656051 0.839917 0.624204 0.841996 0.615711 0.837838 0.600849 0.837838 0.581741 0.8295219999999999 0.573248 0.821206 0.566879 0.821206 0.547771 0.835759 0.5138 0.837838 0.488323 0.8295219999999999 0.46496799999999994 0.810811 0.447983 0.810811 0.43949 0.817048 0.416136 0.823285 0.394904 0.823285 0.382166 0.817048 0.373673 0.817048 0.363057 0.808732 0.358811 0.800416 0.352442 0.800416 0.343949 0.806653 0.335456 0.806653 0.33121 0.810811 0.316348 0.810811 0.309979 0.814969 0.286624 0.81289