3 0.49554899999999996 0 0.49554899999999996 0.664047 0.49851600000000007 0.667976 0.49851600000000007 0.821218 0.504451 0.858546 0.504451 0.943026 0.513353 0.968566 0.525223 0.982318 0.547478 0.994106 0.660237 0.994106 0.68546 0.986248 0.721068 0.962672 0.7640949999999999 0.94499 0.768546 0.939096 0.805638 0.929273 0.818991 0.921415 0.833828 0.921415 0.84273 0.915521 0.856083 0.913556 0.860534 0.909627 0.8798220000000001 0.905697 0.891691 0.899804 0.906528 0.897839 0.916914 0.891945 0.946588 0.88998 0.9792280000000001 0.874263 0.982196 0.86444 0.9762609999999999 0.797642 0.982196 0.785855 0.997033 0.774067 0.998516 0.764244 0.995549 0.752456 0.980712 0.717092 0.9762609999999999 0.697446 0.9569729999999999 0.64833 0.949555 0.616896 0.936202 0.577603 0.9273000000000001 0.559921 0.916914 0.528487 0.873887 0.438114 0.85905 0.383104 0.838279 0.347741 0.816024 0.292731 0.771513 0.21611 0.7655790000000001 0.196464 0.759644 0.18664 0.755193 0.170923 0.737389 0.129666 0.734421 0.078585 0.735905 0.037328 0.72997 0.02554 0.72997 0.019646 0.719585 0.009823 0.712166 0.009823 0.70178 0.003929
3 0.494065 0 0.409496 0 0.38130600000000003 0.005894 0.321958 0.005894 0.267062 0.013752 0.256677 0.02947 0.256677 0.115914 0.247774 0.149312 0.215134 0.225933 0.182493 0.280943 0.155786 0.343811 0.136499 0.37721 0.12908 0.394892 0.114243 0.447937 0.05934699999999999 0.569745 0.041543 0.618861 0.019288 0.695481 0 0.744597 0 0.748527 0.008902 0.756385 0.040059 0.764244 0.050445 0.770138 0.066766 0.772102 0.078635 0.779961 0.080119 0.811395 0.062314999999999995 0.878193 0.063798 0.88998 0.078635 0.891945 0.09643900000000001 0.899804 0.103858 0.899804 0.121662 0.907662 0.12908 0.907662 0.146884 0.915521 0.154303 0.915521 0.166172 0.921415 0.210682 0.933202 0.234421 0.946955 0.246291 0.946955 0.302671 0.984283 0.313056 0.986248 0.324926 0.994106 0.431751 0.996071 0.459941 0.984283 0.4777449999999999 0.964637 0.482196 0.948919 0.488131 0.943026 0.491098 0.801572 0.48961400000000005 0.70334 0.492582 0.675835 0.497033 0.671906 0.49851600000000007 0.666012 0.494065 0.654224
7 0.722552 0.007859 0.719585 0.003929 0.698813 0.005894 0.695846 0.009823 0.669139 0.015717 0.615727 0.043222 0.608309 0.051081 0.596439 0.053045 0.577151 0.064833 0.560831 0.070727 0.540059 0.084479 0.534125 0.084479 0.526706 0.090373 0.502967 0.098232 0.4777449999999999 0.090373 0.434718 0.060904 0.39020800000000005 0.045187 0.362018 0.02947 0.354599 0.02947 0.351632 0.02554 0.335312 0.023576 0.318991 0.015717 0.302671 0.015717 0.27003 0.009823 0.267062 0.013752 0.267062 0.019646 0.274481 0.02554 0.313056 0.02947 0.330861 0.037328 0.357567 0.043222 0.385757 0.058939 0.425816 0.072692 0.476261 0.10609 0.491098 0.11002 0.51632 0.11002 0.538576 0.098232 0.545994 0.098232 0.565282 0.084479 0.571217 0.084479 0.577151 0.078585 0.581602 0.078585 0.60089 0.066798 0.61276 0.064833 0.627596 0.053045 0.649852 0.043222 0.655786 0.037328 0.691395 0.023576 0.719585 0.017682 0.722552 0.013752
7 0.252226 0.115914 0.252226 0.121807 0.259644 0.131631 0.277448 0.139489 0.307122 0.147348 0.324926 0.147348 0.34273 0.153242 0.35905 0.153242 0.379822 0.1611 0.40504500000000004 0.163065 0.529674 0.163065 0.589021 0.159136 0.611276 0.153242 0.62908 0.153242 0.643917 0.147348 0.654303 0.147348 0.682493 0.139489 0.706231 0.139489 0.719585 0.133595 0.728487 0.133595 0.738872 0.125737 0.738872 0.117878 0.735905 0.113949 0.725519 0.111984 0.721068 0.119843 0.715134 0.119843 0.710682 0.123772 0.678042 0.125737 0.649852 0.133595 0.639466 0.133595 0.624629 0.139489 0.606825 0.139489 0.599407 0.143418 0.566766 0.147348 0.526706 0.147348 0.511869 0.151277 0.428783 0.151277 0.408012 0.147348 0.384273 0.147348 0.363501 0.139489 0.313056 0.133595 0.290801 0.125737 0.281899 0.125737 0.264095 0.117878 0.259644 0.111984 0.255193 0.111984
1 0.120178 0.434185 0.117211 0.438114 0.11869399999999998 0.502947 0.121662 0.51277 0.121662 0.524558 0.126113 0.534381 0.127596 0.550098 0.133531 0.56778 0.169139 0.650295 0.200297 0.691552 0.21365 0.726916 0.225519 0.746562 0.24480700000000002 0.772102 0.283383 0.801572 0.332344 0.854617 0.35905 0.876228 0.366469 0.878193 0.384273 0.88998 0.388724 0.895874 0.3976259999999999 0.897839 0.418398 0.909627 0.4273 0.909627 0.434718 0.915521 0.449555 0.91945 0.480712 0.939096 0.48961400000000005 0.939096 0.491098 0.931238 0.48664699999999994 0.923379 0.482196 0.923379 0.461424 0.909627 0.445104 0.901768 0.43916900000000003 0.901768 0.431751 0.895874 0.41394699999999995 0.891945 0.394659 0.882122 0.37092 0.86444 0.363501 0.862475 0.329377 0.833006 0.311573 0.80943 0.290801 0.789784 0.272997 0.777996 0.261128 0.766208 0.255193 0.764244 0.232938 0.734774 0.23145399999999997 0.72888 0.222552 0.717092 0.210682 0.685658 0.178042 0.640472 0.137982 0.546169 0.137982 0.536346 0.135015 0.522593 0.132047 0.518664 0.127596 0.483301 0.127596 0.438114 0.12462900000000002 0.434185
1 0.194362 0.669941 0.19139500000000004 0.666012 0.183976 0.666012 0.137982 0.717092 0.11572699999999998 0.730845 0.091988 0.740668 0.089021 0.744597 0.080119 0.744597 0.066766 0.750491 0.051929 0.750491 0.045994 0.75442 0.028190000000000003 0.75442 0.014837 0.750491 0.004451 0.740668 0 0.740668 0 0.75442 0.010386 0.764244 0.023739 0.768173 0.050445 0.768173 0.056380000000000006 0.764244 0.0727 0.764244 0.08457 0.75835 0.093472 0.75835 0.09643900000000001 0.75442 0.120178 0.744597 0.145401 0.72888 0.183976 0.685658 0.19287800000000002 0.679764
1 0.09643900000000001 0.748527 0.099407 0.762279 0.111276 0.785855 0.143917 0.831041 0.173591 0.860511 0.21661699999999998 0.888016 0.238872 0.89391 0.250742 0.901768 0.272997 0.907662 0.284866 0.915521 0.316024 0.923379 0.323442 0.929273 0.329377 0.929273 0.338279 0.937132 0.345697 0.937132 0.356083 0.943026 0.412463 0.946955 0.476261 0.946955 0.480712 0.950884 0.48664699999999994 0.950884 0.48961400000000005 0.946955 0.48961400000000005 0.9410610000000001 0.482196 0.933202 0.416914 0.933202 0.362018 0.929273 0.351632 0.923379 0.344214 0.923379 0.320475 0.909627 0.289318 0.901768 0.277448 0.89391 0.27003 0.89391 0.243323 0.880157 0.221068 0.874263 0.19139500000000004 0.856582 0.163205 0.833006 0.120178 0.776031 0.103858 0.744597 0.099407 0.744597
1 0.057864 0.882122 0.057864 0.888016 0.068249 0.901768 0.091988 0.913556 0.143917 0.931238 0.169139 0.937132 0.189911 0.937132 0.21661699999999998 0.94499 0.24184 0.956778 0.278932 0.982318 0.308605 0.992141 0.317507 0.992141 0.324926 0.998035 0.43916900000000003 0.998035 0.461424 0.988212 0.476261 0.976424 0.485163 0.960707 0.48664699999999994 0.952849 0.485163 0.943026 0.482196 0.939096 0.4777449999999999 0.939096 0.47477700000000006 0.943026 0.47477700000000006 0.952849 0.465875 0.966601 0.45697299999999996 0.97446 0.422849 0.988212 0.351632 0.990177 0.280415 0.966601 0.27003 0.956778 0.265579 0.956778 0.246291 0.943026 0.221068 0.931238 0.194362 0.923379 0.173591 0.923379 0.127596 0.911591 0.111276 0.903733 0.081602 0.899804 0.075668 0.89391 0.068249 0.891945 0.060831 0.882122 0.060831 0.878193
1 0.905045 0.495088 0.902077 0.491159 0.8976260000000001 0.491159 0.8946590000000001 0.495088 0.885757 0.520629 0.873887 0.536346 0.87092 0.552063 0.856083 0.583497 0.805638 0.652259 0.792285 0.675835 0.790801 0.699411 0.78635 0.717092 0.752226 0.766208 0.737389 0.777996 0.715134 0.805501 0.664688 0.850688 0.642433 0.86444 0.617211 0.874263 0.606825 0.882122 0.565282 0.895874 0.551929 0.905697 0.511869 0.923379 0.502967 0.931238 0.502967 0.937132 0.505935 0.9410610000000001 0.511869 0.9410610000000001 0.537092 0.929273 0.543027 0.923379 0.55638 0.91945 0.569733 0.909627 0.611276 0.895874 0.660237 0.870334 0.718101 0.821218 0.738872 0.7956779999999999 0.759644 0.777996 0.7967359999999999 0.724951 0.801187 0.705305 0.801187 0.687623 0.807122 0.67387 0.8649850000000001 0.59332 0.8798220000000001 0.563851 0.8827890000000002 0.548134 0.8961419999999999 0.526523 0.905045 0.502947
1 0.8145399999999999 0.652259 0.8145399999999999 0.658153 0.835312 0.681729 0.8649850000000001 0.70334 0.9094960000000001 0.726916 0.9124630000000001 0.730845 0.919881 0.730845 0.9287829999999999 0.736739 0.936202 0.736739 0.949555 0.744597 0.961424 0.746562 0.965875 0.752456 0.9554899999999998 0.772102 0.9554899999999998 0.785855 0.965875 0.7956779999999999 0.982196 0.7956779999999999 0.9881309999999999 0.789784 0.9881309999999999 0.78389 0.982196 0.777996 0.977745 0.777996 0.974777 0.781925 0.965875 0.777996 0.9762609999999999 0.760314 0.9762609999999999 0.746562 0.965875 0.732809 0.954006 0.730845 0.9406529999999999 0.722986 0.933234 0.722986 0.9109789999999999 0.713163 0.908012 0.709234 0.885757 0.699411 0.857567 0.681729 0.839763 0.667976 0.821958 0.64833 0.8175070000000001 0.64833
1 0.919881 0.724951 0.9124630000000001 0.722986 0.89911 0.742633 0.8649850000000001 0.774067 0.853116 0.793713 0.851632 0.803536 0.8442139999999999 0.819253 0.823442 0.846758 0.7997029999999999 0.858546 0.775964 0.876228 0.724036 0.901768 0.682493 0.915521 0.672107 0.915521 0.655786 0.923379 0.583086 0.923379 0.557864 0.929273 0.508902 0.929273 0.505935 0.933202 0.505935 0.939096 0.508902 0.943026 0.562315 0.943026 0.587537 0.937132 0.660237 0.937132 0.678042 0.929273 0.707715 0.923379 0.7655790000000001 0.897839 0.830861 0.858546 0.857567 0.821218 0.857567 0.817289 0.8620180000000001 0.811395 0.8620180000000001 0.803536 0.87092 0.787819 0.8946590000000001 0.766208 0.91543 0.742633 0.919881 0.734774
1 0.985163 0.870334 0.982196 0.866405 0.933234 0.876228 0.875371 0.895874 0.838279 0.903733 0.802671 0.917485 0.792285 0.917485 0.759644 0.931238 0.719585 0.954813 0.692878 0.962672 0.670623 0.97446 0.61276 0.988212 0.569733 0.992141 0.54451 0.980354 0.531157 0.97053 0.513353 0.9410610000000001 0.508902 0.9410610000000001 0.505935 0.94499 0.505935 0.954813 0.522255 0.980354 0.547478 0.998035 0.637982 0.998035 0.675074 0.988212 0.692878 0.978389 0.724036 0.968566 0.7640949999999999 0.94499 0.7967359999999999 0.931238 0.807122 0.931238 0.84273 0.917485 0.8798220000000001 0.909627 0.937685 0.88998 0.982196 0.882122 0.985163 0.878193