0 0.293355 0.053114 0.291734 0.06135500000000001 0.296596 0.06685 0.293355 0.082418 0.286872 0.088828 0.298217 0.098901 0.301459 0.106227 0.301459 0.114469 0.307942 0.124542 0.307942 0.139194 0.312804 0.143773 0.316045 0.15293 0.327391 0.159341 0.337115 0.168498 0.340357 0.175824 0.338736 0.191392 0.34684 0.197802 0.371151 0.20696 0.385737 0.209707 0.3906 0.208791 0.403566 0.210623 0.423015 0.207875 0.442464 0.207875 0.461912 0.211538 0.466775 0.209707 0.515397 0.209707 0.523501 0.211538 0.541329 0.207875 0.560778 0.207875 0.578606 0.210623 0.591572 0.208791 0.598055 0.209707 0.601297 0.207875 0.627229 0.204212 0.645057 0.187729 0.643436 0.175824 0.646677 0.168498 0.658023 0.158425 0.658023 0.15293 0.661264 0.145604 0.669368 0.137363 0.672609 0.125458 0.683955 0.114469 0.683955 0.102564 0.687196 0.095238 0.6953 0.087912 0.6953 0.083333 0.690438 0.07967 0.690438 0.065934 0.693679 0.058608 0.688817 0.053114 0.659643 0.052198 0.648298 0.054945 0.619125 0.054945 0.593193 0.053114 0.578606 0.045788 0.570502 0.044872 0.560778 0.039377 0.554295 0.038462 0.554295 0.003663 0.541329 0.004579 0.533225 0.001832 0.450567 0.000916 0.442464 0.003663 0.426256 0.003663 0.432739 0.022894 0.429498 0.035714 0.41491100000000003 0.043956 0.400324 0.046703 0.384117 0.053114
4 0.34846 0.198718 0.354943 0.208791 0.354943 0.217033 0.361426 0.227106 0.363047 0.23717899999999997 0.366288 0.24175799999999997 0.366288 0.264652 0.361426 0.27381 0.361426 0.282051 0.358185 0.289377 0.314425 0.340659 0.296596 0.352564 0.28201 0.370879 0.275527 0.382784 0.273906 0.393773 0.267423 0.402015 0.264182 0.419414 0.24149100000000004 0.46337 0.23986999999999997 0.4743589999999999 0.23338700000000004 0.487179 0.23338700000000004 0.503663 0.22366299999999997 0.521978 0.22852499999999998 0.528388 0.226904 0.535714 0.231767 0.543956 0.23338700000000004 0.558608 0.23986999999999997 0.576007 0.24149100000000004 0.59707 0.230146 0.607143 0.222042 0.619048 0.210697 0.628205 0.205835 0.635531 0.194489 0.643773 0.194489 0.660256 0.188006 0.67033 0.188006 0.681319 0.181524 0.693223 0.181524 0.706044 0.176661 0.71337 0.176661 0.729853 0.170178 0.74359 0.170178 0.755495 0.163695 0.77381 0.163695 0.790293 0.155592 0.811355 0.15235 0.835165 0.147488 0.840659 0.147488 0.858059 0.142626 0.867216 0.141005 0.889194 0.12479700000000002 0.932234 0.126418 0.9496340000000001 0.12966 0.9514650000000001 0.145867 0.9532969999999998 0.160454 0.9532969999999998 0.163695 0.9551279999999999 0.171799 0.9551279999999999 0.181524 0.9578750000000001 0.210697 0.958791 0.222042 0.9642859999999999 0.22852499999999998 0.9752749999999999 0.243112 0.978938 0.254457 0.984432 0.275527 0.988095 0.28201 0.990842 0.291734 0.990842 0.299838 0.99359 0.311183 0.99359 0.316045 0.996337 0.337115 0.996337 0.345219 0.99359 0.363047 0.99359 0.374392 0.990842 0.400324 0.990842 0.408428 0.99359 0.416532 0.99359 0.423015 0.996337 0.4457050000000001 0.996337 0.453809 0.998168 0.508914 0.997253 0.512156 0.999084 0.536467 0.999084 0.54295 0.996337 0.564019 0.995421 0.567261 0.99359 0.575365 0.99359 0.580227 0.990842 0.593193 0.989011 0.612642 0.991758 0.619125 0.987179 0.615883 0.96978 0.615883 0.854396 0.612642 0.845238 0.612642 0.791209 0.615883 0.752747 0.614263 0.739927 0.619125 0.714286 0.620746 0.679487 0.622366 0.67674 0.628849 0.673993 0.632091 0.675824 0.636953 0.685897 0.636953 0.704212 0.641815 0.715201 0.641815 0.729853 0.648298 0.751832 0.649919 0.778388 0.658023 0.808608 0.661264 0.841575 0.667747 0.856227 0.672609 0.892857 0.683955 0.92674 0.683955 0.9450550000000001 0.688817 0.9560440000000001 0.687196 0.9706959999999999 0.693679 0.988095 0.696921 0.990842 0.73906 0.982601 0.745543 0.978938 0.76175 0.973443 0.764992 0.965201 0.777958 0.958791 0.80389 0.9578750000000001 0.823339 0.9532969999999998 0.8541330000000001 0.9505489999999999 0.8573739999999999 0.9487179999999998 0.8573739999999999 0.936813 0.852512 0.923993 0.850891 0.909341 0.846029 0.90293 0.846029 0.895604 0.841167 0.886447 0.842788 0.878205 0.8346840000000001 0.856227 0.8346840000000001 0.841575 0.8298220000000001 0.833333 0.8298220000000001 0.817766 0.824959 0.811355 0.824959 0.798535 0.820097 0.787546 0.818476 0.769231 0.813614 0.762821 0.813614 0.74359 0.805511 0.729853 0.807131 0.716117 0.802269 0.709707 0.80389 0.691392 0.797407 0.681319 0.797407 0.662088 0.794165 0.657509 0.790924 0.636447 0.787682 0.632784 0.787682 0.622711 0.781199 0.594322 0.776337 0.586081 0.774716 0.571429 0.769854 0.563187 0.769854 0.554029 0.764992 0.546703 0.764992 0.537546 0.755267 0.519231 0.753647 0.508242 0.747164 0.496337 0.747164 0.486264 0.740681 0.477106 0.73906 0.46337 0.732577 0.454212 0.724473 0.423993 0.71637 0.412088 0.714749 0.40293 0.709887 0.39652 0.703404 0.378205 0.675851 0.34707 0.67423 0.340659 0.666126 0.330586 0.664506 0.320513 0.65316 0.313187 0.646677 0.303114 0.641815 0.300366 0.625608 0.282967 0.622366 0.275641 0.622366 0.246337 0.625608 0.23901100000000003 0.63047 0.234432 0.63047 0.214286 0.636953 0.204212 0.578606 0.211538 0.560778 0.208791 0.541329 0.208791 0.523501 0.212454 0.515397 0.210623 0.466775 0.210623 0.461912 0.212454 0.442464 0.208791 0.423015 0.208791 0.403566 0.211538 0.3906 0.209707 0.385737 0.210623 0.371151 0.207875
5 0.690438 0.075092 0.679092 0.085165 0.682334 0.117216 0.67423 0.125458 0.670989 0.137363 0.662885 0.145604 0.659643 0.158425 0.648298 0.168498 0.645057 0.175824 0.646677 0.187729 0.628849 0.203297 0.638574 0.204212 0.632091 0.214286 0.632091 0.234432 0.627229 0.23901100000000003 0.623987 0.246337 0.622366 0.27381 0.625608 0.276557 0.627229 0.282967 0.649919 0.304945 0.646677 0.314103 0.654781 0.314103 0.659643 0.31685 0.661264 0.315018 0.683955 0.315934 0.703404 0.303114 0.713128 0.306777 0.753647 0.352564 0.758509 0.355311 0.769854 0.369963 0.774716 0.372711 0.786062 0.387363 0.799028 0.399267 0.80389 0.405678 0.80389 0.413919 0.792545 0.434982 0.794165 0.446886 0.790924 0.453297 0.790924 0.470696 0.797407 0.496337 0.805511 0.504579 0.816856 0.505495 0.842788 0.498168 0.8492710000000001 0.492674 0.8492710000000001 0.48992699999999995 0.860616 0.48534799999999995 0.880065 0.47344300000000006 0.902755 0.462454 0.9124799999999998 0.462454 0.9189630000000001 0.459707 0.9286870000000002 0.451465 0.936791 0.438645 0.9416530000000001 0.435897 0.948136 0.435897 0.959481 0.431319 0.985413 0.411172 0.985413 0.404762 0.9692059999999999 0.397436 0.9611020000000001 0.39652 0.951378 0.391026 0.944895 0.391026 0.9092380000000001 0.380952 0.8946519999999999 0.380952 0.883306 0.375458 0.8752029999999998 0.368132 0.8670990000000001 0.347985 0.860616 0.340659 0.8444079999999999 0.327839 0.833063 0.315934 0.807131 0.297619 0.807131 0.291209 0.816856 0.289377 0.818476 0.282967 0.810373 0.279304 0.810373 0.275641 0.821718 0.267399 0.836305 0.264652 0.850891 0.254579 0.858995 0.24267399999999997 0.8573739999999999 0.227106 0.8444079999999999 0.209707 0.764992 0.156593 0.763371 0.15293 0.734198 0.126374 0.726094 0.1163 0.708266 0.101648 0.690438 0.07967
5 0.361426 0.306777 0.361426 0.307692 0.363047 0.307692 0.363047 0.306777 0.291734 0.084249 0.254457 0.126374 0.231767 0.147436 0.22042100000000003 0.153846 0.191248 0.17674 0.150729 0.199634 0.12966 0.223443 0.12966 0.251832 0.13128 0.254579 0.141005 0.260073 0.165316 0.270147 0.168558 0.276557 0.163695 0.281136 0.163695 0.287546 0.175041 0.29304 0.17342 0.301282 0.137763 0.328755 0.12966 0.338828 0.11831400000000002 0.346154 0.11831400000000002 0.358974 0.102107 0.376374 0.090762 0.380952 0.076175 0.380952 0.056726 0.387363 0.040519 0.389194 0.011345 0.401099 0.004862 0.402015 0 0.405678 0 0.413004 0.02107 0.430403 0.030794 0.434982 0.04376 0.434982 0.05186399999999999 0.437729 0.056726 0.443223 0.056726 0.451465 0.063209 0.45696 0.069692 0.467949 0.074554 0.467949 0.084279 0.459707 0.092382 0.458791 0.098865 0.46337 0.10859000000000002 0.465201 0.11993499999999999 0.4697799999999999 0.128039 0.470696 0.144246 0.47802200000000006 0.181524 0.490842 0.188006 0.489011 0.192869 0.4789379999999999 0.192869 0.444139 0.189627 0.43956 0.189627 0.428571 0.179903 0.416667 0.181524 0.404762 0.213938 0.367216 0.247974 0.331502 0.267423 0.315934 0.277147 0.303114 0.28363 0.304945 0.293355 0.313187 0.3047 0.31685 0.312804 0.31685 0.317666 0.318681 0.319287 0.324176 0.327391 0.31685 0.330632 0.320513 0.338736 0.311355 0.345219 0.307692 0.34846 0.307692 0.353323 0.303114 0.361426 0.299451 0.376013 0.283883 0.376013 0.278388 0.379254 0.275641 0.379254 0.262821 0.372771 0.24725299999999997 0.36953 0.224359 0.353323 0.217033 0.353323 0.208791 0.350081 0.206044 0.34846 0.199634 0.337115 0.191392 0.338736 0.175824 0.335494 0.168498 0.32577 0.159341 0.314425 0.15293 0.311183 0.143773 0.306321 0.139194 0.306321 0.124542 0.296596 0.100733 0.294976 0.087912
2 0.559157 0.008242 0.552674 0.001832 0.539708 0 0.531605 0.003663 0.481361 0.008242 0.45704999999999996 0.008242 0.444084 0.003663 0.4343600000000001 0.003663 0.427877 0.005495 0.424635 0.012821 0.43111799999999995 0.018315 0.450567 0.022894 0.487844 0.022894 0.492707 0.021062 0.512156 0.021062 0.517018 0.019231 0.529984 0.019231 0.534846 0.017399 0.552674 0.017399 0.559157 0.012821
2 0.338736 0.056777 0.335494 0.060439999999999994 0.335494 0.072344 0.338736 0.075092 0.338736 0.083333 0.34684 0.098901 0.34684 0.110806 0.358185 0.12179499999999999 0.359806 0.1337 0.372771 0.152015 0.384117 0.160256 0.3906 0.168498 0.398703 0.172161 0.400324 0.174908 0.411669 0.177656 0.424635 0.184066 0.43111799999999995 0.184066 0.442464 0.187729 0.450567 0.187729 0.465154 0.191392 0.515397 0.193223 0.520259 0.191392 0.541329 0.191392 0.549433 0.187729 0.555916 0.187729 0.575365 0.18315 0.593193 0.174908 0.604538 0.167582 0.617504 0.154762 0.623987 0.137363 0.632091 0.130037 0.632091 0.125458 0.645057 0.108974 0.646677 0.080586 0.65316 0.069597 0.65154 0.058608 0.645057 0.056777 0.635332 0.056777 0.628849 0.058608 0.625608 0.062271 0.625608 0.071429 0.622366 0.074176 0.622366 0.087912 0.619125 0.090659 0.619125 0.104396 0.612642 0.110806 0.60778 0.119048 0.60778 0.123626 0.598055 0.132784 0.593193 0.147436 0.58671 0.152015 0.583468 0.157509 0.559157 0.17033 0.546191 0.172161 0.529984 0.17674 0.510535 0.17674 0.505673 0.178571 0.49918999999999997 0.178571 0.49432699999999996 0.17674 0.471637 0.17674 0.442464 0.171245 0.421394 0.163919 0.4181520000000001 0.160256 0.408428 0.155678 0.387358 0.1337 0.384117 0.128205 0.384117 0.117216 0.372771 0.106227 0.372771 0.095238 0.36953 0.092491 0.36953 0.087912 0.363047 0.076923 0.361426 0.060439999999999994 0.358185 0.056777 0.351702 0.054945
7 0.645057 0.207875 0.645057 0.204212 0.638574 0.196886 0.63047 0.194139 0.622366 0.194139 0.615883 0.195971 0.612642 0.200549 0.602917 0.203297 0.384117 0.202381 0.363047 0.196886 0.354943 0.196886 0.34846 0.198718 0.345219 0.202381 0.34846 0.209707 0.372771 0.216117 0.41329 0.216117 0.4181520000000001 0.217949 0.6094 0.217949 0.614263 0.216117 0.635332 0.214286 0.641815 0.211538
7 0.6953 0.048535 0.688817 0.046703 0.675851 0.048535 0.672609 0.052198 0.672609 0.056777 0.675851 0.059524 0.669368 0.070513 0.669368 0.093407 0.658023 0.111722 0.658023 0.12087899999999999 0.654781 0.123626 0.654781 0.136447 0.646677 0.143773 0.643436 0.151099 0.619125 0.168498 0.6094 0.180403 0.58671 0.190476 0.572123 0.192308 0.555916 0.192308 0.551053 0.194139 0.46353300000000003 0.195055 0.44732599999999995 0.190476 0.44084300000000004 0.190476 0.423015 0.184982 0.398703 0.184066 0.379254 0.17674 0.371151 0.17674 0.351702 0.164835 0.343598 0.153846 0.337115 0.149267 0.337115 0.131868 0.333874 0.129121 0.333874 0.123626 0.32577 0.112637 0.324149 0.102564 0.316045 0.095238 0.316045 0.091575 0.312804 0.088828 0.316045 0.086081 0.316045 0.065018 0.311183 0.056777 0.3047 0.054945 0.291734 0.056777 0.288493 0.060439999999999994 0.288493 0.067766 0.291734 0.072344 0.291734 0.07967 0.288493 0.082418 0.288493 0.094322 0.293355 0.10348 0.299838 0.108974 0.299838 0.1163 0.309562 0.130037 0.312804 0.139194 0.312804 0.155678 0.324149 0.164835 0.332253 0.175824 0.338736 0.178571 0.350081 0.188645 0.367909 0.191392 0.374392 0.195055 0.385737 0.197802 0.401945 0.197802 0.406807 0.199634 0.416532 0.199634 0.429498 0.204212 0.45704999999999996 0.209707 0.529984 0.209707 0.536467 0.207875 0.562399 0.207875 0.567261 0.206044 0.585089 0.206044 0.589951 0.204212 0.598055 0.204212 0.611021 0.200549 0.622366 0.194139 0.627229 0.193223 0.643436 0.175824 0.666126 0.160256 0.667747 0.154762 0.679092 0.143773 0.682334 0.117216 0.693679 0.099817 0.693679 0.076923 0.696921 0.074176 0.696921 0.068681 0.703404 0.063187 0.703404 0.055861
1 0.865478 0.943223 0.8573739999999999 0.9395599999999998 0.850891 0.9395599999999998 0.836305 0.9441389999999998 0.815235 0.9441389999999998 0.786062 0.9496340000000001 0.777958 0.9496340000000001 0.766613 0.9532969999999998 0.76013 0.958791 0.73906 0.967949 0.713128 0.974359 0.711507 0.973443 0.709887 0.9496340000000001 0.706645 0.9468860000000001 0.706645 0.9395599999999998 0.703404 0.935897 0.703404 0.910256 0.700162 0.907509 0.696921 0.879121 0.693679 0.876374 0.692058 0.868132 0.692058 0.839744 0.688817 0.836081 0.687196 0.82326 0.679092 0.811355 0.679092 0.799451 0.667747 0.782967 0.667747 0.771062 0.661264 0.761905 0.659643 0.734432 0.656402 0.728938 0.656402 0.690476 0.65316 0.684066 0.65316 0.673077 0.643436 0.668498 0.641815 0.665751 0.628849 0.663919 0.622366 0.665751 0.619125 0.669414 0.619125 0.674908 0.615883 0.677656 0.615883 0.68315 0.612642 0.687729 0.611021 0.701465 0.60778 0.704212 0.60778 0.723443 0.604538 0.728022 0.604538 0.746337 0.601297 0.751832 0.601297 0.771978 0.598055 0.776557 0.596434 0.871795 0.593193 0.878205 0.593193 0.89011 0.589951 0.894689 0.589951 0.907509 0.593193 0.910256 0.593193 0.931319 0.596434 0.936813 0.593193 0.943223 0.593193 0.979853 0.583468 0.982601 0.576985 0.988095 0.570502 0.9862639999999999 0.551053 0.9862639999999999 0.541329 0.984432 0.50081 0.984432 0.49432699999999996 0.982601 0.474878 0.982601 0.465154 0.980769 0.405186 0.980769 0.398703 0.982601 0.379254 0.982601 0.371151 0.984432 0.330632 0.984432 0.322528 0.9862639999999999 0.303079 0.9862639999999999 0.296596 0.984432 0.285251 0.984432 0.280389 0.9816849999999999 0.265802 0.978022 0.24959499999999998 0.9661169999999999 0.210697 0.9514650000000001 0.197731 0.9514650000000001 0.175041 0.9459710000000001 0.145867 0.942308 0.132901 0.942308 0.126418 0.9441389999999998 0.123177 0.9514650000000001 0.126418 0.9551279999999999 0.132901 0.9569600000000001 0.168558 0.9606230000000001 0.188006 0.965201 0.200972 0.965201 0.226904 0.97619 0.24473299999999998 0.989011 0.26094 0.992674 0.273906 0.998168 0.340357 0.999084 0.405186 0.997253 0.411669 0.995421 0.458671 0.995421 0.46839499999999995 0.997253 0.531605 0.999084 0.602917 0.999084 0.619125 0.997253 0.620746 0.978938 0.617504 0.97619 0.617504 0.9496340000000001 0.620746 0.9459710000000001 0.620746 0.928571 0.617504 0.923993 0.617504 0.904762 0.614263 0.901099 0.617504 0.897436 0.617504 0.887363 0.620746 0.880952 0.620746 0.827839 0.623987 0.821429 0.623987 0.78022 0.627229 0.775641 0.63047 0.733516 0.633712 0.738095 0.633712 0.755495 0.636953 0.760073 0.636953 0.767399 0.643436 0.778388 0.643436 0.789377 0.654781 0.805861 0.654781 0.81685 0.661264 0.826923 0.662885 0.839744 0.666126 0.843407 0.666126 0.871795 0.672609 0.885531 0.672609 0.898352 0.675851 0.902015 0.675851 0.913004 0.679092 0.916667 0.679092 0.942308 0.680713 0.952381 0.683955 0.9551279999999999 0.683955 0.965201 0.687196 0.967949 0.687196 0.985348 0.690438 0.989011 0.696921 0.991758 0.713128 0.991758 0.719611 0.988095 0.730956 0.987179 0.756888 0.980769 0.76013 0.978022 0.771475 0.9752749999999999 0.78282 0.9661169999999999 0.790924 0.96337 0.797407 0.96337 0.807131 0.9606230000000001 0.816856 0.9606230000000001 0.821718 0.958791 0.846029 0.958791 0.863857 0.954212 0.865478 0.952381
6 0.291734 0.085165 0.285251 0.086996 0.28201 0.090659 0.291734 0.118132 0.291734 0.136447 0.3047 0.157509 0.314425 0.166667 0.314425 0.169414 0.327391 0.178571 0.327391 0.184066 0.351702 0.197802 0.358185 0.197802 0.363047 0.195055 0.363047 0.185897 0.358185 0.180403 0.354943 0.179487 0.34846 0.168498 0.341977 0.164835 0.335494 0.156593 0.330632 0.153846 0.320908 0.135531 0.316045 0.130952 0.316045 0.110806 0.309562 0.091575 0.3047 0.086996
6 0.696921 0.088828 0.683955 0.090659 0.680713 0.094322 0.679092 0.123626 0.670989 0.136447 0.667747 0.148352 0.662885 0.15293 0.662885 0.156593 0.656402 0.163919 0.646677 0.18315 0.633712 0.192308 0.633712 0.199634 0.640194 0.204212 0.656402 0.203297 0.664506 0.196886 0.672609 0.187729 0.680713 0.17033 0.693679 0.152015 0.696921 0.14011 0.705024 0.128205 0.706645 0.094322 0.703404 0.090659
6 0.183144 0.283883 0.179903 0.291209 0.184765 0.295788 0.22042100000000003 0.303114 0.231767 0.307692 0.23662899999999998 0.307692 0.254457 0.315934 0.272285 0.315018 0.275527 0.311355 0.275527 0.306777 0.267423 0.298535 0.254457 0.296703 0.226904 0.288462 0.19611 0.282051
6 0.094003 0.377289 0.090762 0.380952 0.094003 0.388278 0.132901 0.403846 0.15235 0.407509 0.162075 0.411172 0.184765 0.410256 0.186386 0.401099 0.171799 0.393773 0.165316 0.391941 0.150729 0.391941 0.121556 0.380952 0.11993499999999999 0.379121 0.106969 0.375458
6 0.818476 0.281136 0.810373 0.277473 0.776337 0.278388 0.76175 0.283883 0.750405 0.283883 0.713128 0.294872 0.708266 0.299451 0.708266 0.303114 0.714749 0.307692 0.727715 0.307692 0.76175 0.297619 0.773096 0.297619 0.792545 0.292125 0.813614 0.291209 0.818476 0.288462
6 0.889789 0.373626 0.8768229999999999 0.371795 0.87034 0.373626 0.855754 0.381868 0.841167 0.385531 0.831442 0.391026 0.805511 0.397436 0.799028 0.40293 0.802269 0.410256 0.821718 0.411172 0.8492710000000001 0.40293 0.8573739999999999 0.398352 0.8719610000000001 0.394689 0.889789 0.385531 0.893031 0.381868 0.893031 0.377289