0 0.20234599999999997 0.033019 0.20821099999999998 0.042453 0.20527899999999996 0.054245 0.214076 0.061321 0.252199 0.061321 0.266862 0.070755 0.281525 0.087264 0.29912 0.087264 0.304985 0.082547 0.307918 0.084906 0.31085 0.146226 0.340176 0.176887 0.343109 0.193396 0.378299 0.20754699999999998 0.475073 0.212264 0.492669 0.209906 0.498534 0.214623 0.568915 0.214623 0.595308 0.209906 0.624633 0.212264 0.630499 0.20754699999999998 0.648094 0.20754699999999998 0.659824 0.176887 0.692082 0.136792 0.692082 0.087264 0.695015 0.084906 0.70088 0.089623 0.71261 0.089623 0.73607 0.070755 0.747801 0.066038 0.7859239999999998 0.070755 0.791789 0.066038 0.7976539999999999 0.037736 0.782991 0.025943 0.718475 0.002358 0.706745 0.002358 0.695015 0.014151 0.683284 0.018868 0.674487 0.018868 0.665689 0.009434 0.653959 0.009434 0.636364 0.021225999999999995 0.630499 0.021225999999999995 0.621701 0.014151 0.618768 0.004717 0.601173 0.002358 0.589443 0.011792 0.592375 0.018868 0.583578 0.028302 0.56305 0.033019 0.539589 0.051887 0.519062 0.056604 0.498534 0.042453 0.478006 0.056604 0.469208 0.056604 0.43108500000000005 0.030660000000000003 0.41055699999999995 0.028302 0.395894 0.016509 0.387097 0.014151 0.372434 0.025943 0.354839 0.021225999999999995 0.343109 0.007075 0.331378 0.002358 0.313783 0.009434 0.302053 0.009434 0.28739 0 0.27566 0 0.246334 0.016509 0.222874 0.016509
5 0.214076 0.063679 0.190616 0.103774 0.170088 0.122642 0.170088 0.129717 0.190616 0.158019 0.19354799999999997 0.17217 0.152493 0.20283 0.175953 0.221698 0.237537 0.242925 0.258065 0.233491 0.27566 0.247642 0.31085 0.25 0.319648 0.240566 0.331378 0.240566 0.322581 0.21934 0.322581 0.193396 0.337243 0.181604 0.337243 0.176887 0.307918 0.146226 0.304985 0.084906 0.29912 0.089623 0.281525 0.089623 0.252199 0.063679
5 0.7888559999999999 0.073113 0.747801 0.068396 0.73607 0.073113 0.71261 0.091981 0.70088 0.091981 0.695015 0.087264 0.695015 0.136792 0.659824 0.183962 0.674487 0.193396 0.674487 0.21934 0.659824 0.240566 0.677419 0.240566 0.68915 0.25 0.741935 0.247642 0.774194 0.235849 0.794721 0.235849 0.812317 0.224057 0.826979 0.224057 0.847507 0.20518899999999998 0.8387100000000001 0.193396 0.8064520000000001 0.174528 0.8064520000000001 0.160377 0.8211139999999999 0.143868 0.8299120000000001 0.125 0.8064520000000001 0.101415
4 0.346041 0.195755 0.334311 0.20518899999999998 0.334311 0.224057 0.343109 0.23113199999999998 0.337243 0.238208 0.346041 0.238208 0.351906 0.242925 0.360704 0.308962 0.28739 0.408019 0.214076 0.535377 0.178886 0.613208 0.173021 0.641509 0.13783 0.716981 0.11436999999999999 0.790094 0.10557199999999999 0.7995279999999999 0.090909 0.801887 0.067449 0.8207549999999999 0.070381 0.830189 0.061584 0.837264 0.014663 0.8466980000000001 0 0.853774 0 0.860849 0.049853 0.9033019999999999 0.067449 0.9033019999999999 0.076246 0.912736 0.076246 0.9245279999999999 0.10557199999999999 0.9457549999999999 0.131965 0.955189 0.158358 0.955189 0.164223 0.948113 0.178886 0.9457549999999999 0.181818 0.9504720000000001 0.175953 0.959906 0.175953 0.9716980000000001 0.20527899999999996 0.985849 0.272727 0.985849 0.290323 0.974057 0.334311 0.974057 0.343109 0.978774 0.351906 0.9929249999999998 0.378299 0.9976419999999999 0.42228699999999997 0.9976419999999999 0.428152 0.9929249999999998 0.43108500000000005 0.981132 0.4486800000000001 0.9716980000000001 0.557185 0.974057 0.568915 0.983491 0.57478 0.9976419999999999 0.648094 0.9929249999999998 0.659824 0.974057 0.709677 0.974057 0.72434 0.985849 0.800587 0.985849 0.8181820000000001 0.978774 0.8387100000000001 0.957547 0.8739000000000001 0.95283 0.909091 0.936321 0.9178889999999998 0.9292450000000001 0.923754 0.915094 0.9530789999999999 0.900943 0.979472 0.879717 0.9941350000000001 0.858491 0.9941350000000001 0.8514149999999999 0.97654 0.84434 0.923754 0.834906 0.923754 0.8207549999999999 0.912023 0.816038 0.888563 0.79717 0.879765 0.783019 0.8533720000000001 0.7004720000000001 0.832845 0.6533019999999999 0.832845 0.643868 0.780059 0.528302 0.72434 0.43867900000000004 0.703812 0.396226 0.642229 0.31367900000000004 0.642229 0.268868 0.648094 0.252358 0.648094 0.226415 0.662757 0.21934 0.662757 0.20283 0.653959 0.198113 0.653959 0.20518899999999998 0.648094 0.209906 0.630499 0.209906 0.624633 0.214623 0.595308 0.212264 0.568915 0.216981 0.498534 0.216981 0.492669 0.212264 0.475073 0.214623 0.378299 0.209906
7 0.340176 0.195755 0.340176 0.200472 0.351906 0.20754699999999998 0.395894 0.212264 0.40469199999999994 0.216981 0.4662760000000001 0.216981 0.495601 0.221698 0.627566 0.216981 0.651026 0.212264 0.656891 0.20754699999999998 0.651026 0.198113 0.633431 0.20283 0.577713 0.20283 0.504399 0.209906 0.372434 0.198113 0.357771 0.191038 0.346041 0.191038
1 0.9970669999999999 0.849057 0.9824049999999999 0.841981 0.9736069999999999 0.841981 0.967742 0.8466980000000001 0.967742 0.8514149999999999 0.979472 0.858491 0.97654 0.8679249999999998 0.9501469999999999 0.891509 0.920821 0.90566 0.906158 0.917453 0.900293 0.9292450000000001 0.8739000000000001 0.955189 0.8504400000000001 0.955189 0.8416420000000001 0.9457549999999999 0.8211139999999999 0.943396 0.815249 0.948113 0.815249 0.959906 0.8211139999999999 0.964623 0.7859239999999998 0.981132 0.73607 0.983491 0.72434 0.974057 0.697947 0.966981 0.662757 0.966981 0.651026 0.9716980000000001 0.633431 0.990566 0.583578 0.990566 0.568915 0.9764149999999999 0.545455 0.9716980000000001 0.428152 0.9716980000000001 0.41055699999999995 0.988208 0.40176 0.990566 0.363636 0.988208 0.340176 0.9716980000000001 0.322581 0.966981 0.293255 0.96934 0.26393 0.983491 0.20821099999999998 0.978774 0.190616 0.964623 0.187683 0.943396 0.13783 0.943396 0.129032 0.938679 0.117302 0.938679 0.087977 0.92217 0.087977 0.900943 0.079179 0.893868 0.05278599999999999 0.891509 0.041056 0.886792 0.0029329999999999994 0.853774 0 0.870283 0.026392999999999996 0.896226 0.061584 0.90566 0.073314 0.917453 0.076246 0.933962 0.090909 0.943396 0.1261 0.95283 0.131965 0.957547 0.173021 0.957547 0.175953 0.974057 0.181818 0.981132 0.20527899999999996 0.9929249999999998 0.266862 0.9976419999999999 0.290323 0.990566 0.304985 0.981132 0.322581 0.981132 0.346041 0.9976419999999999 0.428152 0.9976419999999999 0.43108500000000005 0.990566 0.44281500000000007 0.983491 0.524927 0.983491 0.539589 0.988208 0.557185 0.988208 0.56305 0.9976419999999999 0.651026 0.9976419999999999 0.662757 0.983491 0.692082 0.981132 0.71261 0.985849 0.72434 0.995283 0.7653959999999999 0.995283 0.8064520000000001 0.990566 0.835777 0.9764149999999999 0.8416420000000001 0.96934 0.882698 0.96934 0.9178889999999998 0.933962 0.9178889999999998 0.9292450000000001 0.932551 0.917453 0.947214 0.912736 0.98827 0.879717 0.9970669999999999 0.8679249999999998
2 0.190616 0.037736 0.190616 0.049528 0.20527899999999996 0.051887 0.21114399999999997 0.037736 0.231672 0.023584999999999995 0.252199 0.023584999999999995 0.269795 0.011792 0.284457 0.009434 0.304985 0.023584999999999995 0.319648 0.023584999999999995 0.328446 0.016509 0.337243 0.018868 0.357771 0.035377 0.3929619999999999 0.030660000000000003 0.42522000000000004 0.056604 0.43401799999999996 0.058961999999999994 0.475073 0.056604 0.504399 0.070755 0.521994 0.070755 0.565982 0.04716999999999999 0.58651 0.042453 0.595308 0.025943 0.609971 0.021225999999999995 0.621701 0.023584999999999995 0.633431 0.035377 0.656891 0.035377 0.665689 0.025943 0.671554 0.030660000000000003 0.68915 0.030660000000000003 0.715543 0.016509 0.727273 0.023584999999999995 0.759531 0.030660000000000003 0.782991 0.044811 0.794721 0.044811 0.794721 0.028302 0.780059 0.025943 0.727273 0.004717 0.70088 0.004717 0.683284 0.016509 0.656891 0.009434 0.645161 0.018868 0.621701 0.007075 0.592375 0.009434 0.568915 0.033019 0.560117 0.033019 0.521994 0.054245 0.510264 0.056604 0.480938 0.042453 0.43108500000000005 0.042453 0.40176 0.016509 0.381232 0.014151 0.366569 0.021225999999999995 0.354839 0.009434 0.343109 0.004717 0.31085 0.007075 0.29912 0 0.260997 0 0.243402 0.009434 0.228739 0.009434 0.21114399999999997 0.016509
6 0.21114399999999997 0.061321 0.21700899999999998 0.070755 0.246334 0.070755 0.258065 0.075472 0.284457 0.096698 0.304985 0.096698 0.313783 0.089623 0.307918 0.080189 0.293255 0.082547 0.272727 0.066038 0.252199 0.056604 0.21700899999999998 0.056604
6 0.782991 0.063679 0.774194 0.056604 0.750733 0.061321 0.727273 0.075472 0.70088 0.082547 0.695015 0.091981 0.70088 0.096698 0.72434 0.09433999999999998 0.7536659999999998 0.075472 0.782991 0.075472
6 0.190616 0.165094 0.190616 0.16981100000000002 0.20527899999999996 0.176887 0.237537 0.179245 0.246334 0.183962 0.281525 0.188679 0.296188 0.195755 0.331378 0.195755 0.331378 0.183962 0.322581 0.176887 0.316716 0.176887 0.307918 0.183962 0.266862 0.16981100000000002 0.19648099999999996 0.160377
6 0.8181820000000001 0.162736 0.812317 0.158019 0.803519 0.158019 0.718475 0.183962 0.677419 0.188679 0.668622 0.195755 0.668622 0.200472 0.68915 0.20283 0.741935 0.193396 0.782991 0.181604 0.7888559999999999 0.176887 0.803519 0.176887 0.8181820000000001 0.16981100000000002