0 0.364754 0.103286 0.358607 0.112676 0.344262 0.120892 0.334016 0.153756 0.340164 0.178404 0.344262 0.183099 0.346311 0.198357 0.352459 0.206573 0.354508 0.220657 0.370902 0.246479 0.375 0.261737 0.377049 0.287559 0.375 0.296948 0.368852 0.305164 0.368852 0.320423 0.469262 0.31807500000000005 0.485656 0.321596 0.538934 0.321596 0.547131 0.323944 0.561475 0.323944 0.569672 0.321596 0.614754 0.321596 0.622951 0.323944 0.672131 0.321596 0.663934 0.308685 0.661885 0.279343 0.672131 0.268779 0.672131 0.25939 0.67623 0.253521 0.682377 0.25 0.686475 0.252347 0.694672 0.238263 0.704918 0.228873 0.711066 0.213615 0.72541 0.19483599999999998 0.72541 0.184272 0.729508 0.17957699999999996 0.72541 0.144366 0.721311 0.139671 0.721311 0.11385 0.704918 0.11385 0.696721 0.111502 0.67418 0.11737100000000002 0.647541 0.118545 0.586066 0.131455 0.5430330000000001 0.131455 0.508197 0.124413 0.477459 0.123239 0.440574 0.11737100000000002 0.422131 0.11737100000000002 0.39959 0.111502 0.381148 0.109155
5 0.30123 0.016432 0.272541 0.017606 0.264344 0.021127 0.252049 0.0223 0.235656 0.026995 0.219262 0.035211 0.202869 0.059859 0.19877 0.075117 0.188525 0.09037599999999998 0.186475 0.125587 0.196721 0.201878 0.211066 0.224178 0.209016 0.235915 0.20082 0.247653 0.194672 0.287559 0.209016 0.298122 0.209016 0.303991 0.184426 0.325117 0.143443 0.384977 0.135246 0.40493 0.118852 0.422535 0.110656 0.441315 0.096311 0.457746 0.07582 0.47183100000000006 0.014344 0.503521 0 0.516432 0 0.519953 0.024589999999999997 0.53169 0.043033 0.53169 0.053279 0.535211 0.07582 0.535211 0.07991800000000002 0.538732 0.081967 0.546948 0.10041 0.545775 0.114754 0.548122 0.125 0.552817 0.143443 0.552817 0.151639 0.555164 0.182377 0.553991 0.184426 0.542254 0.17418 0.523474 0.172131 0.48943700000000007 0.180328 0.483568 0.182377 0.475352 0.19877 0.461268 0.204918 0.450704 0.21516399999999997 0.443662 0.217213 0.438967 0.239754 0.419014 0.24180300000000002 0.413146 0.252049 0.406103 0.256148 0.397887 0.280738 0.376761 0.303279 0.350939 0.30532799999999993 0.34507 0.31967200000000007 0.333333 0.32582 0.323944 0.329918 0.321596 0.340164 0.320423 0.352459 0.321596 0.354508 0.31807500000000005 0.368852 0.316901 0.366803 0.305164 0.372951 0.296948 0.375 0.287559 0.370902 0.252347 0.352459 0.220657 0.35041 0.206573 0.344262 0.198357 0.342213 0.183099 0.338115 0.178404 0.331967 0.153756 0.342213 0.120892 0.358607 0.11032900000000001 0.342213 0.100939 0.346311 0.09741799999999999 0.346311 0.065728 0.35041 0.051643 0.356557 0.044601 0.356557 0.036385 0.352459 0.030516 0.338115 0.023474000000000002
5 0.786885 0.021127 0.756148 0.026995 0.7356559999999999 0.039906 0.7356559999999999 0.045775 0.745902 0.055164 0.745902 0.069249 0.75 0.079812 0.737705 0.10446 0.715164 0.112676 0.723361 0.11385 0.723361 0.139671 0.727459 0.144366 0.731557 0.17957699999999996 0.727459 0.184272 0.727459 0.19483599999999998 0.713115 0.213615 0.7069669999999999 0.228873 0.688525 0.25 0.688525 0.264085 0.696721 0.276995 0.69877 0.303991 0.702869 0.311033 0.704918 0.326291 0.713115 0.330986 0.717213 0.342723 0.729508 0.353286 0.737705 0.37206599999999995 0.743852 0.37793400000000005 0.747951 0.387324 0.758197 0.396714 0.766393 0.41431899999999994 0.770492 0.415493 0.780738 0.428404 0.790984 0.450704 0.80123 0.462441 0.80123 0.46831 0.817623 0.48943700000000007 0.821721 0.498826 0.821721 0.570423 0.82582 0.57277 0.8319669999999999 0.57277 0.848361 0.566901 0.868852 0.566901 0.883197 0.561033 0.901639 0.561033 0.9180330000000001 0.564554 0.928279 0.559859 0.944672 0.559859 0.971311 0.552817 0.977459 0.552817 0.9856559999999999 0.545775 0.995902 0.542254 0.995902 0.535211 0.959016 0.504695 0.9180330000000001 0.483568 0.907787 0.465962 0.897541 0.437793 0.868852 0.388498 0.854508 0.339202 0.838115 0.31572800000000006 0.838115 0.309859 0.852459 0.29108 0.854508 0.25 0.85041 0.244131 0.85041 0.23474200000000003 0.858607 0.221831 0.862705 0.198357 0.868852 0.18896700000000002 0.875 0.13615 0.883197 0.118545 0.883197 0.09154900000000002 0.877049 0.075117 0.862705 0.055164 0.8606559999999999 0.045775 0.848361 0.032864 0.842213 0.03169 0.834016 0.025822 0.821721 0.021127
4 0.875 0.406103 0.872951 0.408451 0.877049 0.413146 0.360656 0.321596 0.35041 0.333333 0.35041 0.336854 0.336066 0.35446 0.313525 0.390845 0.288934 0.447183 0.27663899999999997 0.49178400000000005 0.27663899999999997 0.612676 0.278689 0.630282 0.282787 0.637324 0.282787 0.687793 0.286885 0.704225 0.282787 0.776995 0.284836 0.868545 0.278689 0.901408 0.278689 0.960094 0.284836 0.964789 0.303279 0.970657 0.313525 0.970657 0.327869 0.975352 0.358607 0.9777 0.377049 0.9835680000000001 0.467213 0.987089 0.483607 0.991784 0.493852 0.991784 0.502049 0.988263 0.512295 0.987089 0.526639 0.992958 0.557377 0.992958 0.563525 0.9964789999999999 0.588115 0.9964789999999999 0.606557 0.9988259999999999 0.627049 0.9988259999999999 0.64959 0.992958 0.690574 0.994131 0.713115 0.988263 0.733607 0.988263 0.756148 0.982394 0.782787 0.982394 0.788934 0.980047 0.7930330000000001 0.971831 0.784836 0.934272 0.768443 0.919014 0.7643440000000001 0.911972 0.7643440000000001 0.836854 0.768443 0.830986 0.768443 0.778169 0.758197 0.663146 0.758197 0.618545 0.7643440000000001 0.593897 0.760246 0.510563 0.743852 0.463615 0.741803 0.44953100000000007 0.7356559999999999 0.441315 0.733607 0.422535 0.719262 0.396714 0.717213 0.383803 0.7069669999999999 0.368545 0.704918 0.359155 0.688525 0.343897 0.678279 0.325117 0.670082 0.325117 0.6680330000000001 0.32277 0.647541 0.32277 0.637295 0.325117 0.622951 0.325117 0.614754 0.32277 0.569672 0.32277 0.561475 0.325117 0.547131 0.325117 0.538934 0.32277 0.485656 0.32277 0.469262 0.319249 0.42623 0.319249 0.418033 0.321596 0.366803 0.32277
7 0.360656 0.316901 0.360656 0.32277 0.364754 0.327465 0.372951 0.330986 0.381148 0.330986 0.389344 0.327465 0.434426 0.327465 0.44467200000000007 0.329812 0.663934 0.329812 0.672131 0.325117 0.672131 0.316901 0.661885 0.311033 0.653689 0.311033 0.645492 0.31572800000000006 0.6393440000000001 0.31338 0.631148 0.31338 0.625 0.31572800000000006 0.618852 0.31338 0.54918 0.311033 0.370902 0.311033
2 0.354508 0.107981 0.356557 0.115023 0.364754 0.118545 0.42623 0.125587 0.436475 0.129108 0.461066 0.130282 0.479508 0.133803 0.5 0.133803 0.508197 0.13615 0.604508 0.13615 0.6106559999999999 0.133803 0.631148 0.133803 0.645492 0.130282 0.665984 0.130282 0.672131 0.127934 0.680328 0.127934 0.688525 0.124413 0.709016 0.124413 0.727459 0.120892 0.727459 0.111502 0.711066 0.106808 0.70082 0.106808 0.692623 0.11032900000000001 0.680328 0.11032900000000001 0.653689 0.11737100000000002 0.631148 0.11737100000000002 0.616803 0.120892 0.594262 0.122066 0.493852 0.120892 0.487705 0.118545 0.446721 0.115023 0.438525 0.111502 0.39959 0.109155 0.370902 0.103286 0.362705 0.103286
6 0.356557 0.030516 0.34836100000000003 0.030516 0.340164 0.034038 0.329918 0.059859 0.331967 0.09154900000000002 0.336066 0.10446 0.342213 0.11032900000000001 0.329918 0.125587 0.329918 0.139671 0.32582 0.15140800000000001 0.32582 0.174883 0.329918 0.193662 0.334016 0.19718299999999997 0.35041 0.19718299999999997 0.354508 0.193662 0.354508 0.180751 0.34836100000000003 0.159624 0.352459 0.15493 0.354508 0.130282 0.366803 0.11737100000000002 0.366803 0.105634 0.360656 0.098592 0.354508 0.075117 0.354508 0.064554 0.362705 0.045775 0.362705 0.032864
6 0.75 0.034038 0.741803 0.034038 0.733607 0.038732 0.733607 0.046948000000000004 0.741803 0.059859 0.7356559999999999 0.09507 0.702869 0.122066 0.702869 0.126761 0.715164 0.138498 0.719262 0.153756 0.713115 0.193662 0.717213 0.19718299999999997 0.7356559999999999 0.19718299999999997 0.739754 0.193662 0.739754 0.17957699999999996 0.745902 0.153756 0.741803 0.147887 0.739754 0.133803 0.731557 0.124413 0.739754 0.11737100000000002 0.75 0.11385 0.762295 0.093897 0.766393 0.055164 0.758197 0.038732
1 0.272541 0.954225 0.27459 0.9612680000000001 0.311475 0.9777 0.331967 0.9835680000000001 0.379098 0.991784 0.446721 0.992958 0.456967 0.995305 0.487705 0.995305 0.495902 0.992958 0.514344 0.991784 0.534836 0.9988259999999999 0.627049 0.9988259999999999 0.633197 0.9964789999999999 0.690574 0.9964789999999999 0.7069669999999999 0.991784 0.731557 0.99061 0.754098 0.984742 0.780738 0.9835680000000001 0.788934 0.9788729999999999 0.786885 0.971831 0.77459 0.964789 0.7643440000000001 0.964789 0.754098 0.970657 0.745902 0.970657 0.715164 0.9777 0.690574 0.9788729999999999 0.682377 0.982394 0.625 0.982394 0.618852 0.984742 0.5430330000000001 0.984742 0.522541 0.9777 0.502049 0.9777 0.479508 0.9812210000000001 0.465164 0.9812210000000001 0.454918 0.9788729999999999 0.387295 0.9777 0.340164 0.969484 0.288934 0.949531 0.280738 0.949531
2 0.370902 0.28169 0.370902 0.286385 0.379098 0.29108 0.434426 0.288732 0.471311 0.29108 0.590164 0.292254 0.598361 0.294601 0.6106559999999999 0.294601 0.616803 0.292254 0.647541 0.294601 0.653689 0.292254 0.670082 0.29108 0.670082 0.28169 0.663934 0.279343 0.567623 0.279343 0.555328 0.276995 0.393443 0.275822 0.379098 0.276995
1 0.64959 0.4777 0.641393 0.4777 0.633197 0.482394 0.622951 0.510563 0.622951 0.524648 0.618852 0.528169 0.620902 0.535211 0.6106559999999999 0.552817 0.6106559999999999 0.583333 0.606557 0.589202 0.602459 0.658451 0.598361 0.661972 0.596311 0.75 0.592213 0.7535210000000001 0.592213 0.785211 0.596311 0.79108 0.596311 0.8063379999999999 0.592213 0.811033 0.592213 0.82277 0.588115 0.830986 0.588115 0.8638499999999999 0.5819669999999999 0.879108 0.5819669999999999 0.893192 0.57582 0.9061030000000001 0.57582 0.91784 0.567623 0.938967 0.567623 0.948357 0.563525 0.954225 0.561475 0.988263 0.569672 0.992958 0.579918 0.992958 0.588115 0.988263 0.590164 0.948357 0.60041 0.922535 0.604508 0.888498 0.6106559999999999 0.876761 0.6106559999999999 0.84507 0.616803 0.827465 0.616803 0.815728 0.620902 0.811033 0.616803 0.75939 0.620902 0.755869 0.625 0.639671 0.629098 0.634977 0.631148 0.593897 0.635246 0.588028 0.635246 0.557512 0.645492 0.539906 0.647541 0.523474 0.653689 0.530516 0.659836 0.551643 0.665984 0.558685 0.6680330000000001 0.573944 0.680328 0.602113 0.680328 0.6338030000000001 0.686475 0.649061 0.688525 0.678404 0.696721 0.70892 0.702869 0.71831 0.702869 0.74061 0.7069669999999999 0.745305 0.709016 0.809859 0.715164 0.821596 0.715164 0.834507 0.727459 0.8661969999999999 0.729508 0.8861500000000001 0.733607 0.889671 0.737705 0.924883 0.75 0.953052 0.75 0.970657 0.758197 0.975352 0.766393 0.975352 0.77459 0.970657 0.77459 0.948357 0.770492 0.944836 0.766393 0.924883 0.762295 0.920188 0.762295 0.907277 0.752049 0.874413 0.752049 0.861502 0.739754 0.829812 0.739754 0.816901 0.733607 0.805164 0.731557 0.74061 0.727459 0.7359150000000001 0.727459 0.7136150000000001 0.715164 0.688967 0.711066 0.644366 0.704918 0.627934 0.702869 0.589202 0.692623 0.569249 0.690574 0.553991 0.684426 0.546948 0.678279 0.525822 0.670082 0.515258 0.670082 0.507042 0.657787 0.49178400000000005 0.657787 0.482394