0 0.525597 0 0.530717 0.011873 0.537543 0.01715 0.537543 0.027704 0.530717 0.031662 0.494881 0.042216 0.47610899999999995 0.051451 0.4846420000000001 0.05277 0.501706 0.065963 0.510239 0.093668 0.510239 0.101583 0.513652 0.10686000000000001 0.515358 0.131926 0.527304 0.156992 0.532423 0.17546200000000003 0.537543 0.17942 0.537543 0.184697 0.540956 0.187335 0.542662 0.201847 0.575085 0.207124 0.622867 0.207124 0.66041 0.200528 0.663823 0.154354 0.679181 0.129288 0.6843 0.114776 0.677474 0.098945 0.667235 0.08971 0.66041 0.079156 0.658703 0.059366999999999996 0.65529 0.050132 0.646758 0.043536 0.633106 0.042216 0.607509 0.034301 0.595563 0.034301 0.588737 0.029024 0.588737 0.019789 0.593857 0.015831 0.59215 0.013193 0.585324 0.01715 0.580205 0.01715 0.561433 0.009235 0.552901 0.009235 0.540956 0.002639
4 0.662116 0.201847 0.622867 0.20844299999999996 0.575085 0.20844299999999996 0.554608 0.204485 0.542662 0.20580500000000002 0.517065 0.221636 0.501706 0.228232 0.46587 0.257256 0.424915 0.279683 0.404437 0.295515 0.385666 0.30343 0.375427 0.317942 0.370307 0.32058 0.368601 0.327177 0.343003 0.34564599999999995 0.343003 0.353562 0.361775 0.370712 0.368601 0.372032 0.37372 0.377309 0.372014 0.38654400000000005 0.360068 0.402375 0.360068 0.414248 0.346416 0.432718 0.317406 0.456464 0.279863 0.49340399999999995 0.279863 0.507916 0.288396 0.519789 0.288396 0.525066 0.257679 0.555409 0.24061399999999997 0.568602 0.24232100000000004 0.584433 0.249147 0.592348 0.262799 0.601583 0.261092 0.609499 0.238908 0.637203 0.238908 0.643799 0.261092 0.656992 0.261092 0.659631 0.238908 0.6807389999999999 0.238908 0.6860160000000001 0.25256 0.693931 0.259386 0.703166 0.259386 0.707124 0.24744000000000002 0.718997 0.203072 0.7532980000000001 0.158703 0.778364 0.12457300000000002 0.8034300000000001 0.12457300000000002 0.810026 0.133106 0.8139839999999999 0.138225 0.8219 0.139932 0.836412 0.134812 0.845646 0.12116000000000002 0.850923 0.109215 0.850923 0.104096 0.853562 0.088737 0.8548810000000001 0.05631400000000001 0.862797 0.025597 0.8759890000000001 0 0.881266 0.003413 0.8852239999999999 0.025597 0.891821 0.032423 0.8957780000000001 0.052901 0.897098 0.068259 0.89314 0.100683 0.908971 0.11262800000000002 0.91029 0.12116000000000002 0.918206 0.116041 0.923483 0.116041 0.927441 0.129693 0.939314 0.156997 0.94723 0.16041 0.96438 0.174061 0.974934 0.203072 0.985488 0.23378799999999997 0.989446 0.262799 0.989446 0.273038 0.9920839999999999 0.293515 0.9920839999999999 0.307167 0.985488 0.334471 0.985488 0.34471 0.9920839999999999 0.361775 0.9920839999999999 0.401024 0.98285 0.406143 0.990765 0.409556 0.9920839999999999 0.45392499999999997 0.989446 0.479522 0.993404 0.4846420000000001 0.996042 0.508532 0.998681 0.518771 0.997361 0.52901 0.989446 0.535836 0.988127 0.575085 0.988127 0.600683 0.984169 0.612628 0.984169 0.62628 0.989446 0.646758 0.9920839999999999 0.691126 0.98285 0.708191 0.973615 0.723549 0.969657 0.738908 0.9709759999999998 0.764505 0.984169 0.784983 0.984169 0.798635 0.98153 0.83959 0.96438 0.8754270000000001 0.960422 0.8822529999999998 0.953826 0.90273 0.944591 0.9300339999999999 0.9366749999999999 0.9470989999999999 0.9208439999999999 0.955631 0.918206 0.9795220000000001 0.8957780000000001 0.984642 0.89314 0.9982939999999999 0.891821 0.9982939999999999 0.8852239999999999 0.9419799999999999 0.841689 0.911263 0.823219 0.87884 0.7981529999999999 0.87372 0.791557 0.877133 0.777045 0.865188 0.757256 0.849829 0.744063 0.841297 0.7321899999999999 0.83959 0.720317 0.843003 0.7163589999999999 0.843003 0.708443 0.834471 0.705805 0.827645 0.699208 0.812287 0.655673 0.795222 0.594987 0.774744 0.49868100000000004 0.764505 0.467018 0.759386 0.440633 0.754266 0.43007900000000004 0.749147 0.402375 0.716724 0.306069 0.725256 0.296834 0.737201 0.296834 0.755973 0.28628 0.755973 0.282322 0.738908 0.262533 0.728669 0.24538300000000002 0.716724 0.236148 0.68942 0.224274 0.667235 0.20844299999999996
5 0.479522 0.050132 0.47098999999999996 0.05672800000000001 0.43856699999999993 0.124011 0.421502 0.151715 0.421502 0.159631 0.430034 0.159631 0.443686 0.168865 0.452218 0.168865 0.45563100000000006 0.166227 0.462457 0.168865 0.45904399999999995 0.184697 0.44198 0.21504 0.423208 0.269129 0.418089 0.275726 0.416382 0.283641 0.409556 0.288918 0.412969 0.288918 0.412969 0.295515 0.426621 0.30343 0.44539199999999995 0.302111 0.448805 0.290237 0.462457 0.270449 0.47098999999999996 0.25066 0.477816 0.241425 0.479522 0.233509 0.49317399999999995 0.21372000000000002 0.5 0.195251 0.5 0.188654 0.505119 0.182058 0.506826 0.17414199999999996 0.513652 0.17150400000000002 0.525597 0.176781 0.525597 0.17150400000000002 0.52901 0.17018500000000003 0.520478 0.147757 0.517065 0.12533 0.5 0.065963 0.4846420000000001 0.05409 0.481229 0.05409
7 0.668942 0.199208 0.662116 0.193931 0.631399 0.19657 0.617747 0.200528 0.578498 0.200528 0.568259 0.19657 0.546075 0.195251 0.540956 0.197889 0.539249 0.20580500000000002 0.546075 0.211082 0.55802 0.211082 0.568259 0.21372000000000002 0.62628 0.21372000000000002 0.665529 0.207124
1 0.43856699999999993 0.274406 0.44198 0.282322 0.469283 0.296834 0.481229 0.298153 0.491468 0.290237 0.503413 0.298153 0.508532 0.298153 0.535836 0.311346 0.551195 0.310026 0.556314 0.300792 0.583618 0.311346 0.600683 0.313984 0.636519 0.313984 0.65529 0.308707 0.665529 0.300792 0.668942 0.302111 0.670648 0.308707 0.675768 0.311346 0.691126 0.311346 0.703072 0.302111 0.709898 0.308707 0.723549 0.308707 0.75256 0.295515 0.759386 0.288918 0.757679 0.278364 0.749147 0.277045 0.742321 0.281003 0.738908 0.273087 0.733788 0.270449 0.71843 0.270449 0.703072 0.278364 0.697952 0.271768 0.686007 0.270449 0.650171 0.290237 0.643345 0.296834 0.631399 0.298153 0.62628 0.300792 0.610922 0.300792 0.590444 0.296834 0.539249 0.277045 0.527304 0.278364 0.523891 0.28496 0.520478 0.28628 0.4846420000000001 0.270449 0.44539199999999995 0.269129
6 0.482935 0.043536 0.47610899999999995 0.048812999999999995 0.477816 0.05672800000000001 0.481229 0.062005 0.496587 0.068602 0.501706 0.075198 0.503413 0.11873399999999999 0.506826 0.122691 0.506826 0.130607 0.511945 0.14248 0.511945 0.153034 0.515358 0.156992 0.527304 0.156992 0.530717 0.153034 0.530717 0.138522 0.525597 0.130607 0.522184 0.11345600000000002 0.520478 0.069921 0.510239 0.05672800000000001 0.501706 0.05409 0.491468 0.044855
6 0.419795 0.154354 0.423208 0.162269 0.443686 0.17018500000000003 0.477816 0.17018500000000003 0.482935 0.17282299999999998 0.49317399999999995 0.17282299999999998 0.505119 0.176781 0.527304 0.176781 0.530717 0.17282299999999998 0.527304 0.164908 0.513652 0.163588 0.501706 0.158311 0.45392499999999997 0.156992 0.435154 0.149077 0.426621 0.149077
2 0.522184 0.002639 0.525597 0.010554 0.552901 0.023747 0.590444 0.022426999999999996 0.590444 0.013193 0.583618 0.007916 0.564846 0.010554 0.540956 0 0.523891 0
2 0.49317399999999995 0.043536 0.48976100000000006 0.047493 0.491468 0.05409 0.505119 0.06068599999999999 0.515358 0.069921 0.520478 0.07124 0.547782 0.096306 0.59215 0.16095 0.607509 0.17414199999999996 0.609215 0.182058 0.614334 0.184697 0.62628 0.18337700000000004 0.629693 0.180739 0.629693 0.17546200000000003 0.643345 0.149077 0.646758 0.127968 0.651877 0.122691 0.651877 0.11345600000000002 0.65529 0.105541 0.656997 0.047493 0.646758 0.044855 0.641638 0.047493 0.638225 0.05277 0.638225 0.098945 0.624573 0.135884 0.624573 0.145119 0.616041 0.158311 0.59727 0.138522 0.588737 0.122691 0.581911 0.117414 0.580205 0.110818 0.575085 0.10686000000000001 0.56314 0.08707099999999998 0.537543 0.062005 0.511945 0.044855 0.501706 0.042216
2 0.662116 0.17282299999999998 0.656997 0.17018500000000003 0.639932 0.17018500000000003 0.622867 0.17546200000000003 0.540956 0.17414199999999996 0.535836 0.176781 0.53413 0.18337700000000004 0.537543 0.187335 0.559727 0.188654 0.633106 0.188654 0.66041 0.18337700000000004
1 0 0.882586 0.020478 0.894459 0.049488 0.8997359999999999 0.068259 0.8997359999999999 0.073379 0.903694 0.081911 0.9050129999999998 0.09215 0.91029 0.107509 0.912929 0.11774699999999999 0.919525 0.12457300000000002 0.9353559999999999 0.138225 0.94723 0.146758 0.949868 0.158703 0.959103 0.16041 0.96438 0.180887 0.98285 0.18942 0.984169 0.204778 0.9920839999999999 0.262799 0.9920839999999999 0.276451 0.998681 0.293515 0.998681 0.317406 0.9920839999999999 0.329352 0.9920839999999999 0.334471 0.997361 0.34471 0.998681 0.349829 0.996042 0.383959 0.9920839999999999 0.397611 0.9868069999999999 0.401024 0.988127 0.406143 0.996042 0.416382 0.998681 0.540956 0.998681 0.552901 0.994723 0.571672 0.994723 0.580205 0.9920839999999999 0.616041 0.9920839999999999 0.62116 0.996042 0.656997 0.996042 0.675768 0.9920839999999999 0.713311 0.9775730000000001 0.732082 0.976253 0.749147 0.9775730000000001 0.762799 0.989446 0.784983 0.989446 0.795222 0.984169 0.802048 0.984169 0.8157 0.976253 0.861775 0.965699 0.90273 0.9511869999999999 0.9129689999999999 0.949868 0.919795 0.944591 0.9351540000000002 0.937995 0.943686 0.930079 0.953925 0.9261210000000001 0.9812289999999999 0.9050129999999998 0.9982939999999999 0.898417 0.9982939999999999 0.8852239999999999 0.9914680000000001 0.883905 0.96587 0.894459 0.93686 0.916887 0.904437 0.9353559999999999 0.856655 0.9511869999999999 0.824232 0.957784 0.817406 0.9617410000000001 0.796928 0.9670179999999999 0.791809 0.9709759999999998 0.773038 0.974934 0.761092 0.965699 0.75256 0.963061 0.704778 0.96438 0.677474 0.974934 0.656997 0.978892 0.648464 0.98285 0.634812 0.98285 0.624573 0.9775730000000001 0.575085 0.9775730000000001 0.518771 0.985488 0.498294 0.990765 0.47098999999999996 0.984169 0.421502 0.984169 0.418089 0.978892 0.406143 0.9722959999999999 0.392491 0.9722959999999999 0.37884 0.9775730000000001 0.361775 0.978892 0.349829 0.98285 0.343003 0.9775730000000001 0.312287 0.9775730000000001 0.286689 0.984169 0.267918 0.9775730000000001 0.211604 0.9775730000000001 0.206485 0.973615 0.194539 0.9709759999999998 0.175768 0.955145 0.174061 0.948549 0.16041 0.937995 0.153584 0.9366749999999999 0.143345 0.92876 0.133106 0.908971 0.122867 0.902375 0.098976 0.8957780000000001 0.093857 0.891821 0.083618 0.8905010000000001 0.076792 0.886544 0.059727 0.886544 0.054608 0.883905 0.030716999999999998 0.881266 0.023891 0.877309 0.023891 0.8746700000000001
1 0.341297 0.34300800000000004 0.337884 0.346966 0.337884 0.352243 0.354949 0.37335099999999993 0.372014 0.382586 0.411263 0.39445900000000006 0.421502 0.403694 0.419795 0.415567 0.390785 0.43007900000000004 0.377133 0.440633 0.372014 0.455145 0.37372 0.461741 0.397611 0.501319 0.43856699999999993 0.53562 0.448805 0.548813 0.414676 0.55409 0.397611 0.564644 0.394198 0.569921 0.395904 0.585752 0.406143 0.601583 0.418089 0.609499 0.423208 0.618734 0.421502 0.622691 0.411263 0.629288 0.37884 0.641161 0.363481 0.651715 0.363481 0.666227 0.370307 0.672823 0.394198 0.6820580000000002 0.409556 0.6860160000000001 0.431741 0.687335 0.48805499999999996 0.704485 0.501706 0.704485 0.505119 0.707124 0.482935 0.721636 0.440273 0.730871 0.433447 0.738786 0.433447 0.7480209999999999 0.43686 0.7532980000000001 0.435154 0.755937 0.395904 0.754617 0.389078 0.757256 0.383959 0.7625329999999999 0.383959 0.774406 0.399317 0.78628 0.426621 0.792876 0.49317399999999995 0.791557 0.517065 0.796834 0.49317399999999995 0.802111 0.482935 0.811346 0.448805 0.823219 0.426621 0.825858 0.419795 0.828496 0.416382 0.832454 0.416382 0.841689 0.421502 0.8482849999999998 0.394198 0.858839 0.394198 0.873351 0.412969 0.883905 0.431741 0.889182 0.45392499999999997 0.89314 0.5 0.8957780000000001 0.5 0.898417 0.494881 0.898417 0.48805499999999996 0.902375 0.486348 0.9155669999999999 0.48976100000000006 0.919525 0.508532 0.924802 0.575085 0.922164 0.653584 0.9116090000000001 0.670648 0.912929 0.672355 0.916887 0.665529 0.934037 0.672355 0.940633 0.686007 0.9419530000000002 0.721843 0.9353559999999999 0.742321 0.952507 0.742321 0.959103 0.745734 0.963061 0.757679 0.963061 0.759386 0.957784 0.771331 0.94591 0.817406 0.924802 0.824232 0.924802 0.837884 0.932718 0.861775 0.932718 0.8754270000000001 0.927441 0.885666 0.9261210000000001 0.897611 0.919525 0.950512 0.908971 0.994881 0.89314 0.9965870000000001 0.878628 0.9863479999999999 0.8759890000000001 0.972696 0.8852239999999999 0.9624570000000001 0.886544 0.9453920000000001 0.894459 0.892491 0.9050129999999998 0.8754270000000001 0.912929 0.856655 0.918206 0.84471 0.918206 0.83959 0.914248 0.824232 0.908971 0.807167 0.9116090000000001 0.78157 0.924802 0.766212 0.92876 0.75256 0.939314 0.735495 0.923483 0.726962 0.9208439999999999 0.709898 0.9208439999999999 0.691126 0.924802 0.68942 0.923483 0.692833 0.919525 0.692833 0.91029 0.686007 0.902375 0.677474 0.898417 0.648464 0.897098 0.600683 0.903694 0.600683 0.9010549999999999 0.622867 0.894459 0.629693 0.887863 0.629693 0.877309 0.62116 0.8707120000000002 0.569966 0.8693929999999999 0.537543 0.881266 0.508532 0.882586 0.4505120000000001 0.877309 0.424915 0.872032 0.418089 0.866755 0.4505120000000001 0.856201 0.4505120000000001 0.846966 0.43856699999999993 0.8403690000000001 0.440273 0.8390500000000001 0.45392499999999997 0.837731 0.49317399999999995 0.823219 0.515358 0.8192610000000001 0.523891 0.812665 0.559727 0.811346 0.56314 0.807388 0.56314 0.795515 0.546075 0.7836410000000001 0.52901 0.7836410000000001 0.498294 0.777045 0.431741 0.778364 0.412969 0.774406 0.406143 0.770449 0.45392499999999997 0.769129 0.460751 0.766491 0.464164 0.7625329999999999 0.464164 0.757256 0.452218 0.745383 0.474403 0.7374670000000001 0.48976100000000006 0.736148 0.505119 0.728232 0.522184 0.71504 0.523891 0.7018470000000001 0.520478 0.6965699999999999 0.510239 0.6912929999999999 0.498294 0.6912929999999999 0.440273 0.674142 0.409556 0.670185 0.390785 0.664908 0.382253 0.659631 0.394198 0.651715 0.419795 0.643799 0.435154 0.634565 0.44198 0.624011 0.44198 0.612137 0.433447 0.600264 0.419795 0.58971 0.414676 0.580475 0.414676 0.573879 0.423208 0.567282 0.45904399999999995 0.563325 0.46587 0.555409 0.46587 0.542216 0.460751 0.532982 0.4505120000000001 0.522427 0.414676 0.49340399999999995 0.392491 0.45778399999999997 0.392491 0.451187 0.395904 0.44723 0.414676 0.4353560000000001 0.435154 0.426121 0.440273 0.415567 0.43856699999999993 0.395778 0.424915 0.382586 0.37372 0.365435 0.363481 0.35752 0.353242 0.34300800000000004