0 0.330134 0.003788 0.330134 0.042929 0.333973 0.069444 0.34357 0.09090899999999999 0.34357 0.10227300000000002 0.351248 0.117424 0.351248 0.125 0.358925 0.130051 0.358925 0.137626 0.372361 0.162879 0.381958 0.194444 0.401152 0.194444 0.408829 0.19696999999999998 0.525912 0.195707 0.537428 0.198232 0.568138 0.19696999999999998 0.59309 0.199495 0.619962 0.19318200000000002 0.619962 0.174242 0.639155 0.136364 0.644914 0.113636 0.648752 0.108586 0.648752 0.099747 0.654511 0.089646 0.65643 0.066919 0.664107 0.045455 0.664107 0.003788 0.650672 0.001263 0.635317 0.001263 0.629559 0.007576 0.629559 0.078283 0.62572 0.080808 0.560461 0.080808 0.53167 0.084596 0.47025 0.084596 0.452975 0.08207100000000002 0.40691 0.08207100000000002 0.401152 0.079545 0.385797 0.080808 0.380038 0.078283 0.372361 0.079545 0.366603 0.074495 0.366603 0.056818 0.362764 0.05303 0.362764 0.049242 0.366603 0.046717 0.362764 0.029040000000000003 0.364683 0.005051 0.358925 0
4 0.383877 0.195707 0.383877 0.204545 0.378119 0.205808 0.378119 0.210859 0.368522 0.21843400000000002 0.360845 0.238636 0.34357 0.261364 0.31094 0.325758 0.297505 0.33712100000000006 0.293666 0.33712100000000006 0.28215 0.347222 0.241843 0.37121200000000004 0.21881 0.392677 0.199616 0.417929 0.178503 0.46212100000000006 0.166987 0.474747 0.166987 0.484848 0.163148 0.494949 0.151631 0.510101 0.147793 0.527778 0.119002 0.574495 0.117083 0.590909 0.103647 0.607323 0.101727 0.621212 0.088292 0.638889 0.080614 0.660354 0.072937 0.667929 0.071017 0.67803 0.059501 0.70202 0.049904 0.709596 0.049904 0.717172 0.038388 0.739899 0.038388 0.744949 0.019194 0.777778 0.015355 0.7891410000000001 0.005758 0.800505 0 0.823232 0.001919 0.833333 0.017274 0.844697 0.03071 0.849747 0.040307 0.8573230000000001 0.042226 0.8724749999999999 0.047985 0.8775250000000001 0.103647 0.8876260000000001 0.119002 0.8876260000000001 0.134357 0.896465 0.142035 0.9040400000000001 0.184261 0.915404 0.197697 0.915404 0.214971 0.907828 0.236084 0.906566 0.243762 0.911616 0.243762 0.9292929999999999 0.25144 0.9406569999999999 0.266795 0.948232 0.28215 0.9507579999999999 0.295585 0.957071 0.309021 0.958333 0.314779 0.963384 0.316699 0.969697 0.341651 0.9823230000000001 0.362764 0.986111 0.420345 0.9873739999999999 0.462572 0.996212 0.53167 0.996212 0.575816 0.9873739999999999 0.642994 0.984848 0.667946 0.9772729999999998 0.679463 0.969697 0.68906 0.957071 0.706334 0.9558080000000001 0.715931 0.9507579999999999 0.740883 0.944444 0.75048 0.933081 0.75048 0.92298 0.758157 0.911616 0.765835 0.9090909999999999 0.783109 0.9090909999999999 0.792706 0.915404 0.817658 0.915404 0.857965 0.905303 0.865643 0.8989899999999998 0.886756 0.890152 0.904031 0.888889 0.919386 0.8825759999999999 0.93666 0.885101 0.955854 0.875 0.959693 0.8573230000000001 0.9942420000000001 0.8358589999999999 0.9942420000000001 0.8093430000000001 0.984645 0.7941919999999999 0.9827259999999999 0.782828 0.965451 0.756313 0.965451 0.7474749999999999 0.950096 0.7260100000000002 0.940499 0.707071 0.934741 0.685606 0.923225 0.6742420000000001 0.917466 0.6590909999999999 0.902111 0.633838 0.898273 0.614899 0.886756 0.602273 0.877159 0.57702 0.865643 0.561869 0.859885 0.549242 0.859885 0.541667 0.850288 0.530303 0.84261 0.505051 0.834933 0.494949 0.833013 0.47853499999999993 0.819578 0.46212100000000006 0.794626 0.41540400000000005 0.777351 0.39646500000000007 0.773512 0.388889 0.760077 0.376263 0.692898 0.333333 0.683301 0.316919 0.667946 0.301768 0.667946 0.29798 0.652591 0.27399 0.648752 0.258838 0.631478 0.228535 0.631478 0.22096 0.619962 0.205808 0.616123 0.204545 0.614203 0.195707 0.59309 0.200758 0.568138 0.198232 0.537428 0.199495 0.525912 0.19696999999999998 0.408829 0.198232 0.401152 0.195707
5 0.318618 0.002525 0.297505 0.010101 0.285988 0.010101 0.262956 0.02399 0.257198 0.031566 0.245681 0.037879 0.230326 0.064394 0.226488 0.066919 0.214971 0.099747 0.207294 0.10732299999999999 0.197697 0.132576 0.199616 0.160354 0.213052 0.169192 0.216891 0.17803000000000002 0.245681 0.184343 0.264875 0.184343 0.278311 0.194444 0.360845 0.194444 0.362764 0.188131 0.372361 0.183081 0.37428 0.174242 0.360845 0.147727 0.357006 0.130051 0.349328 0.125 0.349328 0.117424 0.341651 0.10227300000000002 0.341651 0.09090899999999999 0.333973 0.075758 0.330134 0.059343 0.328215 0.006312999999999999
5 0.666027 0.003788 0.666027 0.045455 0.658349 0.066919 0.65643 0.089646 0.650672 0.099747 0.650672 0.108586 0.646833 0.113636 0.641075 0.136364 0.621881 0.17803000000000002 0.62572 0.180556 0.635317 0.18181799999999998 0.639155 0.18560600000000002 0.667946 0.184343 0.675624 0.188131 0.723608 0.188131 0.735125 0.183081 0.746641 0.183081 0.779271 0.17803000000000002 0.785029 0.17298 0.785029 0.169192 0.794626 0.162879 0.796545 0.125 0.783109 0.10101 0.783109 0.093434 0.773512 0.080808 0.773512 0.073232 0.767754 0.061869 0.737044 0.026515 0.710173 0.010101 0.681382 0.002525 0.677543 0.005051
6 0.330134 0.001263 0.322457 0.006312999999999999 0.314779 0.029040000000000003 0.322457 0.099747 0.333973 0.12373699999999999 0.341651 0.131313 0.341651 0.136364 0.349328 0.142677 0.351248 0.14899 0.366603 0.150253 0.370441 0.146465 0.370441 0.137626 0.355086 0.11868700000000001 0.34357 0.09596 0.34357 0.079545 0.339731 0.070707 0.335893 0.040404 0.34357 0.006312999999999999 0.339731 0.002525
6 0.673704 0.003788 0.664107 0.005051 0.660269 0.008838 0.654511 0.07197 0.646833 0.08207100000000002 0.646833 0.09469699999999999 0.639155 0.10606100000000002 0.637236 0.117424 0.631478 0.12247500000000001 0.633397 0.128788 0.639155 0.131313 0.652591 0.128788 0.658349 0.12373699999999999 0.660269 0.109848 0.667946 0.09848499999999999 0.667946 0.087121 0.675624 0.075758 0.677543 0.042929 0.681382 0.032828 0.681382 0.008838
7 0.627639 0.190657 0.618042 0.18560600000000002 0.612284 0.18560600000000002 0.602687 0.190657 0.408829 0.190657 0.401152 0.188131 0.383877 0.188131 0.378119 0.190657 0.3762 0.19696999999999998 0.383877 0.20202 0.403071 0.204545 0.612284 0.204545 0.627639 0.199495
7 0.293666 0.333333 0.270633 0.35101 0.270633 0.375 0.293666 0.39899 0.328215 0.414141 0.353167 0.4343429999999999 0.360845 0.448232 0.372361 0.460859 0.372361 0.477273 0.368522 0.486111 0.370441 0.518939 0.364683 0.530303 0.362764 0.549242 0.357006 0.560606 0.353167 0.590909 0.349328 0.597222 0.345489 0.656566 0.341651 0.662879 0.341651 0.708333 0.339731 0.717172 0.333973 0.724747 0.328215 0.771465 0.324376 0.777778 0.320537 0.8459599999999999 0.316699 0.853535 0.31286 0.8926769999999999 0.31286 0.930556 0.309021 0.936869 0.309021 0.94697 0.305182 0.9507579999999999 0.305182 0.957071 0.309021 0.962121 0.314779 0.964646 0.322457 0.964646 0.330134 0.959596 0.332054 0.901515 0.335893 0.895202 0.339731 0.828283 0.34357 0.82197 0.347409 0.7676769999999999 0.351248 0.761364 0.355086 0.729798 0.358925 0.7260100000000002 0.362764 0.712121 0.362764 0.666667 0.366603 0.660354 0.370441 0.60101 0.37428 0.594697 0.37428 0.580808 0.378119 0.574495 0.380038 0.558081 0.383877 0.55303 0.385797 0.535354 0.389635 0.531566 0.391555 0.522727 0.389635 0.489899 0.393474 0.481061 0.393474 0.457071 0.381958 0.44444399999999995 0.372361 0.426768 0.360845 0.419192 0.357006 0.41287899999999994 0.339731 0.400253 0.314779 0.391414 0.295585 0.375 0.289827 0.364899 0.291747 0.357323 0.305182 0.34596 0.307102 0.338384 0.303263 0.33459599999999995
7 0.721689 0.348485 0.710173 0.35101 0.708253 0.366162 0.666027 0.405303 0.619962 0.433081 0.606526 0.4494949999999999 0.604607 0.465909 0.606526 0.542929 0.614203 0.558081 0.62572 0.594697 0.633397 0.635101 0.633397 0.660354 0.637236 0.6641410000000001 0.639155 0.707071 0.646833 0.7474749999999999 0.648752 0.8358589999999999 0.652591 0.8409090000000001 0.65643 0.906566 0.662188 0.916667 0.662188 0.9242420000000001 0.671785 0.949495 0.667946 0.963384 0.675624 0.969697 0.68906 0.969697 0.692898 0.9659090000000001 0.692898 0.944444 0.683301 0.920455 0.683301 0.912879 0.677543 0.902778 0.673704 0.837121 0.669866 0.832071 0.666027 0.7260100000000002 0.662188 0.719697 0.658349 0.660354 0.654511 0.656566 0.654511 0.631313 0.646833 0.590909 0.635317 0.554293 0.627639 0.539141 0.627639 0.515152 0.6238 0.510101 0.6238 0.473485 0.627639 0.468434 0.627639 0.453283 0.637236 0.443182 0.68714 0.411616 0.721689 0.38131300000000007 0.729367 0.369949 0.729367 0.35353499999999993
1 0 0.824495 0.001919 0.843434 0.011516 0.8510100000000002 0.046065 0.8674240000000001 0.036468 0.873737 0.036468 0.880051 0.046065 0.886364 0.084453 0.895202 0.113244 0.895202 0.120921 0.8926769999999999 0.12476000000000001 0.895202 0.126679 0.902778 0.138196 0.910354 0.149712 0.911616 0.165067 0.916667 0.193858 0.916667 0.220729 0.911616 0.236084 0.911616 0.24760100000000002 0.920455 0.241843 0.925505 0.241843 0.935606 0.24760100000000002 0.941919 0.245681 0.94697 0.24952000000000002 0.9507579999999999 0.262956 0.9558080000000001 0.301344 0.964646 0.316699 0.9772729999999998 0.330134 0.9823230000000001 0.335893 0.9823230000000001 0.349328 0.988636 0.358925 0.991162 0.395393 0.991162 0.403071 0.993687 0.422265 0.994949 0.431862 0.998737 0.589251 0.998737 0.604607 0.993687 0.619962 0.991162 0.641075 0.991162 0.671785 0.984848 0.685221 0.978535 0.694818 0.9772729999999998 0.698656 0.972222 0.704415 0.969697 0.706334 0.964646 0.715931 0.958333 0.725528 0.957071 0.75048 0.944444 0.758157 0.936869 0.758157 0.92298 0.763916 0.9191919999999999 0.773512 0.916667 0.786948 0.92298 0.804223 0.92298 0.84453 0.916667 0.854127 0.912879 0.87524 0.9090909999999999 0.880998 0.902778 0.882917 0.8926769999999999 0.890595 0.896465 0.900192 0.896465 0.961612 0.8825759999999999 0.96737 0.876263 0.965451 0.868687 0.953935 0.863636 0.975048 0.856061 0.984645 0.849747 0.9980809999999999 0.8459599999999999 0.9980809999999999 0.832071 0.9865640000000001 0.8308080000000001 0.961612 0.844697 0.942418 0.8510100000000002 0.925144 0.859848 0.923225 0.869949 0.927063 0.873737 0.921305 0.8775250000000001 0.894434 0.881313 0.886756 0.873737 0.87524 0.8724749999999999 0.854127 0.880051 0.850288 0.885101 0.850288 0.8926769999999999 0.854127 0.896465 0.852207 0.8989899999999998 0.794626 0.9090909999999999 0.783109 0.901515 0.769674 0.901515 0.746641 0.9090909999999999 0.738964 0.915404 0.737044 0.931818 0.721689 0.9406569999999999 0.700576 0.94697 0.68906 0.953283 0.68714 0.958333 0.679463 0.964646 0.660269 0.972222 0.635317 0.9772729999999998 0.614203 0.9772729999999998 0.591171 0.981061 0.583493 0.984848 0.456814 0.986111 0.43762 0.984848 0.428023 0.981061 0.408829 0.979798 0.401152 0.9772729999999998 0.366603 0.9772729999999998 0.333973 0.9659090000000001 0.309021 0.9507579999999999 0.274472 0.943182 0.262956 0.931818 0.268714 0.9292929999999999 0.268714 0.9141410000000001 0.261036 0.906566 0.245681 0.8977270000000002 0.214971 0.8977270000000002 0.199616 0.901515 0.170825 0.902778 0.161228 0.8989899999999998 0.149712 0.8977270000000002 0.143954 0.886364 0.120921 0.871212 0.111324 0.8724749999999999 0.103647 0.881313 0.090211 0.881313 0.078695 0.8775250000000001 0.082534 0.869949 0.076775 0.8623739999999999 0.03263 0.843434 0.009597 0.8257579999999999
2 0.351248 0.005051 0.349328 0.015152 0.353167 0.022727 0.355086 0.07197 0.358925 0.079545 0.370441 0.08585900000000002 0.389635 0.08585900000000002 0.401152 0.089646 0.416507 0.09090899999999999 0.575816 0.09090899999999999 0.633397 0.093434 0.642994 0.080808 0.644914 0.008838 0.637236 0.003788 0.627639 0.005051 0.6238 0.008838 0.619962 0.078283 0.422265 0.07702 0.40691 0.075758 0.395393 0.07197 0.385797 0.07197 0.3762 0.065657 0.37428 0.055556 0.37428 0.002525 0.372361 0 0.355086 0