0 0.652968 0.009637 0.651446 0.010378 0.652968 0.010378 0.375951 0.010378 0.366819 0.01705 0.363775 0.029652 0.359209 0.033358 0.354642 0.042995 0.354642 0.048925 0.357686 0.051149 0.350076 0.070423 0.348554 0.084507 0.343988 0.091179 0.342466 0.105263 0.347032 0.10971099999999999 0.34551 0.1149 0.351598 0.11786500000000001 0.35312 0.121572 0.356164 0.123054 0.366819 0.13788 0.368341 0.143069 0.378995 0.151223 0.385084 0.16086 0.385084 0.16679 0.388128 0.169014 0.39117199999999996 0.176427 0.38965 0.190511 0.392694 0.192735 0.407915 0.194218 0.4307460000000001 0.190511 0.540335 0.190511 0.56621 0.192735 0.628615 0.192735 0.628615 0.171979 0.633181 0.167532 0.633181 0.162342 0.65449 0.135656 0.65449 0.129726 0.663623 0.123795 0.663623 0.121572 0.669711 0.116383 0.671233 0.10971099999999999 0.675799 0.107487 0.675799 0.094885 0.672755 0.09192 0.669711 0.073388 0.663623 0.059303 0.663623 0.054114 0.660578 0.050408 0.660578 0.045219 0.657534 0.041512 0.657534 0.034841 0.652968 0.030393 0.648402 0.018532 0.645358 0.01705 0.645358 0.012602 0.648402 0.011119 0.639269 0.011861000000000002 0.624049 0.008895 0.619482 0.008895 0.61796 0.010378 0.642314 0.05485500000000001 0.648402 0.070423 0.64688 0.073388 0.636225 0.074129 0.631659 0.071164 0.624049 0.069681 0.604262 0.068199 0.596651 0.071905 0.593607 0.071905 0.579909 0.065234 0.535769 0.065234 0.528158 0.062268000000000004 0.519026 0.060786 0.496195 0.060786 0.482496 0.065234 0.435312 0.065234 0.423135 0.071164 0.407915 0.067457 0.388128 0.068199 0.383562 0.070423 0.377473 0.071164 0.371385 0.068199 0.371385 0.06301 0.39726 0.013343 0.39726 0.008895
2 0.39117199999999996 0.009637 0.378995 0.028169 0.378995 0.034841 0.375951 0.037064 0.372907 0.04966600000000001 0.366819 0.060786 0.366819 0.071905 0.369863 0.073388 0.375951 0.073388 0.383562 0.071164 0.398782 0.071164 0.41248100000000004 0.07487 0.423135 0.07487 0.42922399999999994 0.071164 0.439878 0.068199 0.456621 0.069681 0.48097400000000007 0.069681 0.497717 0.065234 0.511416 0.065234 0.537291 0.071164 0.550989 0.071164 0.555556 0.06894 0.563166 0.068199 0.579909 0.074129 0.595129 0.074129 0.601218 0.071905 0.613394 0.07487 0.627093 0.075612 0.639269 0.079318 0.645358 0.079318 0.656012 0.075612 0.656012 0.06894 0.648402 0.048925 0.636225 0.032617 0.634703 0.023721 0.628615 0.011861000000000002 0.624049 0.008895 0.616438 0.008895 0.613394 0.010378 0.613394 0.013343 0.616438 0.014826 0.622527 0.026686 0.624049 0.035582 0.636225 0.051890000000000006 0.642314 0.067457 0.640791 0.071164 0.619482 0.06894 0.608828 0.065975 0.595129 0.065975 0.587519 0.068199 0.569254 0.062268000000000004 0.547945 0.06301 0.543379 0.065234 0.517504 0.059303 0.491629 0.059303 0.474886 0.063751 0.43378999999999995 0.062268000000000004 0.4246579999999999 0.064492 0.41704700000000006 0.068199 0.404871 0.065234 0.380518 0.065234 0.378995 0.064492 0.385084 0.052632 0.385084 0.046701 0.39117199999999996 0.037806 0.39117199999999996 0.031134000000000002 0.39726 0.020015 0.403349 0.014085 0.403349 0.009637 0.400304 0.008154 0.394216 0.008154
2 0.339422 0.094885 0.339422 0.09785 0.342466 0.09933299999999999 0.348554 0.09933299999999999 0.362253 0.094885 0.371385 0.094144 0.377473 0.09192 0.403349 0.088213 0.406393 0.086731 0.458143 0.080059 0.47032 0.087472 0.47032 0.091179 0.474886 0.09562599999999999 0.47793 0.10600399999999999 0.482496 0.111935 0.482496 0.116383 0.48858399999999996 0.121572 0.48858399999999996 0.126019 0.494673 0.131208 0.500761 0.140104 0.500761 0.146775 0.503805 0.148258 0.511416 0.148258 0.519026 0.143069 0.525114 0.126761 0.531202 0.12083 0.531202 0.1149 0.537291 0.10971099999999999 0.544901 0.094885 0.549467 0.09192 0.549467 0.089696 0.561644 0.083024 0.578387 0.084507 0.598174 0.088955 0.604262 0.088955 0.61796 0.09192 0.625571 0.09192 0.643836 0.094885 0.649924 0.09785 0.657534 0.098592 0.6621 0.103039 0.669711 0.103039 0.677321 0.100815 0.677321 0.097109 0.674277 0.09562599999999999 0.668189 0.094885 0.660578 0.09192 0.656012 0.09192 0.649924 0.088955 0.631659 0.08599 0.624049 0.08599 0.61035 0.083024 0.604262 0.083024 0.584475 0.078577 0.552511 0.077094 0.534247 0.089696 0.531202 0.09785 0.519026 0.111935 0.519026 0.11786500000000001 0.512938 0.123054 0.509893 0.131208 0.500761 0.123054 0.500761 0.118606 0.494673 0.113417 0.494673 0.10897 0.49010699999999996 0.103039 0.487062 0.092661 0.482496 0.088213 0.482496 0.084507 0.46727500000000005 0.074129 0.450533 0.074129 0.432268 0.077094 0.423135 0.077094 0.400304 0.080801 0.39726 0.082283 0.383562 0.083766 0.380518 0.085248 0.371385 0.08599 0.360731 0.088955 0.356164 0.088955
4 0.738204 0.336546 0.741248 0.346924 0.741248 0.338769 0.4307460000000001 0.19125299999999998 0.407915 0.194959 0.394216 0.193477 0.386606 0.19866599999999998 0.385084 0.204596 0.378995 0.209044 0.374429 0.220163 0.374429 0.22609300000000002 0.368341 0.234248 0.362253 0.23573000000000002 0.357686 0.240919 0.356164 0.24685 0.35312 0.24981500000000004 0.348554 0.251297 0.331811 0.269088 0.324201 0.273536 0.307458 0.292068 0.296804 0.314307 0.292237 0.332098 0.277017 0.366938 0.277017 0.40770899999999993 0.280061 0.41215699999999994 0.283105 0.43143099999999995 0.286149 0.435878 0.286149 0.45366899999999993 0.289193 0.458117 0.289193 0.467013 0.298326 0.48035599999999995 0.298326 0.496664 0.304414 0.500371 0.313546 0.532246 0.319635 0.56338 0.3379 0.622683 0.340944 0.642698 0.347032 0.658265 0.347032 0.665678 0.357686 0.707932 0.357686 0.719792 0.334855 0.790215 0.319635 0.822832 0.315068 0.8398810000000001 0.30898 0.8495180000000001 0.30898 0.8569310000000001 0.312024 0.8591550000000001 0.318113 0.8591550000000001 0.322679 0.8606379999999999 0.324201 0.8665680000000001 0.315068 0.8851 0.30898 0.89103 0.299848 0.909563 0.283105 0.933284 0.283105 0.9392139999999999 0.289193 0.9444030000000001 0.289193 0.9481099999999999 0.284627 0.9540400000000001 0.269406 0.9659010000000001 0.267884 0.974055 0.277017 0.975537 0.283105 0.979985 0.29376 0.98295 0.312024 0.98295 0.324201 0.979244 0.334855 0.979985 0.340944 0.98295 0.351598 0.985174 0.359209 0.984433 0.365297 0.987398 0.385084 0.991846 0.39726 0.987398 0.42009099999999994 0.986657 0.43378999999999995 0.987398 0.439878 0.991105 0.465753 0.996294 0.4855400000000001 0.997035 0.49010699999999996 0.996294 0.494673 0.993328 0.512938 0.992587 0.531202 0.997776 0.550989 0.997035 0.578387 0.990363 0.584475 0.987398 0.619482 0.987398 0.631659 0.991846 0.64688 0.987398 0.659056 0.986657 0.671233 0.983692 0.675799 0.983692 0.681887 0.980726 0.689498 0.979244 0.69863 0.980726 0.703196 0.98295 0.722983 0.98295 0.732116 0.980726 0.741248 0.975537 0.747336 0.974796 0.750381 0.9710900000000001 0.747336 0.964418 0.729072 0.9503339999999999 0.729072 0.9444030000000001 0.73516 0.9392139999999999 0.73516 0.935508 0.730594 0.930319 0.729072 0.923647 0.712329 0.900667 0.710807 0.894737 0.701674 0.8851 0.69863 0.8762050000000001 0.692542 0.8687920000000001 0.692542 0.8613790000000001 0.695586 0.859896 0.70624 0.8591550000000001 0.709285 0.8532249999999999 0.675799 0.770941 0.659056 0.715345 0.659056 0.70126 0.668189 0.67828 0.675799 0.637509 0.684932 0.617494 0.684932 0.604151 0.689498 0.584878 0.695586 0.573017 0.709285 0.512973 0.713851 0.503336 0.713851 0.48776900000000006 0.716895 0.48332100000000006 0.716895 0.47590800000000005 0.719939 0.47146000000000005 0.719939 0.46404700000000004 0.726027 0.447739 0.726027 0.437361 0.730594 0.427724 0.732116 0.414381 0.736682 0.405486 0.736682 0.39288400000000007 0.741248 0.386953 0.741248 0.371386 0.73516 0.353595 0.73516 0.343958 0.730594 0.337287 0.729072 0.328391 0.722983 0.323202 0.719939 0.303929 0.716895 0.297257 0.710807 0.292068 0.710807 0.286138 0.687976 0.269088 0.677321 0.257969 0.671233 0.256486 0.665145 0.24685 0.659056 0.243143 0.652968 0.24240199999999998 0.652968 0.23795400000000003 0.64688 0.2298 0.642314 0.22683500000000004 0.642314 0.22164599999999998 0.637747 0.215715 0.637747 0.209044 0.633181 0.20682 0.631659 0.201631 0.628615 0.201631 0.628615 0.193477 0.56621 0.193477 0.540335 0.19125299999999998
5 0.687976 0.000741 0.663623 0.00593 0.645358 0.011861000000000002 0.639269 0.011861000000000002 0.649924 0.018532 0.65449 0.030393 0.659056 0.034841 0.659056 0.041512 0.6621 0.045219 0.6621 0.050408 0.669711 0.068199 0.672755 0.087472 0.677321 0.09933299999999999 0.677321 0.107487 0.672755 0.10971099999999999 0.671233 0.116383 0.665145 0.121572 0.665145 0.123795 0.656012 0.129726 0.656012 0.135656 0.649924 0.14381 0.669711 0.149741 0.675799 0.16679 0.675799 0.18384 0.678843 0.188288 0.678843 0.222387 0.686454 0.2298 0.680365 0.23573000000000002 0.675799 0.246108 0.677321 0.256486 0.69102 0.269088 0.69102 0.277984 0.712329 0.297999 0.715373 0.306153 0.724505 0.313566 0.727549 0.325426 0.733638 0.334322 0.733638 0.3447 0.736682 0.349148 0.736682 0.38028199999999995 0.733638 0.384729 0.733638 0.40029700000000007 0.730594 0.406227 0.736682 0.406968 0.736682 0.40993299999999994 0.733638 0.414381 0.732116 0.427724 0.727549 0.437361 0.727549 0.447739 0.724505 0.452187 0.724505 0.4596 0.721461 0.46404700000000004 0.721461 0.47146000000000005 0.715373 0.48776900000000006 0.715373 0.500371 0.745814 0.503336 0.762557 0.501112 0.783866 0.49518200000000007 0.791476 0.49518200000000007 0.8006090000000001 0.498147 0.8249620000000001 0.498147 0.843227 0.496664 0.855403 0.49444 0.864536 0.48999300000000007 0.8691020000000002 0.489251 0.8843230000000001 0.489251 0.898021 0.492216 0.907154 0.492216 0.914764 0.490734 0.931507 0.484062 0.964992 0.484062 0.981735 0.48035599999999995 0.9878230000000001 0.477391 0.989346 0.47368400000000005 0.957382 0.449963 0.9543380000000001 0.444774 0.95586 0.44255 0.9619480000000001 0.441067 0.990868 0.42698300000000006 0.998478 0.41956999999999994 0.998478 0.41289800000000004 0.974125 0.389918 0.9543380000000001 0.375093 0.898021 0.326168 0.828006 0.260193 0.826484 0.255745 0.8173520000000001 0.24981500000000004 0.81583 0.232024 0.820396 0.2298 0.8340940000000001 0.232024 0.838661 0.23054099999999997 0.852359 0.23054099999999997 0.855403 0.22831700000000002 0.855403 0.22090399999999996 0.829528 0.214974 0.796043 0.213491 0.780822 0.20756100000000002 0.780822 0.20088999999999999 0.771689 0.191994 0.768645 0.184581 0.771689 0.173462 0.765601 0.170497 0.764079 0.158636 0.767123 0.150482 0.761035 0.148999 0.764079 0.136397 0.756469 0.128243 0.756469 0.123054 0.753425 0.123054 0.750381 0.12083 0.753425 0.112676 0.759513 0.10600399999999999 0.762557 0.093403 0.773212 0.083024 0.771689 0.072646 0.774734 0.06301 0.776256 0.040771 0.771689 0.037064 0.750381 0.028169 0.74277 0.02298 0.724505 0.015567000000000001 0.709285 0.007413 0.694064 0.0014829999999999997
5 0.245053 0.172721 0.245053 0.177168 0.246575 0.177168 0.246575 0.172721 0.334855 0.0014829999999999997 0.324201 0.0014829999999999997 0.316591 0.0037060000000000005 0.29376 0.014085 0.275495 0.025204 0.267884 0.026686 0.248097 0.035582 0.24048700000000003 0.041512 0.24048700000000003 0.06301 0.246575 0.072646 0.246575 0.08599 0.254186 0.094144 0.25723 0.106746 0.261796 0.10971099999999999 0.263318 0.115641 0.267884 0.118606 0.267884 0.12083 0.26484 0.123054 0.260274 0.123054 0.260274 0.128243 0.252664 0.13788 0.252664 0.142328 0.25723 0.146034 0.25723 0.148999 0.254186 0.150482 0.251142 0.149741 0.254186 0.160119 0.251142 0.168273 0.251142 0.178651 0.245053 0.190511 0.23439900000000002 0.202372 0.23592099999999996 0.20756100000000002 0.229833 0.20978499999999997 0.21917799999999998 0.211268 0.21461199999999997 0.213491 0.211568 0.208302 0.207002 0.20756100000000002 0.196347 0.21275 0.185693 0.214233 0.181126 0.216457 0.173516 0.21719800000000003 0.162861 0.22090399999999996 0.159817 0.22831700000000002 0.167428 0.231282 0.188737 0.231282 0.197869 0.2298 0.202435 0.22609300000000002 0.20547900000000002 0.22683500000000004 0.200913 0.248332 0.181126 0.263158 0.16895 0.279466 0.098935 0.343958 0.031963 0.399555 0.022831 0.408451 0.019787 0.414381 0.019787 0.41956999999999994 0.025875 0.4255 0.062404999999999995 0.443291 0.06088300000000001 0.44848 0.030441 0.47146000000000005 0.030441 0.476649 0.039574 0.481838 0.047184 0.481838 0.050228 0.48332100000000006 0.082192 0.481838 0.10958899999999999 0.491475 0.146119 0.48776900000000006 0.158295 0.492216 0.171994 0.49444 0.178082 0.496664 0.211568 0.497405 0.223744 0.49444 0.23439900000000002 0.49518200000000007 0.237443 0.496664 0.245053 0.496664 0.248097 0.498147 0.255708 0.498888 0.272451 0.503336 0.299848 0.498147 0.295282 0.47071899999999994 0.287671 0.46404700000000004 0.287671 0.458117 0.284627 0.45366899999999993 0.284627 0.435878 0.281583 0.43143099999999995 0.281583 0.42253500000000005 0.275495 0.40770899999999993 0.275495 0.366938 0.290715 0.332098 0.295282 0.314307 0.305936 0.292068 0.321157 0.275019 0.330289 0.269088 0.342466 0.256486 0.336377 0.255745 0.336377 0.19125299999999998 0.34551 0.174944 0.347032 0.16679 0.350076 0.163825 0.351598 0.167532 0.360731 0.149741 0.360731 0.14381 0.357686 0.139362 0.357686 0.127502 0.350076 0.1149 0.348554 0.105263 0.34551 0.100815 0.34551 0.085248 0.350076 0.065234 0.356164 0.051149 0.354642 0.04966600000000001 0.360731 0.042995 0.363775 0.033358 0.368341 0.029652 0.375951 0.011119 0.371385 0.011861000000000002
7 0.385084 0.188288 0.386606 0.193477 0.403349 0.199407 0.410959 0.199407 0.4155249999999999 0.19792399999999996 0.42922399999999994 0.19792399999999996 0.43378999999999995 0.199407 0.449011 0.199407 0.453577 0.19792399999999996 0.512938 0.19792399999999996 0.519026 0.199407 0.552511 0.199407 0.560122 0.19792399999999996 0.599696 0.19792399999999996 0.605784 0.19644200000000003 0.633181 0.19644200000000003 0.642314 0.191994 0.640791 0.186805 0.633181 0.18384 0.552511 0.185322 0.544901 0.186805 0.526636 0.186805 0.52207 0.185322 0.439878 0.186064 0.4155249999999999 0.185322 0.410959 0.18384 0.394216 0.18384
1 0.347032 0.738325 0.34551 0.757598 0.342466 0.7620460000000001 0.339422 0.78725 0.333333 0.798369 0.333333 0.806523 0.321157 0.83321 0.312024 0.8450700000000001 0.30898 0.857672 0.315068 0.8613790000000001 0.325723 0.8621200000000001 0.333333 0.8591550000000001 0.336377 0.8561899999999999 0.3379 0.8487769999999999 0.347032 0.8369159999999999 0.356164 0.816901 0.357686 0.825797 0.360731 0.8295029999999999 0.360731 0.8361749999999999 0.363775 0.838399 0.363775 0.8495180000000001 0.366819 0.8517420000000001 0.366819 0.8569310000000001 0.369863 0.8606379999999999 0.388128 0.870274 0.400304 0.8710160000000001 0.414003 0.875463 0.464231 0.875463 0.47184199999999993 0.8739810000000001 0.517504 0.8739810000000001 0.52207 0.872498 0.550989 0.872498 0.555556 0.8739810000000001 0.590563 0.8739810000000001 0.595129 0.872498 0.642314 0.872498 0.64688 0.8710160000000001 0.672755 0.8710160000000001 0.678843 0.869533 0.687976 0.869533 0.715373 0.865085 0.722983 0.8621200000000001 0.724505 0.855448 0.715373 0.8510009999999999 0.707763 0.8510009999999999 0.697108 0.8539660000000001 0.665145 0.8584139999999999 0.637747 0.8584139999999999 0.633181 0.859896 0.585997 0.859896 0.581431 0.8613790000000001 0.563166 0.8613790000000001 0.5586 0.859896 0.512938 0.859896 0.508371 0.8613790000000001 0.464231 0.8613790000000001 0.456621 0.862861 0.423135 0.862861 0.407915 0.8584139999999999 0.400304 0.8584139999999999 0.392694 0.8532249999999999 0.392694 0.8472940000000001 0.38965 0.8450700000000001 0.38965 0.8346919999999999 0.386606 0.8324679999999999 0.386606 0.825797 0.383562 0.8220899999999999 0.383562 0.804299 0.377473 0.792439 0.377473 0.753892 0.374429 0.74129 0.362253 0.73536 0.354642 0.73536
1 0.278539 0.939956 0.278539 0.9436619999999999 0.286149 0.9481099999999999 0.313546 0.9503339999999999 0.321157 0.952557 0.334855 0.95997 0.340944 0.9614530000000001 0.371385 0.95997 0.375951 0.9584880000000001 0.38204 0.9584880000000001 0.39117199999999996 0.9547810000000001 0.394216 0.9547810000000001 0.403349 0.9584880000000001 0.418569 0.9584880000000001 0.423135 0.95997 0.42922399999999994 0.95997 0.436834 0.965159 0.450533 0.967383 0.497717 0.967383 0.512938 0.9659010000000001 0.52207 0.9636770000000001 0.550989 0.964418 0.555556 0.9659010000000001 0.593607 0.9659010000000001 0.607306 0.9688660000000001 0.627093 0.9688660000000001 0.642314 0.9659010000000001 0.684932 0.964418 0.689498 0.9629359999999999 0.700152 0.9629359999999999 0.712329 0.95997 0.721461 0.95997 0.733638 0.9555229999999999 0.739726 0.9547810000000001 0.748858 0.9495920000000001 0.748858 0.9458859999999999 0.74277 0.9421790000000001 0.729072 0.9414379999999999 0.719939 0.9436619999999999 0.712329 0.9473680000000001 0.704718 0.9473680000000001 0.69102 0.9503339999999999 0.634703 0.9532989999999999 0.619482 0.9562640000000001 0.614916 0.9562640000000001 0.60274 0.9532989999999999 0.563166 0.9532989999999999 0.5586 0.9518160000000001 0.531202 0.9518160000000001 0.523592 0.9503339999999999 0.506849 0.9503339999999999 0.499239 0.9532989999999999 0.49010699999999996 0.9547810000000001 0.458143 0.9547810000000001 0.44748899999999997 0.9481099999999999 0.4307460000000001 0.9473680000000001 0.42618000000000006 0.9458859999999999 0.414003 0.9458859999999999 0.404871 0.9414379999999999 0.388128 0.9414379999999999 0.362253 0.9473680000000001 0.350076 0.9473680000000001 0.343988 0.9436619999999999 0.318113 0.9369899999999999 0.287671 0.935508
1 0.263318 0.972572 0.263318 0.9762790000000001 0.272451 0.981468 0.286149 0.983692 0.292237 0.986657 0.305936 0.989622 0.328767 0.989622 0.333333 0.988139 0.348554 0.987398 0.368341 0.991105 0.375951 0.991105 0.392694 0.995552 0.4155249999999999 0.995552 0.42922399999999994 0.991105 0.439878 0.995552 0.464231 0.997035 0.46879800000000005 0.998517 0.484018 0.998517 0.496195 0.995552 0.503805 0.995552 0.508371 0.997035 0.525114 0.997035 0.532725 0.999259 0.593607 0.999259 0.608828 0.995552 0.627093 0.995552 0.637747 0.998517 0.660578 0.998517 0.669711 0.995552 0.677321 0.994811 0.686454 0.990363 0.697108 0.988881 0.709285 0.985174 0.754947 0.983692 0.762557 0.981468 0.773212 0.975537 0.773212 0.9710900000000001 0.767123 0.967383 0.753425 0.9666420000000001 0.744292 0.9710900000000001 0.732116 0.9710900000000001 0.724505 0.972572 0.69863 0.972572 0.69102 0.975537 0.671233 0.979244 0.663623 0.98295 0.659056 0.98295 0.651446 0.985915 0.64688 0.985915 0.634703 0.98295 0.598174 0.98295 0.581431 0.987398 0.57382 0.987398 0.5586 0.990363 0.532725 0.984433 0.515982 0.984433 0.511416 0.98295 0.48858399999999996 0.98295 0.474886 0.985174 0.45966500000000005 0.984433 0.450533 0.98295 0.43835599999999997 0.97702 0.42161300000000007 0.97702 0.407915 0.98295 0.400304 0.98295 0.383562 0.9785030000000001 0.375951 0.9785030000000001 0.35312 0.974055 0.342466 0.974055 0.3379 0.975537 0.324201 0.975537 0.319635 0.97702 0.313546 0.97702 0.305936 0.975537 0.298326 0.971831 0.296804 0.9681250000000001 0.289193 0.965159 0.278539 0.9659010000000001 0.269406 0.9688660000000001
6 0.380518 0.008895 0.371385 0.008895 0.362253 0.012602 0.347032 0.034841 0.347032 0.039288 0.343988 0.041512 0.340944 0.070423 0.336377 0.075612 0.336377 0.088213 0.333333 0.090437 0.334855 0.097109 0.343988 0.103039 0.359209 0.103039 0.366819 0.098592 0.366819 0.080059 0.371385 0.07487 0.372907 0.047443 0.375951 0.045219 0.375951 0.040771 0.38965 0.021497 0.38965 0.012602
6 0.356164 0.11415899999999998 0.347032 0.11045199999999998 0.333333 0.11045199999999998 0.328767 0.111935 0.269406 0.111935 0.260274 0.115641 0.258752 0.121572 0.266362 0.126019 0.34551 0.126019 0.356164 0.121572
6 0.35312 0.202372 0.342466 0.197183 0.330289 0.197183 0.289193 0.209044 0.207002 0.220163 0.197869 0.22387 0.196347 0.2298 0.207002 0.234989 0.21917799999999998 0.234989 0.298326 0.22387 0.324201 0.216457 0.34551 0.21200899999999998 0.35312 0.20756100000000002
6 0.659056 0.010378 0.649924 0.014085 0.648402 0.020756 0.656012 0.034841 0.659056 0.04966600000000001 0.666667 0.062268000000000004 0.668189 0.084507 0.672755 0.092661 0.672755 0.096368 0.669711 0.098592 0.669711 0.106746 0.677321 0.111193 0.692542 0.111193 0.69863 0.108228 0.69863 0.104522 0.701674 0.103039 0.701674 0.085248 0.69863 0.081542 0.697108 0.057821 0.687976 0.042995 0.684932 0.026686 0.680365 0.016308 0.671233 0.011119
6 0.756469 0.119348 0.747336 0.115641 0.736682 0.115641 0.732116 0.117124 0.680365 0.117124 0.671233 0.12083 0.669711 0.126761 0.677321 0.131208 0.750381 0.131208 0.756469 0.128243
6 0.669711 0.202372 0.669711 0.20682 0.677321 0.211268 0.762557 0.22831700000000002 0.780822 0.231282 0.803653 0.232765 0.8097410000000002 0.234989 0.826484 0.234989 0.835616 0.231282 0.835616 0.22387 0.829528 0.22090399999999996 0.818874 0.21868099999999996 0.794521 0.21719800000000003 0.771689 0.213491 0.69102 0.197183 0.680365 0.197183