0 0.427217 0.0035560000000000006 0.420447 0.008692 0.409614 0.019755 0.404198 0.022916 0.400812 0.026076999999999996 0.394042 0.030423000000000002 0.387949 0.030818 0.38524 0.031608 0.37847 0.035954 0.37847 0.036744 0.373053 0.03951 0.36763700000000005 0.04109 0.364252 0.040695 0.36154400000000003 0.042276 0.356127 0.043461 0.350711 0.043856 0.34664900000000004 0.045437 0.343263 0.048202 0.339878 0.047412 0.333785 0.047807 0.329045 0.050178 0.32566 0.050178 0.320244 0.051758 0.316181 0.051758 0.312119 0.053734 0.304672 0.05531400000000001 0.299255 0.05531400000000001 0.292485 0.058475 0.287068 0.057685 0.282329 0.05808000000000001 0.291131 0.067957 0.294516 0.074674 0.295193 0.078625 0.295193 0.112604 0.286391 0.141841 0.286391 0.167523 0.289777 0.180166 0.294516 0.185302 0.297224 0.190439 0.299932 0.20229199999999997 0.306703 0.213354 0.312119 0.225207 0.312119 0.286448 0.316181 0.287238 0.316181 0.290399 0.31889 0.29593 0.324983 0.303042 0.333785 0.308969 0.34394 0.313315 0.338524 0.319637 0.335816 0.325168 0.335139 0.329119 0.335816 0.337021 0.339201 0.343738 0.342586 0.347294 0.335139 0.350849 0.341232 0.351245 0.339201 0.355986 0.36019 0.356381 0.365606 0.357566 0.404875 0.357566 0.410291 0.356381 0.41706200000000004 0.355986 0.522004 0.355986 0.535545 0.357566 0.624915 0.357566 0.643196 0.3548 0.649966 0.354405 0.665538 0.3548 0.679079 0.357566 0.682464 0.357566 0.680433 0.35164 0.680433 0.343738 0.678402 0.340577 0.677725 0.336626 0.678402 0.325168 0.683819 0.316081 0.700745 0.301462 0.700745 0.29435 0.702099 0.288028 0.700745 0.283682 0.700745 0.272224 0.700068 0.273015 0.698714 0.271829 0.699391 0.267878 0.700745 0.267878 0.701422 0.243382 0.7048070000000001 0.236665 0.7122549999999999 0.22836800000000002 0.7122549999999999 0.21533 0.712932 0.211379 0.7149629999999999 0.20821799999999996 0.7156399999999999 0.196365 0.721056 0.185697 0.721733 0.181746 0.7237639999999999 0.178981 0.7237639999999999 0.142236 0.719025 0.135124 0.717671 0.129593 0.717671 0.105492 0.718348 0.10154099999999999 0.721056 0.0968 0.721056 0.093244 0.7237639999999999 0.088898 0.7244409999999999 0.077835 0.72715 0.073489 0.72715 0.071513 0.729858 0.066772 0.729858 0.063216 0.732566 0.05887 0.729181 0.05887 0.725118 0.06044999999999999 0.719025 0.06044999999999999 0.7156399999999999 0.059265000000000005 0.710223 0.05887 0.7048070000000001 0.05729 0.6960050000000001 0.056104 0.69262 0.054919 0.687204 0.054129 0.684496 0.052944 0.679079 0.052548 0.673663 0.05057299999999999 0.670278 0.050178 0.669601 0.048992 0.667569 0.048202 0.664184 0.048202 0.658091 0.046622 0.653351 0.046227 0.649289 0.044646 0.645227 0.044251 0.641842 0.042671 0.637779 0.042276 0.633717 0.039905 0.631686 0.037535 0.631686 0.035954 0.620853 0.029237 0.613406 0.028052 0.603927 0.021731 0.599865 0.01778 0.596479 0.012643 0.586324 0.004346 0.583615 0.0035560000000000006 0.52065 0.0035560000000000006 0.49221400000000004 0.004346 0.46716299999999994 0.004346 0.450237 0.0035560000000000006 0.439404 0.0035560000000000006 0.434665 0.004346 0.43127999999999994 0.0035560000000000006
5 0.261341 0.054129 0.25457 0.058475 0.250508 0.05887 0.24779999999999996 0.060055 0.242383 0.060055 0.24102899999999997 0.05887 0.237644 0.05887 0.236967 0.062031 0.23358200000000004 0.065192 0.22478 0.069933 0.22004099999999996 0.070723 0.21462400000000004 0.076254 0.210562 0.084552 0.20853100000000002 0.094824 0.207854 0.11457900000000001 0.209885 0.121296 0.209885 0.134334 0.211916 0.139471 0.21123899999999998 0.147768 0.212593 0.166733 0.21123899999999998 0.177005 0.209885 0.178586 0.20853100000000002 0.185697 0.202437 0.200711 0.201083 0.20821799999999996 0.198375 0.212169 0.197698 0.21691 0.19363600000000003 0.222837 0.19025099999999998 0.230739 0.188896 0.237456 0.18348 0.248518 0.18348 0.252074 0.18077200000000002 0.259976 0.18077200000000002 0.267088 0.179418 0.27341 0.180095 0.278151 0.17806399999999997 0.284077 0.177387 0.299486 0.175355 0.307388 0.175355 0.31371 0.173324 0.317661 0.172647 0.324378 0.169939 0.330699 0.169262 0.337021 0.157075 0.361517 0.151659 0.375741 0.141503 0.391545 0.136764 0.402608 0.129316 0.42591899999999994 0.127962 0.440142 0.127962 0.455946 0.13067 0.465429 0.132701 0.46938 0.141503 0.47412099999999996 0.146242 0.478467 0.150982 0.481233 0.152336 0.489135 0.150982 0.502568 0.149628 0.505334 0.149628 0.522718 0.147596 0.526274 0.146242 0.535757 0.147596 0.537732 0.153013 0.537337 0.157075 0.540498 0.172647 0.538127 0.179418 0.537732 0.209885 0.537732 0.215301 0.52746 0.218009 0.524299 0.218009 0.521928 0.22004099999999996 0.518767 0.22071800000000003 0.512051 0.227488 0.49822200000000005 0.23561300000000002 0.48953 0.24102899999999997 0.485579 0.24847700000000003 0.481628 0.251862 0.4729360000000001 0.256601 0.469775 0.262018 0.463848 0.265403 0.457132 0.26608 0.45081 0.274204 0.437377 0.274882 0.43066 0.276913 0.42749899999999996 0.27759 0.419202 0.280298 0.410905 0.280298 0.402608 0.283006 0.394706 0.283006 0.388779 0.285714 0.384828 0.285714 0.371 0.286391 0.367049 0.2891 0.362702 0.289777 0.344923 0.295193 0.335441 0.295193 0.331885 0.297224 0.328724 0.297901 0.322007 0.300609 0.317661 0.300609 0.300277 0.301286 0.296326 0.303995 0.291584 0.303995 0.288028 0.306026 0.284868 0.306703 0.27499 0.303995 0.270249 0.303318 0.256025 0.306026 0.25484 0.306703 0.245358 0.311442 0.23548 0.311442 0.225207 0.306026 0.213354 0.299255 0.20229199999999997 0.296547 0.190439 0.293839 0.185302 0.2891 0.180166 0.285714 0.167523 0.285714 0.141841 0.294516 0.112604 0.294516 0.078625 0.293839 0.074674 0.290454 0.067957 0.287068 0.064006 0.28436 0.064797 0.283683 0.064401 0.285714 0.060055 0.285714 0.057685 0.283006 0.056895 0.280975 0.058475 0.278267 0.059265000000000005 0.274204 0.05887 0.270819 0.057685 0.268788 0.057685 0.265403 0.054524
5 0.7352740000000001 0.054919 0.7332429999999999 0.056498999999999994 0.72715 0.05729 0.7237639999999999 0.05966 0.719025 0.059265000000000005 0.7237639999999999 0.061636 0.729858 0.066377 0.727827 0.073489 0.725118 0.077835 0.7244409999999999 0.088898 0.721733 0.093244 0.721733 0.0968 0.719025 0.10154099999999999 0.718348 0.105492 0.718348 0.129593 0.719702 0.135124 0.7244409999999999 0.142236 0.7244409999999999 0.178981 0.72241 0.181746 0.721733 0.185697 0.716317 0.196365 0.7156399999999999 0.20821799999999996 0.713609 0.211379 0.712932 0.21533 0.712932 0.22836800000000002 0.7054840000000001 0.236665 0.702099 0.243382 0.701422 0.25484 0.7034529999999999 0.259581 0.708869 0.265113 0.7122549999999999 0.271829 0.7122549999999999 0.2742 0.7149629999999999 0.278546 0.7156399999999999 0.291584 0.7149629999999999 0.295535 0.712932 0.298696 0.712932 0.306598 0.723087 0.323588 0.7244409999999999 0.329119 0.7244409999999999 0.368234 0.7264730000000001 0.371395 0.72715 0.380877 0.729181 0.384433 0.729858 0.388384 0.729858 0.455156 0.7352740000000001 0.465429 0.7352740000000001 0.47254 0.737982 0.47688700000000006 0.737982 0.480443 0.739336 0.48241800000000007 0.7440760000000001 0.48478899999999997 0.748138 0.48478899999999997 0.759648 0.486764 0.771158 0.49032 0.777928 0.493481 0.787407 0.4998020000000001 0.794177 0.506914 0.796209 0.511655 0.800271 0.514421 0.8056869999999999 0.520348 0.809072 0.527064 0.810427 0.535757 0.817874 0.541288 0.819905 0.544054 0.821259 0.544844 0.85782 0.544844 0.859851 0.540893 0.862559 0.538127 0.863913 0.534571 0.863913 0.523904 0.861882 0.518767 0.861205 0.48755400000000004 0.863236 0.48360300000000006 0.867299 0.47925699999999993 0.867299 0.477677 0.870684 0.47688700000000006 0.871361 0.477282 0.875423 0.47412099999999996 0.881517 0.463058 0.8828709999999999 0.45239 0.882194 0.42591899999999994 0.880162 0.421573 0.8767770000000001 0.408139 0.872038 0.399842 0.870684 0.393125 0.866622 0.387199 0.8652669999999999 0.382062 0.861205 0.376531 0.860528 0.37258 0.856466 0.366653 0.8530809999999999 0.357961 0.850372 0.3548 0.849018 0.349269 0.8449559999999999 0.343343 0.840894 0.333465 0.8368310000000001 0.311734 0.8341230000000001 0.302647 0.8341230000000001 0.298696 0.832092 0.293165 0.831415 0.267878 0.828707 0.261557 0.827353 0.249309 0.822613 0.23982600000000004 0.821259 0.23429499999999998 0.818551 0.23034400000000002 0.8165200000000001 0.222837 0.811104 0.21256400000000003 0.810427 0.208613 0.8077180000000002 0.20466200000000004 0.8056869999999999 0.19676 0.802302 0.191624 0.801625 0.187278 0.79824 0.178981 0.797563 0.157645 0.798917 0.148953 0.798917 0.128013 0.801625 0.12050600000000002 0.800948 0.109838 0.802979 0.104307 0.802979 0.095219 0.800948 0.089293 0.800948 0.084552 0.7955310000000001 0.075069 0.792146 0.072699 0.7867300000000002 0.066772 0.777928 0.062031 0.773189 0.06242600000000001 0.769804 0.061636 0.767773 0.060055 0.76371 0.058475 0.7657410000000001 0.056104 0.76371 0.05531400000000001 0.75694 0.05531400000000001 0.7549089999999999 0.056104 0.748815 0.054919 0.7447529999999999 0.055709
4 0.339878 0.35164 0.333108 0.355196 0.326337 0.360727 0.310765 0.370605 0.306026 0.376136 0.299255 0.380877 0.293839 0.386804 0.290454 0.39352 0.290454 0.395891 0.28436 0.402608 0.280975 0.40497799999999995 0.280298 0.41367 0.264049 0.43263499999999994 0.257278 0.438957 0.238321 0.462663 0.22884199999999996 0.471355 0.228165 0.474516 0.222749 0.483208 0.218009 0.495851 0.210562 0.505729 0.209208 0.512446 0.2065 0.517977 0.197698 0.52983 0.194313 0.537337 0.188896 0.543264 0.18348 0.547215 0.176032 0.551166 0.17467800000000003 0.557092 0.172647 0.559858 0.169939 0.560253 0.169262 0.561043 0.172647 0.561833 0.17467800000000003 0.565389 0.177387 0.567365 0.185511 0.57013 0.199729 0.570525 0.212593 0.572106 0.224103 0.572106 0.23155 0.572896 0.237644 0.575662 0.240352 0.578823 0.239675 0.580008 0.234936 0.581588 0.23155 0.58633 0.22681100000000004 0.590281 0.221395 0.596602 0.215978 0.600553 0.209885 0.607665 0.202437 0.613591 0.198375 0.618728 0.18957300000000002 0.62584 0.173324 0.642434 0.166554 0.647175 0.161814 0.652311 0.149628 0.662189 0.137441 0.673647 0.134056 0.675622 0.12119200000000001 0.68787 0.117129 0.690636 0.11035900000000001 0.698143 0.102234 0.704465 0.096141 0.710786 0.086662 0.718688 0.080569 0.7258 0.081246 0.732122 0.083277 0.734097 0.088693 0.736468 0.098172 0.738838 0.104265 0.738838 0.117129 0.741209 0.123223 0.743975 0.126608 0.748716 0.127285 0.751877 0.129993 0.753852 0.129993 0.755433 0.134056 0.755433 0.145565 0.753852 0.15369 0.754247 0.155721 0.755038 0.159783 0.761359 0.157075 0.76294 0.15369 0.767286 0.139472 0.776373 0.126608 0.788226 0.12119200000000001 0.792177 0.115775 0.798894 0.11239 0.801264 0.10900499999999999 0.806006 0.102911 0.8119319999999999 0.100203 0.816673 0.097495 0.818649 0.095464 0.8225999999999999 0.09140100000000001 0.8265510000000001 0.09004699999999999 0.830107 0.085308 0.8364280000000001 0.0826 0.838404 0.079215 0.8439349999999999 0.076506 0.845911 0.063643 0.861715 0.060257 0.86448 0.058903 0.867641 0.054164 0.872382 0.053487 0.874753 0.050102 0.877519 0.04807 0.8814700000000001 0.029113 0.9032000000000001 0.027082 0.907151 0.013541 0.92335 0.012186999999999998 0.9269059999999999 0.008802 0.930067 0.008125 0.9320430000000001 0.002708 0.9371789999999999 0.005416 0.94034 0.012186999999999998 0.9450810000000001 0.021666000000000005 0.949032 0.025728 0.951798 0.029113 0.952588 0.033175 0.954959 0.037915 0.9565390000000001 0.042654 0.960095 0.046039 0.9612799999999999 0.056872 0.962861 0.064997 0.966021 0.084631 0.9691819999999999 0.150982 0.9691819999999999 0.166554 0.971158 0.170616 0.971158 0.177387 0.972738 0.185511 0.973528 0.19295899999999996 0.9755040000000001 0.196344 0.9774790000000001 0.198375 0.983011 0.201083 0.984591 0.21394699999999997 0.986567 0.240352 0.986567 0.242383 0.984196 0.242383 0.97906 0.239675 0.9755040000000001 0.240352 0.972738 0.24306 0.969972 0.247123 0.967602 0.255247 0.966021 0.27759 0.965626 0.283683 0.967602 0.285714 0.971158 0.285714 0.9747140000000001 0.287068 0.9778740000000001 0.291808 0.9822199999999999 0.297901 0.986171 0.305349 0.989727 0.316181 0.9932829999999999 0.334462 0.995259 0.35748099999999994 0.993678 0.362898 0.9909129999999999 0.369668 0.989332 0.37237599999999993 0.9877520000000001 0.386594 0.986171 0.394042 0.983406 0.409614 0.983011 0.41503 0.98143 0.44278899999999993 0.98064 0.475288 0.98143 0.475965 0.9822199999999999 0.482735 0.983406 0.49086 0.9826159999999999 0.503047 0.984591 0.506432 0.984591 0.510494 0.986171 0.521327 0.987357 0.537576 0.993678 0.554502 0.993678 0.561273 0.9928879999999999 0.56872 0.9901219999999998 0.571429 0.9885420000000001 0.572783 0.986171 0.571429 0.9826159999999999 0.567366 0.9798499999999999 0.563981 0.9755040000000001 0.564658 0.9648360000000001 0.570752 0.96049 0.576845 0.9589099999999999 0.580907 0.9565390000000001 0.585647 0.9557490000000001 0.599188 0.955354 0.623561 0.9557490000000001 0.634394 0.957724 0.638456 0.9608849999999999 0.638456 0.978665 0.635748 0.9853810000000001 0.635748 0.9901219999999998 0.637102 0.9924929999999998 0.63981 0.993678 0.660799 0.994469 0.668246 0.995654 0.675017 0.998024 0.693297 0.997629 0.700745 0.9960490000000001 0.713609 0.9964440000000001 0.716317 0.995259 0.727827 0.9932829999999999 0.737305 0.9881470000000001 0.7447529999999999 0.986567 0.750169 0.983406 0.758971 0.9822199999999999 0.76371 0.9802449999999999 0.778605 0.978665 0.781991 0.9770840000000001 0.788084 0.976294 0.794177 0.976294 0.798917 0.9755040000000001 0.811781 0.976294 0.819228 0.9774790000000001 0.827353 0.9798499999999999 0.832092 0.9798499999999999 0.8375080000000001 0.98143 0.842248 0.98143 0.8436019999999999 0.9822199999999999 0.847664 0.9822199999999999 0.850372 0.983011 0.880162 0.983011 0.886933 0.9822199999999999 0.890995 0.98064 0.8950580000000001 0.98064 0.9065670000000001 0.978665 0.920785 0.9719479999999999 0.923494 0.966416 0.92891 0.9612799999999999 0.94042 0.9557490000000001 0.949221 0.9482419999999999 0.959377 0.948637 0.9729179999999998 0.944686 0.97698 0.940735 0.989844 0.9320430000000001 0.9966150000000001 0.930462 0.9966150000000001 0.928092 0.990521 0.92098 0.98849 0.917029 0.983751 0.912288 0.9749490000000001 0.899249 0.965471 0.888582 0.958023 0.877914 0.927556 0.842355 0.926879 0.840379 0.920785 0.834848 0.9126609999999998 0.8225999999999999 0.895735 0.802055 0.891672 0.798894 0.888964 0.794943 0.882194 0.789411 0.878808 0.785065 0.8551120000000001 0.768076 0.8659439999999999 0.762544 0.871361 0.758593 0.8761000000000001 0.753062 0.881517 0.749901 0.8835479999999999 0.747136 0.889641 0.74437 0.8943810000000001 0.741209 0.901151 0.739234 0.9052129999999999 0.739234 0.9140149999999999 0.737653 0.920108 0.735678 0.923494 0.733702 0.926879 0.729356 0.926879 0.725405 0.922139 0.722639 0.920108 0.718293 0.91063 0.708811 0.899797 0.700514 0.895735 0.695377 0.884225 0.68629 0.88084 0.681944 0.867976 0.672066 0.861882 0.66535 0.8530809999999999 0.659028 0.849695 0.654682 0.8442789999999999 0.651126 0.841571 0.647965 0.836154 0.644014 0.8341230000000001 0.640853 0.8259990000000001 0.634532 0.820582 0.628605 0.812458 0.621889 0.8056869999999999 0.614382 0.7860530000000001 0.596207 0.7840219999999999 0.592651 0.7772510000000001 0.585934 0.7752199999999999 0.582774 0.7650640000000001 0.578427 0.7657410000000001 0.576847 0.769127 0.574872 0.779282 0.572106 0.792146 0.572501 0.806364 0.571711 0.812458 0.570525 0.821936 0.57013 0.829384 0.567365 0.8368310000000001 0.561438 0.833446 0.557882 0.832092 0.553931 0.826676 0.551956 0.826676 0.548795 0.828707 0.546424 0.832092 0.544449 0.838186 0.544844 0.841571 0.543659 0.827353 0.533386 0.818551 0.523508 0.809749 0.5081 0.8043330000000001 0.493481 0.798917 0.48597399999999996 0.79824 0.48360300000000006 0.788761 0.47530599999999995 0.773866 0.458317 0.764387 0.44093200000000005 0.7549089999999999 0.43263499999999994 0.751523 0.426709 0.7440760000000001 0.419992 0.731889 0.403793 0.7156399999999999 0.389964 0.710223 0.384038 0.7054840000000001 0.374951 0.6966820000000001 0.364283 0.689912 0.361122 0.688558 0.359147 0.681787 0.354405 0.683142 0.357566 0.682464 0.357961 0.679079 0.357961 0.665538 0.355196 0.658768 0.3548 0.643196 0.355196 0.624915 0.357961 0.535545 0.357961 0.522004 0.356381 0.41706200000000004 0.356381 0.410291 0.356776 0.404875 0.357961 0.365606 0.357961 0.36019 0.356776 0.354096 0.356776 0.34868 0.352035 0.34394 0.354405 0.339201 0.355591 0.338524 0.355196 0.340555 0.35243
7 0.690589 0.349664 0.688558 0.346898 0.685173 0.344923 0.669601 0.342157 0.662153 0.342552 0.655383 0.345713 0.576168 0.345713 0.567366 0.347294 0.535545 0.347294 0.529452 0.345713 0.475965 0.345713 0.46716299999999994 0.347294 0.425863 0.347294 0.419093 0.348874 0.41299899999999995 0.348874 0.402844 0.347294 0.366283 0.347294 0.3513879999999999 0.344133 0.34394 0.343738 0.339201 0.344923 0.335816 0.346898 0.333785 0.349664 0.333785 0.35243 0.335816 0.355196 0.339878 0.357566 0.360867 0.361912 0.39810399999999996 0.361912 0.40826000000000007 0.363493 0.423832 0.363493 0.430603 0.361912 0.47190299999999996 0.361912 0.480704 0.360332 0.524035 0.360332 0.530129 0.361912 0.572106 0.361912 0.580907 0.360332 0.671632 0.360332 0.685173 0.357171 0.689912 0.353615
1 0.861882 0.541683 0.859851 0.538917 0.856466 0.536942 0.851726 0.535757 0.8449559999999999 0.536152 0.8375080000000001 0.538917 0.831415 0.540103 0.82803 0.542078 0.8259990000000001 0.544844 0.8259990000000001 0.55077 0.819905 0.553141 0.815166 0.553536 0.8056869999999999 0.555907 0.794177 0.555907 0.773866 0.560253 0.758971 0.568945 0.7522 0.575267 0.7522 0.580798 0.758971 0.586725 0.752877 0.592256 0.746107 0.595022 0.73392 0.597787 0.7237639999999999 0.598973 0.7048070000000001 0.598973 0.671632 0.595812 0.654705 0.595812 0.641165 0.598973 0.622884 0.60964 0.614083 0.610826 0.567366 0.610826 0.559242 0.607665 0.551117 0.60648 0.55044 0.605689 0.553148 0.600553 0.553148 0.583959 0.551117 0.579218 0.548409 0.575662 0.544347 0.573291 0.533514 0.570921 0.503724 0.570921 0.498984 0.572106 0.484089 0.580798 0.473934 0.593046 0.473257 0.600553 0.458362 0.599368 0.446852 0.597392 0.377793 0.597392 0.365606 0.599368 0.349357 0.600948 0.329722 0.600948 0.31889 0.602529 0.308057 0.602529 0.299255 0.600948 0.276236 0.600948 0.26608 0.596602 0.274204 0.590676 0.278944 0.582774 0.278944 0.576452 0.275559 0.570525 0.270819 0.56697 0.266757 0.565784 0.256601 0.564204 0.23155 0.564204 0.215301 0.562623 0.177387 0.553931 0.172647 0.553931 0.167908 0.555117 0.163169 0.558672 0.162492 0.562623 0.164523 0.565389 0.168585 0.56776 0.209885 0.577242 0.22681100000000004 0.578823 0.253216 0.579218 0.253216 0.581588 0.245768 0.587515 0.239675 0.595812 0.239675 0.599763 0.24441400000000002 0.605689 0.24779999999999996 0.607665 0.264726 0.614382 0.269465 0.615567 0.294516 0.615567 0.303318 0.617147 0.323629 0.617147 0.334462 0.615567 0.354773 0.615567 0.370345 0.613987 0.38253200000000004 0.612011 0.442112 0.612011 0.4536220000000001 0.613987 0.469871 0.615567 0.478673 0.615567 0.484089 0.617147 0.488829 0.617147 0.493568 0.615962 0.49830700000000006 0.612406 0.498984 0.596602 0.505078 0.58949 0.511848 0.585539 0.526743 0.585539 0.528097 0.586725 0.528097 0.597392 0.525389 0.603319 0.522681 0.60648 0.522681 0.60964 0.524712 0.612406 0.535545 0.618728 0.540284 0.620308 0.549763 0.621493 0.555179 0.623864 0.561273 0.625444 0.618822 0.625444 0.631686 0.623864 0.636425 0.622679 0.65606 0.611221 0.659445 0.610431 0.666892 0.610431 0.700068 0.613591 0.728504 0.613591 0.738659 0.612406 0.759648 0.607665 0.767773 0.604504 0.771835 0.602134 0.781991 0.593441 0.7846989999999999 0.5887 0.7846989999999999 0.584354 0.779282 0.578032 0.788761 0.572501 0.798917 0.570525 0.811781 0.570525 0.819905 0.568155 0.82803 0.567365 0.8347999999999999 0.565389 0.8375080000000001 0.565389 0.842248 0.564204 0.8463100000000001 0.561833 0.850372 0.557092 0.851049 0.551561 0.859851 0.547215 0.861882 0.544449
1 0.930941 0.726985 0.92891 0.72422 0.9228169999999999 0.721454 0.909953 0.721059 0.9052129999999999 0.722244 0.901828 0.72422 0.900474 0.72659 0.895735 0.729356 0.8835479999999999 0.733307 0.8740689999999999 0.739629 0.85782 0.74437 0.838186 0.74437 0.833446 0.745555 0.82803 0.748716 0.822613 0.756618 0.822613 0.759779 0.8246450000000001 0.762149 0.8246450000000001 0.764125 0.817197 0.770842 0.782668 0.770842 0.772512 0.768076 0.7332429999999999 0.760964 0.708869 0.760964 0.6966820000000001 0.76373 0.681787 0.772422 0.671632 0.776768 0.641842 0.784275 0.624238 0.785855 0.610697 0.785855 0.601896 0.78467 0.587001 0.779534 0.58497 0.777163 0.58497 0.772027 0.582938 0.769261 0.57346 0.761754 0.565335 0.757013 0.560596 0.755828 0.537576 0.755828 0.522004 0.757803 0.515911 0.760174 0.505755 0.757408 0.490183 0.755828 0.473257 0.752667 0.4576839999999999 0.752667 0.444821 0.757013 0.441435 0.758989 0.43737299999999996 0.76294 0.428571 0.768076 0.425186 0.772027 0.424509 0.777163 0.418416 0.775978 0.406229 0.775978 0.388626 0.770446 0.381855 0.768866 0.373731 0.768076 0.36019 0.764125 0.354773 0.764125 0.341232 0.765705 0.320921 0.770051 0.306026 0.772422 0.269465 0.772422 0.245091 0.769656 0.230873 0.765705 0.209885 0.763335 0.203791 0.760964 0.19363600000000003 0.758593 0.17874100000000004 0.753062 0.17197 0.747926 0.1652 0.744765 0.151659 0.74437 0.146919 0.745555 0.144211 0.747136 0.139472 0.740419 0.131347 0.734097 0.127285 0.731727 0.11035900000000001 0.726195 0.096141 0.72422 0.08733900000000001 0.724615 0.081246 0.72738 0.079215 0.730146 0.079215 0.732912 0.081246 0.735678 0.084631 0.737653 0.08937 0.738838 0.10088000000000001 0.740024 0.111713 0.74358 0.117806 0.748321 0.11916 0.751482 0.126608 0.760174 0.133378 0.76452 0.138118 0.765705 0.145565 0.765705 0.150305 0.76452 0.156398 0.760964 0.161814 0.76452 0.175355 0.768866 0.179418 0.771237 0.18957300000000002 0.773212 0.198375 0.776768 0.21327 0.779139 0.225457 0.780324 0.23561300000000002 0.783485 0.264049 0.787041 0.310765 0.787041 0.32566 0.78467 0.34394 0.780719 0.356127 0.779139 0.364929 0.781904 0.376439 0.783485 0.40148999999999996 0.790597 0.413676 0.790597 0.420447 0.792177 0.429926 0.792177 0.442112 0.789411 0.448206 0.785855 0.450237 0.78309 0.450237 0.776373 0.4576839999999999 0.772027 0.460393 0.769261 0.464455 0.767286 0.4685170000000001 0.767286 0.485443 0.770446 0.500339 0.772027 0.505078 0.773607 0.515234 0.775583 0.522681 0.775188 0.532837 0.771632 0.542316 0.770446 0.552471 0.770446 0.559919 0.776373 0.559919 0.779929 0.564658 0.787436 0.574137 0.792572 0.593094 0.798499 0.605958 0.800474 0.628978 0.800474 0.650643 0.798104 0.686527 0.789016 0.69736 0.784275 0.710223 0.776373 0.713609 0.775583 0.728504 0.775583 0.761679 0.781509 0.777928 0.78546 0.828707 0.785065 0.831415 0.784275 0.838186 0.779534 0.850372 0.767286 0.850372 0.758989 0.863236 0.758989 0.890995 0.751087 0.8950580000000001 0.748716 0.898443 0.745555 0.9052129999999999 0.74358 0.9146920000000001 0.738838 0.918077 0.738838 0.9228169999999999 0.737653 0.92891 0.734097 0.930941 0.731331
1 0.999323 0.9182139999999999 0.9932300000000001 0.917819 0.98849 0.9190039999999999 0.9851049999999999 0.92098 0.983074 0.9237460000000001 0.983074 0.925326 0.978334 0.928092 0.9749490000000001 0.931252 0.9587 0.935994 0.949221 0.935994 0.9438049999999999 0.934413 0.926202 0.934413 0.911307 0.9371789999999999 0.9052129999999999 0.94113 0.900474 0.9458710000000001 0.899797 0.952983 0.901828 0.9557490000000001 0.9146920000000001 0.961675 0.91063 0.9644410000000001 0.9045359999999999 0.9648360000000001 0.8862560000000002 0.970367 0.881517 0.971158 0.819228 0.971158 0.7833450000000001 0.967602 0.767095 0.967602 0.750169 0.972343 0.72241 0.983011 0.708869 0.984591 0.6966820000000001 0.9881470000000001 0.684496 0.989332 0.664861 0.989332 0.645227 0.983801 0.64455 0.974318 0.650643 0.969972 0.653351 0.9668120000000001 0.65606 0.9608849999999999 0.655383 0.955354 0.654028 0.9537730000000001 0.641842 0.947056 0.637102 0.9458710000000001 0.620853 0.944291 0.584292 0.944291 0.567366 0.949032 0.555856 0.9557490000000001 0.551117 0.963651 0.551117 0.9668120000000001 0.558565 0.9826159999999999 0.555179 0.984591 0.549763 0.984591 0.542993 0.9826159999999999 0.528097 0.981035 0.519296 0.97906 0.504401 0.9770840000000001 0.49221400000000004 0.974318 0.473934 0.974318 0.459039 0.972738 0.445498 0.972738 0.440081 0.971158 0.42247799999999996 0.971158 0.410291 0.973133 0.400135 0.976294 0.379147 0.9782690000000002 0.369668 0.9798499999999999 0.359513 0.9826159999999999 0.34732599999999997 0.984591 0.329045 0.984591 0.31889 0.983406 0.314827 0.981035 0.312119 0.9782690000000002 0.308734 0.971158 0.303318 0.9648360000000001 0.297901 0.961675 0.280975 0.9561440000000001 0.268111 0.954563 0.259986 0.954563 0.251185 0.9561440000000001 0.24170600000000003 0.96049 0.239675 0.963256 0.239675 0.972343 0.236967 0.9818249999999998 0.23358200000000004 0.9822199999999999 0.221395 0.9794549999999999 0.217332 0.9778740000000001 0.207177 0.9719479999999999 0.19905199999999998 0.9687869999999998 0.185511 0.9648360000000001 0.147596 0.9612799999999999 0.108328 0.9612799999999999 0.08733900000000001 0.958119 0.045362 0.9482419999999999 0.036561 0.9454760000000001 0.017603 0.9379689999999999 0.005416 0.934413 0 0.9348080000000001 0 0.949427 0.030467000000000004 0.96049 0.081923 0.972738 0.10358799999999999 0.975899 0.142857 0.975899 0.177387 0.97906 0.19295899999999996 0.984196 0.20176000000000002 0.989727 0.21462400000000004 0.994073 0.23155 0.997234 0.24847700000000003 0.997234 0.253216 0.9960490000000001 0.257278 0.993678 0.262018 0.984986 0.264726 0.9751090000000001 0.264726 0.969972 0.267434 0.9695769999999999 0.273527 0.970367 0.282329 0.973528 0.285037 0.976294 0.288422 0.983801 0.291808 0.9877520000000001 0.295193 0.9905179999999999 0.305349 0.9964440000000001 0.310088 0.997629 0.324306 0.9992100000000002 0.352065 0.9992100000000002 0.386594 0.9924929999999998 0.406229 0.9909129999999999 0.41977 0.986962 0.454299 0.987357 0.469194 0.988937 0.48679799999999995 0.988937 0.506432 0.9928879999999999 0.514557 0.993678 0.522681 0.995654 0.537576 0.997234 0.544347 0.9992100000000002 0.563304 0.9992100000000002 0.576168 0.994864 0.582938 0.9909129999999999 0.58497 0.9881470000000001 0.58497 0.9818249999999998 0.576845 0.965626 0.577522 0.9640460000000001 0.582938 0.9608849999999999 0.589709 0.9589099999999999 0.616114 0.9589099999999999 0.628301 0.960095 0.629655 0.9608849999999999 0.627624 0.963256 0.62153 0.967602 0.619499 0.970367 0.619499 0.986567 0.626947 0.995654 0.631009 0.998024 0.635748 0.9992100000000002 0.641842 0.999605 0.7142860000000001 0.999605 0.719025 0.9984200000000001 0.728504 0.997629 0.737305 0.995259 0.761679 0.9857760000000001 0.773189 0.9822199999999999 0.79824 0.983801 0.8144889999999999 0.9857760000000001 0.8862560000000002 0.9857760000000001 0.897089 0.983801 0.9126609999999998 0.97906 0.9228169999999999 0.978665 0.92891 0.975899 0.9336489999999998 0.9715529999999999 0.94042 0.967602 0.942451 0.9648360000000001 0.942451 0.956934 0.94042 0.954168 0.937035 0.952193 0.932972 0.951008 0.9343259999999999 0.9502169999999999 0.9641159999999999 0.9506119999999999 0.990521 0.9431050000000001 0.9966150000000001 0.939154 0.999323 0.938759
2 0.579553 0.002371 0.571429 0.001976 0.562627 0.003161 0.556534 0.004741 0.553148 0.006717000000000001 0.551117 0.009482 0.551794 0.013432999999999999 0.556534 0.016989 0.56195 0.01857 0.559919 0.022126 0.559242 0.034374 0.551794 0.041486 0.551117 0.044646 0.547055 0.047017 0.545024 0.049783 0.539607 0.05057299999999999 0.53216 0.053734 0.516588 0.05808000000000001 0.511171 0.062031 0.508463 0.065587 0.507786 0.068352 0.505755 0.067167 0.503047 0.063611 0.498984 0.061241 0.494245 0.060055 0.49086 0.05808000000000001 0.46716299999999994 0.050968000000000006 0.461747 0.050178 0.454299 0.043856 0.450237 0.03793 0.44752900000000007 0.024891 0.444821 0.017384 0.444821 0.009482 0.44278899999999993 0.006717000000000001 0.4366959999999999 0.003951 0.429926 0.0035560000000000006 0.425186 0.004741 0.420447 0.008297 0.41977 0.02015 0.42247799999999996 0.027657000000000004 0.425186 0.040695 0.4292480000000001 0.047412 0.433311 0.052153000000000005 0.43805000000000005 0.055709 0.441435 0.060055 0.444821 0.062031 0.45633 0.064401 0.475288 0.069933 0.47935 0.072303 0.48341200000000006 0.073489 0.484766 0.075464 0.489506 0.07902 0.494245 0.087317 0.494245 0.117345 0.496276 0.12011100000000001 0.50237 0.12287599999999999 0.511171 0.12287599999999999 0.513879 0.122086 0.518619 0.11853000000000001 0.519296 0.106677 0.522004 0.102726 0.526743 0.090478 0.530806 0.085737 0.530806 0.075464 0.532837 0.073489 0.533514 0.071118 0.536222 0.070328 0.540284 0.067562 0.547732 0.065192 0.557211 0.063611 0.563981 0.05966 0.567366 0.056498999999999994 0.574137 0.05333899999999999 0.575491 0.051758 0.576168 0.046622 0.581584 0.041881 0.58497 0.035559 0.58497 0.025286 0.587678 0.02094 0.587678 0.007902 0.585647 0.005136
6 0.287068 0.058475 0.282329 0.05966 0.278944 0.061636 0.276913 0.064401 0.276913 0.082576 0.279621 0.091663 0.279621 0.09917 0.276913 0.11023300000000001 0.276913 0.167918 0.279621 0.179376 0.285714 0.186488 0.287745 0.193599 0.291131 0.199921 0.296547 0.20584699999999997 0.296547 0.209403 0.298578 0.21177400000000002 0.293839 0.21651499999999999 0.294516 0.22046600000000002 0.301286 0.22836800000000002 0.304672 0.23034400000000002 0.309411 0.231529 0.31415 0.231529 0.31889 0.23034400000000002 0.322275 0.22836800000000002 0.324306 0.22560299999999997 0.324306 0.209008 0.321598 0.20584699999999997 0.320921 0.201501 0.316858 0.197155 0.312796 0.190834 0.309411 0.181351 0.303995 0.174635 0.301963 0.165152 0.301963 0.112999 0.304672 0.10193600000000001 0.304672 0.088898 0.301963 0.07981 0.301963 0.064401 0.299932 0.061636 0.296547 0.05966 0.291808 0.058475
6 0.729181 0.062031 0.7244409999999999 0.062031 0.719702 0.063216 0.716317 0.065192 0.7142860000000001 0.067957 0.7142860000000001 0.071908 0.716994 0.079415 0.716994 0.092849 0.7142860000000001 0.102726 0.7142860000000001 0.153694 0.711578 0.160806 0.711578 0.189253 0.708869 0.19597 0.7054840000000001 0.201106 0.7054840000000001 0.20308199999999998 0.700068 0.210984 0.700068 0.214145 0.702099 0.21691 0.7054840000000001 0.218886 0.710223 0.220071 0.7149629999999999 0.220071 0.719702 0.218886 0.725796 0.21533 0.727827 0.21256400000000003 0.727827 0.210589 0.730535 0.207428 0.730535 0.20387200000000003 0.736628 0.192414 0.736628 0.163572 0.739336 0.15646 0.739336 0.105492 0.7420449999999998 0.095614 0.7420449999999998 0.07665 0.740014 0.069538 0.737305 0.065192 0.73392 0.063216
6 0.148274 0.4796520000000001 0.148274 0.482813 0.150305 0.485579 0.15369 0.48755400000000004 0.158429 0.48874000000000006 0.163169 0.48874000000000006 0.177387 0.485184 0.196344 0.485184 0.20853100000000002 0.486764 0.215978 0.490715 0.218687 0.49387600000000004 0.22478 0.497432 0.22951900000000003 0.498617 0.234259 0.498617 0.238998 0.497432 0.242383 0.49545599999999995 0.24441400000000002 0.49269100000000005 0.24441400000000002 0.483208 0.242383 0.480443 0.238998 0.478467 0.234259 0.477282 0.22884199999999996 0.477282 0.225457 0.47530599999999995 0.21462400000000004 0.472145 0.201083 0.470565 0.172647 0.470565 0.161814 0.47254 0.15369 0.474911 0.150305 0.47688700000000006
6 0.771158 0.49110999999999994 0.773189 0.49387600000000004 0.776574 0.495851 0.781313 0.497037 0.7860530000000001 0.497037 0.792146 0.49545599999999995 0.817197 0.485184 0.8246450000000001 0.485184 0.832769 0.486764 0.8449559999999999 0.49150499999999997 0.851726 0.4919 0.856466 0.490715 0.859851 0.48874000000000006 0.861882 0.48597399999999996 0.861882 0.481628 0.859851 0.478862 0.856466 0.47688700000000006 0.849695 0.475701 0.842925 0.47254 0.836154 0.472145 0.829384 0.470565 0.810427 0.470565 0.802979 0.47254 0.777928 0.482813 0.771835 0.487159
2 0.333785 0.311339 0.334462 0.31529 0.339201 0.318846 0.353419 0.321612 0.41299899999999995 0.321612 0.44617499999999993 0.323588 0.667569 0.323588 0.672986 0.325168 0.677725 0.325168 0.682464 0.323983 0.68585 0.322007 0.687881 0.319241 0.687204 0.311734 0.682464 0.308179 0.677725 0.306993 0.672986 0.306993 0.666892 0.308969 0.450914 0.308969 0.4177390000000001 0.306993 0.35815800000000003 0.306993 0.349357 0.305413 0.34394 0.305413 0.339201 0.306598 0.335816 0.308574