0 0.741722 0.013889 0.682119 0.010417 0.675497 0.003472 0.649007 0 0.655629 0.017361 0.642384 0.020833 0.642384 0.041667 0.622517 0.072917 0.562914 0.135417 0.543046 0.145833 0.423841 0.076389 0.384106 0.027778 0.390728 0.017361 0.377483 0.003472 0.291391 0.006944 0.245033 0.027778 0.238411 0.024306 0.271523 0.038194 0.291391 0.069444 0.304636 0.159722 0.331126 0.215278 0.344371 0.22569399999999998 0.350993 0.298611 0.43046400000000007 0.305556 0.668874 0.302083 0.662252 0.25 0.721854 0.159722 0.728477 0.086806 0.781457 0.034722
5 0.238411 0.03125 0.125828 0.090278 0.125828 0.097222 0.046358 0.131944 0.0066229999999999995 0.138889 0.0066229999999999995 0.145833 0.019868 0.149306 0.046358 0.177083 0.10596 0.177083 0.125828 0.1875 0.125828 0.208333 0.10596 0.21875 0.092715 0.21875 0.10596 0.236111 0.139073 0.24652799999999997 0.22516600000000003 0.253472 0.218543 0.28125 0.205298 0.288194 0.238411 0.295139 0.317881 0.295139 0.337748 0.288194 0.344371 0.270833 0.337748 0.22569399999999998 0.324503 0.215278 0.298013 0.159722 0.278146 0.055556 0.264901 0.038194
5 0.788079 0.038194 0.735099 0.086806 0.728477 0.159722 0.668874 0.25 0.675497 0.291667 0.721854 0.28125 0.721854 0.263889 0.741722 0.256944 0.84106 0.256944 0.887417 0.236111 0.860927 0.22569399999999998 0.854305 0.208333 0.9337749999999999 0.177083 0.953642 0.177083 0.9271520000000001 0.152778 0.847682 0.114583
4 0.350993 0.302083 0.317881 0.326389 0.278146 0.392361 0.264901 0.399306 0.198675 0.538194 0.125828 0.767361 0.092715 0.90625 0.092715 0.9513890000000002 0.066225 0.9722219999999999 0.119205 0.9826390000000002 0.238411 0.9826390000000002 0.264901 0.993056 0.370861 0.993056 0.390728 0.9861109999999998 0.4437090000000001 0.993056 0.596026 0.993056 0.622517 0.9861109999999998 0.655629 0.9965280000000001 0.715232 0.9861109999999998 0.847682 0.9861109999999998 0.880795 0.975694 0.953642 0.9722219999999999 0.980132 0.961806 0.980132 0.9375 0.9668870000000002 0.930556 0.9668870000000002 0.885417 0.9271520000000001 0.770833 0.907285 0.75 0.907285 0.725694 0.880795 0.6875 0.84106 0.579861 0.827815 0.572917 0.821192 0.541667 0.807947 0.527778 0.807947 0.510417 0.788079 0.47916700000000007 0.788079 0.45138900000000004 0.721854 0.364583 0.721854 0.347222 0.708609 0.340278 0.715232 0.336806 0.695364 0.319444 0.662252 0.305556 0.43046400000000007 0.309028
2 0.370861 0 0.364238 0.010417 0.377483 0.041667 0.437086 0.100694 0.516556 0.149306 0.536424 0.15625 0.562914 0.15625 0.668874 0.024306 0.668874 0 0.649007 0.003472 0.635762 0.03125 0.609272 0.052083 0.576159 0.09375 0.576159 0.107639 0.549669 0.131944 0.529801 0.131944 0.437086 0.072917 0.437086 0.0625 0.410596 0.045139 0.390728 0.003472
2 0.397351 0.045139 0.384106 0.045139 0.324503 0.076389 0.317881 0.086806 0.291391 0.097222 0.284768 0.114583 0.311258 0.114583 0.403974 0.055556
2 0.642384 0.041667 0.635762 0.055556 0.682119 0.083333 0.695364 0.107639 0.708609 0.114583 0.728477 0.114583 0.721854 0.090278 0.688742 0.059028 0.655629 0.041667
7 0.344371 0.295139 0.344371 0.302083 0.490066 0.315972 0.589404 0.315972 0.675497 0.309028 0.675497 0.298611 0.516556 0.305556 0.410596 0.298611 0.377483 0.291667
1 0.9867550000000002 0.9548609999999998 0.9668870000000002 0.9513890000000002 0.9403969999999999 0.9652780000000001 0.880795 0.96875 0.84106 0.9791669999999999 0.708609 0.9791669999999999 0.688742 0.9861109999999998 0.523179 0.9826390000000002 0.48344400000000004 0.9895830000000001 0.384106 0.9791669999999999 0.350993 0.9895830000000001 0.271523 0.9861109999999998 0.258278 0.9791669999999999 0.11258300000000002 0.9722219999999999 0.092715 0.961806 0.072848 0.9652780000000001 0.072848 0.975694 0.11258300000000002 0.9861109999999998 0.238411 0.9895830000000001 0.251656 0.9965280000000001 0.708609 0.9965280000000001 0.728477 0.9895830000000001 0.821192 0.993056 0.9470200000000001 0.9791669999999999 0.9867550000000002 0.96875
6 0.245033 0.027778 0.238411 0.038194 0.264901 0.059028 0.278146 0.083333 0.278146 0.114583 0.304636 0.118056 0.291391 0.048611 0.258278 0.027778
6 0.794702 0.038194 0.774834 0.038194 0.708609 0.100694 0.715232 0.111111 0.741722 0.107639 0.768212 0.072917 0.801325 0.048611