0 0.171569 0.064897 0.17647100000000002 0.072271 0.17647100000000002 0.10029500000000001 0.181373 0.12389400000000002 0.205882 0.185841 0.20833300000000002 0.215339 0.215686 0.227139 0.215686 0.24188799999999996 0.223039 0.255162 0.227941 0.286136 0.240196 0.300885 0.240196 0.30826 0.25 0.327434 0.247549 0.415929 0.294118 0.426254 0.316176 0.426254 0.33823499999999995 0.430678 0.370098 0.432153 0.379902 0.435103 0.495098 0.435103 0.57598 0.432153 0.732843 0.42035400000000006 0.732843 0.40560499999999994 0.7279409999999998 0.39823 0.7279409999999998 0.359882 0.7450980000000001 0.297935 0.7573529999999999 0.274336 0.762255 0.250737 0.7696080000000001 0.240413 0.779412 0.181416 0.791667 0.138643 0.794118 0.094395 0.79902 0.085546 0.79902 0.069322 0.803922 0.057522 0.784314 0.057522 0.7696080000000001 0.053097 0.75 0.053097 0.710784 0.042773 0.6911760000000001 0.042773 0.6715690000000001 0.035398 0.654412 0.033923 0.625 0.020649 0.620098 0.013274 0.602941 0.0014749999999999997 0.588235 0.004425 0.558824 0.020649 0.52451 0.033923 0.5 0.04719799999999999 0.487745 0.057522 0.482843 0.057522 0.47549 0.04867300000000001 0.46323499999999995 0.041298 0.392157 0.014749 0.36519599999999997 0.0014749999999999997 0.357843 0.0014749999999999997 0.323529 0.029499 0.296569 0.041298 0.281863 0.041298 0.240196 0.053097 0.193627 0.058997 0.178922 0.064897
4 0.247549 0.417404 0.242647 0.436578 0.23529400000000003 0.44247800000000004 0.230392 0.4675520000000001 0.196078 0.535398 0.18872500000000003 0.570796 0.178922 0.587021 0.17402 0.619469 0.164216 0.635693 0.164216 0.651917 0.151961 0.675516 0.147059 0.715339 0.11764700000000002 0.809735 0.090686 0.939528 0.088235 0.9660769999999999 0.098039 0.9719760000000001 0.127451 0.977876 0.220588 0.985251 0.227941 0.9823010000000001 0.232843 0.9690270000000001 0.259804 0.942478 0.321078 0.9365780000000001 0.340686 0.954277 0.355392 0.986726 0.36519599999999997 0.992625 0.3774509999999999 0.9955750000000001 0.622549 0.99705 0.6323529999999999 0.9940999999999999 0.688725 0.9940999999999999 0.7303919999999999 0.985251 0.7573529999999999 0.985251 0.8431370000000001 0.9705010000000001 0.860294 0.964602 0.872549 0.964602 0.916667 0.951327 0.9215690000000001 0.9483780000000002 0.9215690000000001 0.933628 0.884804 0.806785 0.884804 0.786136 0.862745 0.724189 0.8529409999999998 0.682891 0.82598 0.625369 0.79902 0.553097 0.791667 0.544248 0.767157 0.488201 0.737745 0.436578 0.735294 0.42035400000000006 0.708333 0.42477899999999996 0.676471 0.42477899999999996 0.57598 0.43362800000000007 0.495098 0.436578 0.379902 0.436578 0.370098 0.43362800000000007 0.33823499999999995 0.432153 0.316176 0.427729 0.294118 0.427729
5 0.147059 0.063422 0.125 0.067847 0.102941 0.078171 0.102941 0.10177000000000001 0.088235 0.115044 0.093137 0.135693 0.08088200000000001 0.147493 0.08088200000000001 0.165192 0.095588 0.184366 0.090686 0.19764 0.090686 0.243363 0.08578399999999999 0.24778800000000004 0.083333 0.268437 0.07598 0.274336 0.07598 0.297935 0.08088200000000001 0.30826 0.073529 0.315634 0.071078 0.334808 0.05882400000000001 0.346608 0.07598 0.358407 0.102941 0.390855 0.17402 0.412979 0.203431 0.412979 0.232843 0.402655 0.22549 0.370206 0.223039 0.306785 0.21813699999999997 0.29941 0.21813699999999997 0.277286 0.223039 0.275811 0.223039 0.264012 0.213235 0.24188799999999996 0.213235 0.227139 0.205882 0.215339 0.203431 0.185841 0.178922 0.12389400000000002 0.17402 0.10029500000000001 0.17402 0.072271 0.16666699999999998 0.064897
5 0.7279409999999998 0.386431 0.72549 0.40413 0.7303919999999999 0.40413 0.833333 0.05604699999999999 0.806373 0.057522 0.801471 0.069322 0.789216 0.163717 0.7818629999999999 0.181416 0.7720590000000002 0.240413 0.759804 0.264012 0.77451 0.269912 0.7720590000000002 0.275811 0.779412 0.283186 0.779412 0.29941 0.7696080000000001 0.312684 0.764706 0.334808 0.747549 0.368732 0.747549 0.37905600000000006 0.7549019999999999 0.38348099999999996 0.77451 0.382006 0.791667 0.386431 0.8088239999999999 0.386431 0.821078 0.390855 0.848039 0.390855 0.862745 0.380531 0.89951 0.374631 0.914216 0.364307 0.92402 0.364307 0.936275 0.356932 0.955882 0.321534 0.9534309999999999 0.323009 0.938725 0.318584 0.919118 0.30236 0.9068629999999999 0.256637 0.909314 0.227139 0.8970590000000002 0.20944 0.8970590000000002 0.172566 0.892157 0.165192 0.892157 0.147493 0.89951 0.140118 0.89951 0.129794 0.8946080000000001 0.126844 0.892157 0.117994 0.8799019999999999 0.10177000000000001 0.8799019999999999 0.079646 0.848039 0.058997
2 0.357843 0.0029499999999999995 0.357843 0.00885 0.3725490000000001 0.017699 0.387255 0.020649 0.419118 0.035398 0.43137299999999995 0.036873 0.458333 0.053097 0.458333 0.057522 0.477941 0.069322 0.492647 0.067847 0.509804 0.054572 0.561275 0.023598999999999995 0.568627 0.023598999999999995 0.580882 0.017699 0.588235 0.017699 0.615196 0.00885 0.615196 0 0.583333 0 0.568627 0.0029499999999999995 0.553922 0.010324 0.544118 0.011799 0.482843 0.04719799999999999 0.460784 0.030973000000000004 0.397059 0.005899999999999999 0.387255 0.004425 0.379902 0 0.362745 0
2 0.487745 0.069322 0.47549 0.069322 0.426471 0.094395 0.39951 0.103245 0.301471 0.159292 0.262255 0.19616500000000003 0.259804 0.202065 0.247549 0.21091399999999996 0.24509799999999998 0.218289 0.22549 0.23451299999999997 0.22549 0.238938 0.215686 0.249263 0.215686 0.258112 0.220588 0.261062 0.240196 0.259587 0.240196 0.253687 0.254902 0.235988 0.269608 0.22418900000000003 0.272059 0.21681400000000003 0.32598 0.166667 0.357843 0.150442 0.401961 0.12241900000000001 0.42402 0.11209399999999999 0.441176 0.10767 0.492647 0.081121 0.492647 0.072271
2 0.49019599999999997 0.070796 0.482843 0.075221 0.482843 0.081121 0.52451 0.10914499999999999 0.573529 0.129794 0.605392 0.138643 0.678922 0.178466 0.6838239999999999 0.185841 0.715686 0.20944 0.72549 0.22418900000000003 0.732843 0.228614 0.7426470000000001 0.252212 0.7450980000000001 0.271386 0.75 0.274336 0.764706 0.274336 0.7696080000000001 0.271386 0.7696080000000001 0.256637 0.764706 0.252212 0.7573529999999999 0.222714 0.747549 0.215339 0.740196 0.20354000000000003 0.705882 0.176991 0.698529 0.168142 0.617647 0.125369 0.588235 0.116519 0.561275 0.10472 0.551471 0.103245 0.504902 0.072271
2 0.6715690000000001 0.154867 0.664216 0.150442 0.642157 0.150442 0.620098 0.154867 0.580882 0.156342 0.568627 0.159292 0.441176 0.160767 0.392157 0.159292 0.387255 0.156342 0.34558800000000006 0.156342 0.335784 0.153392 0.323529 0.153392 0.316176 0.157817 0.316176 0.163717 0.335784 0.171091 0.421569 0.174041 0.558824 0.174041 0.6299019999999999 0.169617 0.634804 0.166667 0.666667 0.163717 0.6715690000000001 0.160767
7 0.740196 0.412979 0.735294 0.410029 0.710784 0.410029 0.705882 0.412979 0.688725 0.41445400000000004 0.681373 0.417404 0.6470590000000002 0.417404 0.598039 0.423304 0.568627 0.423304 0.558824 0.426254 0.41176500000000005 0.42920400000000003 0.3774509999999999 0.423304 0.313725 0.42035400000000006 0.306373 0.417404 0.294118 0.417404 0.27451 0.412979 0.24509799999999998 0.412979 0.237745 0.417404 0.237745 0.423304 0.242647 0.426254 0.330882 0.435103 0.335784 0.43805299999999997 0.367647 0.43805299999999997 0.392157 0.44247800000000004 0.487745 0.443953 0.60049 0.439528 0.612745 0.435103 0.661765 0.430678 0.7303919999999999 0.430678 0.737745 0.426254
1 0.375 0.988201 0.3725490000000001 0.973451 0.360294 0.9587019999999999 0.360294 0.951327 0.348039 0.939528 0.348039 0.929204 0.343137 0.926254 0.335784 0.902655 0.328431 0.8982300000000001 0.32598 0.8849560000000001 0.31862700000000005 0.880531 0.313725 0.868732 0.306373 0.8643070000000002 0.296569 0.8643070000000002 0.289216 0.868732 0.276961 0.8849560000000001 0.247549 0.939528 0.240196 0.9454279999999999 0.240196 0.960177 0.227941 0.977876 0.181373 0.977876 0.161765 0.9705010000000001 0.142157 0.9690270000000001 0.102941 0.957227 0.090686 0.957227 0.083333 0.961652 0.083333 0.9675519999999999 0.093137 0.973451 0.12254899999999999 0.9793509999999999 0.137255 0.985251 0.14951 0.985251 0.16666699999999998 0.99115 0.232843 0.992625 0.262255 0.9587019999999999 0.262255 0.952802 0.272059 0.9454279999999999 0.286765 0.9129790000000001 0.301471 0.893805 0.306373 0.905605 0.313725 0.9115039999999999 0.321078 0.933628 0.32598 0.9365780000000001 0.32598 0.9469029999999999 0.34558800000000006 0.974926 0.348039 0.988201 0.352941 0.99115 0.370098 0.99115
1 0.252451 0.9483780000000002 0.242647 0.9483780000000002 0.227941 0.960177 0.215686 0.9823010000000001 0.215686 0.988201 0.220588 0.99115 0.23529400000000003 0.99115 0.240196 0.988201 0.242647 0.9793509999999999 0.257353 0.961652 0.257353 0.951327 0.931373 0.938053 0.926471 0.9351029999999999 0.916667 0.9351029999999999 0.904412 0.942478 0.884804 0.943953 0.865196 0.951327 0.79902 0.964602 0.786765 0.964602 0.7696080000000001 0.9705010000000001 0.7450980000000001 0.9719760000000001 0.7279409999999998 0.977876 0.715686 0.977876 0.698529 0.9823010000000001 0.676471 0.983776 0.669118 0.986726 0.6446080000000001 0.989676 0.401961 0.99115 0.38480400000000003 0.988201 0.375 0.983776 0.360294 0.983776 0.352941 0.988201 0.352941 0.9955750000000001 0.357843 0.998525 0.698529 0.998525 0.764706 0.985251 0.779412 0.985251 0.801471 0.977876 0.8161760000000001 0.977876 0.845588 0.9719760000000001 0.8553919999999999 0.9675519999999999 0.8799019999999999 0.964602 0.8970590000000002 0.957227 0.919118 0.955752 0.931373 0.951327
6 0.178922 0.066372 0.171569 0.070796 0.171569 0.141593 0.181373 0.174041 0.181373 0.19469 0.193627 0.22123900000000002 0.196078 0.24188799999999996 0.20098 0.246313 0.19852899999999998 0.253687 0.20833300000000002 0.262537 0.223039 0.262537 0.227941 0.259587 0.227941 0.24483800000000003 0.223039 0.24188799999999996 0.215686 0.227139 0.215686 0.21091399999999996 0.205882 0.187316 0.205882 0.168142 0.193627 0.131268 0.193627 0.069322 0.18872500000000003 0.066372
6 0.8088239999999999 0.058997 0.79902 0.058997 0.791667 0.063422 0.786765 0.09292 0.7818629999999999 0.182891 0.77451 0.19469 0.77451 0.20649 0.7696080000000001 0.21386399999999997 0.7696080000000001 0.228614 0.764706 0.233038 0.7573529999999999 0.255162 0.7573529999999999 0.264012 0.762255 0.266962 0.776961 0.266962 0.7818629999999999 0.264012 0.7818629999999999 0.255162 0.791667 0.235988 0.791667 0.222714 0.7965690000000001 0.218289 0.79902 0.20059000000000002 0.806373 0.188791 0.8088239999999999 0.10914499999999999 0.813725 0.097345 0.813725 0.06194700000000001