0 0.320088 0.024934 0.317881 0.09317600000000001 0.322296 0.137795 0.333333 0.161417 0.333333 0.175853 0.344371 0.19685 0.344371 0.20997400000000002 0.348786 0.216535 0.355408 0.257218 0.589404 0.25853 0.600442 0.24540700000000001 0.609272 0.204724 0.613687 0.199475 0.613687 0.19160099999999997 0.624724 0.166667 0.629139 0.115486 0.635762 0.10105 0.635762 0.02231 0.593819 0.013123 0.582781 0.013123 0.529801 0.0026250000000000006 0.509934 0.007874 0.498896 0.006562 0.498896 0.009186 0.470199 0.010499 0.463576 0.007874 0.448124 0.007874 0.430464 0.0026250000000000006 0.421634 0.0026250000000000006
4 0.596026 0.254593 0.589404 0.259843 0.355408 0.259843 0.346578 0.269029 0.344371 0.284777 0.335541 0.293963 0.333333 0.304462 0.320088 0.32021 0.302428 0.3766399999999999 0.302428 0.400262 0.295806 0.440945 0.291391 0.454068 0.284768 0.4619420000000001 0.278146 0.493438 0.271523 0.503937 0.258278 0.565617 0.251656 0.57874 0.251656 0.590551 0.240618 0.619423 0.236203 0.654856 0.22958100000000004 0.670604 0.22958100000000004 0.682415 0.220751 0.711286 0.220751 0.729659 0.205298 0.745407 0.064018 0.860892 0.00883 0.917323 0.00883 0.922572 0.030905 0.933071 0.046358 0.934383 0.05298 0.937008 0.06181 0.934383 0.075055 0.934383 0.090508 0.939633 0.11479 0.940945 0.12362 0.9488190000000001 0.125828 0.958005 0.136865 0.958005 0.169978 0.968504 0.18763799999999997 0.971129 0.207506 0.971129 0.231788 0.967192 0.245033 0.967192 0.249448 0.971129 0.249448 0.980315 0.291391 0.980315 0.302428 0.97769 0.328918 0.97769 0.337748 0.980315 0.350993 0.9895009999999999 0.362031 0.992126 0.381898 0.992126 0.406181 0.981627 0.41721899999999995 0.979003 0.430464 0.979003 0.443709 0.981627 0.450331 0.985564 0.452539 0.992126 0.456954 0.994751 0.476821 0.993438 0.490066 0.9895009999999999 0.509934 0.9895009999999999 0.525386 0.993438 0.536424 0.993438 0.547461 0.988189 0.556291 0.980315 0.571744 0.9763780000000001 0.600442 0.97769 0.615894 0.9895009999999999 0.646799 0.990814 0.660044 0.980315 0.675497 0.973753 0.730684 0.9763780000000001 0.735099 0.9698159999999999 0.748344 0.9619419999999999 0.790287 0.96063 0.871965 0.951444 0.8896250000000001 0.934383 0.924945 0.9291340000000001 0.9470199999999999 0.917323 0.98234 0.914698 0.995585 0.909449 0.993377 0.9015749999999999 0.975717 0.885827 0.966887 0.871391 0.9470199999999999 0.853018 0.907285 0.8215220000000001 0.887417 0.811024 0.8830019999999998 0.80315 0.860927 0.791339 0.856512 0.782152 0.847682 0.782152 0.8234 0.765092 0.812362 0.754593 0.810155 0.7467189999999999 0.785872 0.727034 0.759382 0.713911 0.7505519999999999 0.694226 0.741722 0.654856 0.735099 0.644357 0.735099 0.631234 0.724062 0.604987 0.724062 0.597113 0.7174389999999999 0.586614 0.715232 0.568241 0.704194 0.543307 0.704194 0.534121 0.699779 0.528871 0.690949 0.49475100000000005 0.675497 0.469816 0.668874 0.452756 0.664459 0.42388500000000007 0.657837 0.412073 0.651214 0.38189 0.640177 0.363517 0.635762 0.34252000000000005 0.624724 0.326772 0.624724 0.317585 0.613687 0.296588 0.613687 0.282152 0.609272 0.276903 0.609272 0.270341
5 0.622517 0.01706 0.6181019999999999 0.018373 0.629139 0.02231 0.637969 0.028870999999999997 0.637969 0.10105 0.631347 0.115486 0.626932 0.166667 0.622517 0.171916 0.622517 0.181102 0.611479 0.204724 0.602649 0.24540700000000001 0.596026 0.253281 0.611479 0.270341 0.611479 0.276903 0.615894 0.282152 0.615894 0.296588 0.626932 0.317585 0.626932 0.326772 0.637969 0.34252000000000005 0.6423840000000001 0.363517 0.649007 0.371391 0.655629 0.388451 0.660044 0.412073 0.666667 0.42388500000000007 0.668874 0.44357 0.677704 0.442257 0.682119 0.437008 0.701987 0.433071 0.713024 0.433071 0.721854 0.435696 0.726269 0.391076 0.730684 0.388451 0.763797 0.38713900000000007 0.772627 0.38189 0.777042 0.38189 0.779249 0.377953 0.785872 0.375328 0.788079 0.370079 0.794702 0.370079 0.810155 0.354331 0.8145699999999999 0.345144 0.8145699999999999 0.328084 0.794702 0.301837 0.785872 0.255906 0.774834 0.23621999999999999 0.754967 0.215223 0.735099 0.17979 0.719647 0.12336 0.713024 0.114173 0.708609 0.090551 0.701987 0.08399 0.701987 0.072178 0.693157 0.059054999999999996 0.690949 0.045931999999999994 0.684327 0.038058 0.6732890000000001 0.031496 0.664459 0.028870999999999997 0.657837 0.030184000000000002 0.649007 0.020997 0.644592 0.024934 0.629139 0.020997
5 0.322296 0.024934 0.298013 0.026247 0.28697600000000006 0.032808 0.284768 0.03937 0.280353 0.041995 0.273731 0.041995 0.267108 0.04724400000000001 0.264901 0.059054999999999996 0.256071 0.069554 0.220751 0.182415 0.16777 0.262467 0.16556300000000002 0.295276 0.14348800000000003 0.325459 0.14128 0.333333 0.147903 0.358268 0.156733 0.368766 0.161148 0.366142 0.181015 0.3766399999999999 0.183223 0.38320199999999993 0.192053 0.388451 0.22958100000000004 0.391076 0.233996 0.39895 0.233996 0.435696 0.253863 0.435696 0.264901 0.439633 0.271523 0.439633 0.289183 0.450131 0.298013 0.41601 0.300221 0.3766399999999999 0.315673 0.324147 0.33112600000000003 0.304462 0.333333 0.293963 0.342163 0.284777 0.344371 0.269029 0.355408 0.25853 0.350993 0.253281 0.342163 0.19685 0.33112600000000003 0.175853 0.33112600000000003 0.161417 0.320088 0.137795 0.315673 0.074803 0.317881 0.028870999999999997
2 0.624724 0.095801 0.611479 0.090551 0.600442 0.090551 0.589404 0.086614 0.551876 0.085302 0.509934 0.09317600000000001 0.503311 0.098425 0.479029 0.107612 0.426049 0.090551 0.37527599999999994 0.090551 0.359823 0.09448800000000002 0.33112600000000003 0.10629899999999999 0.322296 0.112861 0.322296 0.119423 0.326711 0.12336 0.342163 0.12336 0.359823 0.112861 0.3863130000000001 0.103675 0.412804 0.103675 0.428256 0.107612 0.445916 0.115486 0.456954 0.11679799999999999 0.46136900000000003 0.120735 0.472406 0.12336 0.490066 0.12336 0.501104 0.11679799999999999 0.509934 0.115486 0.516556 0.110236 0.520971 0.110236 0.527594 0.10498700000000001 0.560706 0.099738 0.598234 0.103675 0.607064 0.111549 0.6181019999999999 0.112861 0.624724 0.110236
2 0.410596 0.009186 0.415011 0.013123 0.4415009999999999 0.020997 0.496689 0.02231 0.514349 0.01706 0.520971 0.01706 0.534216 0.009186 0.536424 0.0026250000000000006 0.534216 0 0.509934 0 0.496689 0.006562 0.487859 0.006562 0.481236 0.009186 0.463576 0.009186 0.456954 0.006562 0.448124 0.006562 0.430464 0 0.419426 0 0.412804 0.0026250000000000006
7 0.759382 0.711286 0.739514 0.707349 0.730684 0.711286 0.664459 0.717848 0.644592 0.723097 0.549669 0.727034 0.368653 0.724409 0.350993 0.7204720000000001 0.280353 0.717848 0.245033 0.7125979999999998 0.236203 0.708661 0.222958 0.709974 0.218543 0.717848 0.225166 0.724409 0.267108 0.730971 0.3112579999999999 0.732283 0.317881 0.734908 0.344371 0.734908 0.355408 0.737533 0.399558 0.737533 0.408389 0.7401570000000001 0.556291 0.74147 0.593819 0.7401570000000001 0.602649 0.737533 0.651214 0.737533 0.668874 0.732283 0.690949 0.730971 0.715232 0.7257219999999999 0.754967 0.724409 0.759382 0.7204720000000001
1 0.997792 0.9015749999999999 0.99117 0.89895 0.98234 0.89895 0.953642 0.909449 0.935982 0.912073 0.907285 0.923885 0.843267 0.925197 0.827815 0.931759 0.8256070000000001 0.939633 0.830022 0.94357 0.852097 0.947507 0.852097 0.950131 0.757174 0.952756 0.730684 0.971129 0.715232 0.9698159999999999 0.699779 0.964567 0.675497 0.964567 0.664459 0.968504 0.660044 0.973753 0.649007 0.979003 0.631347 0.980315 0.620309 0.97769 0.611479 0.971129 0.589404 0.967192 0.565121 0.972441 0.547461 0.984252 0.516556 0.981627 0.507726 0.984252 0.474614 0.985564 0.467991 0.9829399999999999 0.465784 0.979003 0.432671 0.972441 0.41721899999999995 0.972441 0.37527599999999994 0.984252 0.357616 0.984252 0.33112600000000003 0.971129 0.262693 0.972441 0.253863 0.963255 0.238411 0.958005 0.196468 0.9566930000000001 0.16556300000000002 0.952756 0.161148 0.950131 0.16556300000000002 0.946194 0.16556300000000002 0.93832 0.156733 0.933071 0.119205 0.934383 0.0883 0.930446 0.046358 0.9212599999999999 0.03532 0.913386 0.024283 0.909449 0.011038 0.910761 0.0066229999999999995 0.918635 0.02649 0.931759 0.048565000000000004 0.93832 0.090508 0.946194 0.125828 0.947507 0.125828 0.9553809999999999 0.130243 0.96063 0.14128 0.964567 0.152318 0.964567 0.16556300000000002 0.968504 0.227373 0.971129 0.233996 0.973753 0.233996 0.979003 0.238411 0.9829399999999999 0.256071 0.986877 0.317881 0.984252 0.348786 0.998688 0.384106 0.998688 0.426049 0.986877 0.445916 0.990814 0.459161 0.998688 0.514349 0.998688 0.520971 0.996063 0.534216 0.998688 0.556291 0.998688 0.587196 0.9829399999999999 0.593819 0.9829399999999999 0.604857 0.992126 0.615894 0.992126 0.624724 0.994751 0.649007 0.994751 0.666667 0.990814 0.6865339999999999 0.97769 0.713024 0.984252 0.743929 0.984252 0.7505519999999999 0.981627 0.759382 0.972441 0.779249 0.964567 0.86755 0.963255 0.8830019999999998 0.9566930000000001 0.8830019999999998 0.9422569999999999 0.878587 0.939633 0.880795 0.93832 0.916115 0.93832 0.949227 0.925197 0.96468 0.922572 0.986755 0.914698 0.993377 0.914698 0.997792 0.910761
6 0.317881 0.02231 0.30905099999999996 0.027559 0.302428 0.048556 0.302428 0.112861 0.3112579999999999 0.12336 0.326711 0.12336 0.33112600000000003 0.119423 0.33112600000000003 0.110236 0.324503 0.10498700000000001 0.324503 0.059054999999999996 0.333333 0.038058 0.333333 0.024934 0.326711 0.02231
6 0.649007 0.023622000000000004 0.635762 0.026247 0.626932 0.045931999999999994 0.624724 0.10498700000000001 0.629139 0.108924 0.646799 0.107612 0.651214 0.049869 0.655629 0.043307 0.655629 0.026247
6 0.324503 0.11810999999999999 0.317881 0.115486 0.300221 0.11810999999999999 0.293598 0.125984 0.253863 0.146982 0.236203 0.149606 0.227373 0.153543 0.227373 0.16273 0.247241 0.164042 0.271523 0.158793 0.324503 0.128609
6 0.624724 0.107612 0.624724 0.11810999999999999 0.651214 0.129921 0.664459 0.14042 0.682119 0.145669 0.690949 0.153543 0.701987 0.156168 0.715232 0.156168 0.721854 0.153543 0.724062 0.145669 0.719647 0.141732 0.684327 0.129921 0.6622520000000001 0.115486 0.6423840000000001 0.10629899999999999 0.631347 0.10498700000000001
6 0.233996 0.38976399999999994 0.238411 0.397638 0.302428 0.397638 0.302428 0.388451 0.293598 0.3845140000000001 0.242826 0.3845140000000001
6 0.653422 0.388451 0.653422 0.3937010000000001 0.657837 0.397638 0.675497 0.397638 0.701987 0.392388 0.726269 0.3937010000000001 0.728477 0.38189 0.721854 0.379265 0.688742 0.379265 0.6622520000000001 0.38320199999999993