0 0.513978 0 0.505376 0.032258 0.494624 0.040323 0.473118 0.045161 0.473118 0.051613 0.483871 0.054839 0.498925 0.054839 0.509677 0.061290000000000004 0.51828 0.061290000000000004 0.526882 0.067742 0.529032 0.075806 0.537634 0.082258 0.535484 0.08871 0.529032 0.093548 0.52043 0.093548 0.511828 0.083871 0.511828 0.079032 0.505376 0.077419 0.503226 0.085484 0.492473 0.095161 0.488172 0.106452 0.48172 0.141935 0.498925 0.166129 0.509677 0.174194 0.509677 0.183871 0.505376 0.187097 0.505376 0.220968 0.498925 0.232258 0.505376 0.23709699999999997 0.651613 0.23709699999999997 0.6473120000000001 0.214516 0.649462 0.162903 0.6623660000000001 0.143548 0.664516 0.125806 0.658065 0.114516 0.645161 0.101613 0.63871 0.069355 0.634409 0.062903 0.6258059999999999 0.05806499999999999 0.608602 0.056451999999999995 0.593548 0.046774 0.580645 0.046774 0.565591 0.030645000000000002 0.550538 0.025806 0.537634 0.014516 0.529032 0.014516 0.51828 0
4 0.503226 0.23871 0.451613 0.293548 0.455914 0.3 0.449462 0.317742 0.449462 0.327419 0.453763 0.335484 0.453763 0.356452 0.46021500000000004 0.367742 0.464516 0.390323 0.488172 0.45806499999999994 0.486022 0.4725809999999999 0.462366 0.504839 0.46021500000000004 0.527419 0.406452 0.562903 0.404301 0.575806 0.387097 0.590323 0.356989 0.604839 0.32043 0.633871 0.31828 0.645161 0.324731 0.65 0.335484 0.651613 0.339785 0.654839 0.337634 0.659677 0.23871 0.712903 0.232258 0.722581 0.232258 0.730645 0.23871 0.741935 0.230108 0.75 0.206452 0.76129 0.189247 0.774194 0.184946 0.798387 0.165591 0.808065 0.116129 0.817742 0.10967699999999998 0.816129 0.070968 0.827419 0.04086 0.8483870000000001 0.03871 0.853226 0.025806 0.862903 0.010753 0.864516 0.002151 0.869355 0 0.882258 0.012903 0.904839 0.04086 0.924194 0.060215 0.9338709999999999 0.083871 0.9354840000000001 0.105376 0.925806 0.111828 0.925806 0.124731 0.932258 0.139785 0.932258 0.165591 0.9516130000000002 0.197849 0.9629030000000001 0.268817 0.9629030000000001 0.275269 0.959677 0.283871 0.959677 0.3053759999999999 0.9774189999999999 0.32043 0.982258 0.348387 0.982258 0.367742 0.972581 0.378495 0.972581 0.397849 0.987097 0.419355 0.995161 0.458065 0.995161 0.468817 0.9887099999999999 0.47526900000000005 0.9887099999999999 0.498925 0.998387 0.511828 0.998387 0.524731 0.995161 0.537634 0.983871 0.554839 0.983871 0.578495 0.9919349999999999 0.623656 0.9919349999999999 0.64086 0.9967740000000002 0.67957 0.9967740000000002 0.726882 0.9790320000000001 0.741935 0.980645 0.750538 0.9903230000000001 0.772043 0.9903230000000001 0.778495 0.987097 0.797849 0.985484 0.834409 0.9645159999999999 0.858065 0.9629030000000001 0.888172 0.9467739999999999 0.9204300000000001 0.937097 0.952688 0.9209680000000001 0.982796 0.9 0.9892469999999999 0.877419 0.997849 0.8709679999999999 0.997849 0.8596769999999999 0.888172 0.827419 0.868817 0.819355 0.8602149999999998 0.812903 0.8602149999999998 0.806452 0.873118 0.791935 0.868817 0.775806 0.83871 0.754839 0.802151 0.73871 0.7913979999999999 0.729032 0.795699 0.719355 0.810753 0.703226 0.810753 0.68871 0.787097 0.666129 0.7161289999999999 0.622581 0.7161289999999999 0.616129 0.724731 0.608065 0.722581 0.593548 0.6623660000000001 0.548387 0.660215 0.485484 0.664516 0.47580600000000006 0.666667 0.406452 0.670968 0.398387 0.670968 0.377419 0.677419 0.346774 0.677419 0.308065 0.658065 0.256452 0.655914 0.24193500000000004 0.6473120000000001 0.23871
1 0.391398 0.569355 0.393548 0.577419 0.494624 0.577419 0.503226 0.570968 0.503226 0.564516 0.509677 0.558065 0.529032 0.556452 0.529032 0.543548 0.522581 0.533871 0.546237 0.530645 0.544086 0.51129 0.550538 0.508065 0.5569890000000001 0.512903 0.550538 0.533871 0.5569890000000001 0.540323 0.580645 0.55 0.584946 0.558065 0.578495 0.564516 0.578495 0.572581 0.582796 0.577419 0.6021509999999999 0.583871 0.606452 0.591935 0.6021509999999999 0.598387 0.604301 0.609677 0.623656 0.616129 0.649462 0.616129 0.664516 0.61129 0.666667 0.612903 0.660215 0.620968 0.660215 0.629032 0.666667 0.633871 0.690323 0.633871 0.698925 0.630645 0.705376 0.616129 0.709677 0.620968 0.724731 0.620968 0.726882 0.617742 0.726882 0.606452 0.713978 0.6 0.696774 0.6 0.690323 0.603226 0.677419 0.596774 0.653763 0.596774 0.63871 0.603226 0.6258059999999999 0.6 0.623656 0.583871 0.617204 0.580645 0.617204 0.572581 0.6021509999999999 0.566129 0.604301 0.553226 0.6 0.551613 0.6 0.53871 0.574194 0.529032 0.576344 0.504839 0.563441 0.495161 0.552688 0.491935 0.546237 0.491935 0.524731 0.501613 0.522581 0.517742 0.503226 0.519355 0.498925 0.525806 0.503226 0.541935 0.49032299999999995 0.546774 0.48172 0.564516 0.436559 0.564516 0.430108 0.56129 0.406452 0.56129 0.39569899999999997 0.564516
1 0.584946 0.569355 0.578495 0.564516 0.567742 0.566129 0.565591 0.58871 0.56129 0.591935 0.51828 0.595161 0.513978 0.601613 0.516129 0.612903 0.522581 0.617742 0.539785 0.622581 0.522581 0.630645 0.496774 0.635484 0.470968 0.635484 0.466667 0.632258 0.477419 0.624194 0.477419 0.609677 0.462366 0.604839 0.434409 0.604839 0.423656 0.606452 0.408602 0.614516 0.406452 0.625806 0.41075300000000003 0.632258 0.402151 0.637097 0.391398 0.637097 0.38064500000000007 0.630645 0.35914 0.627419 0.34623699999999996 0.633871 0.339785 0.643548 0.324731 0.645161 0.322581 0.653226 0.329032 0.658065 0.352688 0.658065 0.356989 0.656452 0.363441 0.643548 0.369892 0.643548 0.382796 0.651613 0.408602 0.651613 0.430108 0.640323 0.427957 0.622581 0.44086 0.619355 0.451613 0.620968 0.445161 0.629032 0.445161 0.640323 0.447312 0.643548 0.46021500000000004 0.648387 0.507527 0.648387 0.539785 0.641935 0.546237 0.637097 0.554839 0.635484 0.565591 0.625806 0.565591 0.612903 0.5569890000000001 0.608065 0.569892 0.606452 0.578495 0.603226 0.582796 0.598387
1 0.621505 0.625806 0.610753 0.672581 0.6021509999999999 0.687097 0.6021509999999999 0.701613 0.608602 0.706452 0.627957 0.706452 0.64086 0.703226 0.651613 0.706452 0.655914 0.719355 0.64086 0.733871 0.64086 0.743548 0.645161 0.748387 0.653763 0.751613 0.67957 0.751613 0.709677 0.73871 0.71828 0.73871 0.724731 0.743548 0.7612900000000001 0.743548 0.812903 0.714516 0.815054 0.696774 0.804301 0.695161 0.793548 0.698387 0.7913979999999999 0.706452 0.750538 0.730645 0.737634 0.730645 0.726882 0.724194 0.703226 0.724194 0.668817 0.737097 0.666667 0.735484 0.673118 0.727419 0.673118 0.704839 0.666667 0.693548 0.6473120000000001 0.68871 0.6258059999999999 0.68871 0.63871 0.640323 0.63871 0.629032 0.632258 0.624194
1 0.5569890000000001 0.63871 0.546237 0.637097 0.539785 0.641935 0.539785 0.672581 0.535484 0.690323 0.52043 0.709677 0.507527 0.714516 0.496774 0.722581 0.494624 0.730645 0.498925 0.735484 0.498925 0.743548 0.492473 0.753226 0.470968 0.753226 0.464516 0.75 0.445161 0.729032 0.432258 0.724194 0.41075300000000003 0.724194 0.4 0.729032 0.39569899999999997 0.73871 0.39569899999999997 0.753226 0.4 0.762903 0.389247 0.762903 0.369892 0.754839 0.363441 0.75 0.354839 0.732258 0.339785 0.720968 0.32043 0.712903 0.301075 0.712903 0.294624 0.716129 0.290323 0.722581 0.294624 0.735484 0.292473 0.73871 0.28172 0.733871 0.268817 0.719355 0.255914 0.714516 0.245161 0.714516 0.236559 0.722581 0.236559 0.737097 0.232258 0.73871 0.230108 0.746774 0.236559 0.751613 0.249462 0.751613 0.255914 0.748387 0.260215 0.73871 0.273118 0.75 0.294624 0.756452 0.311828 0.756452 0.32043 0.75 0.32043 0.740323 0.316129 0.733871 0.32043 0.730645 0.339785 0.743548 0.350538 0.764516 0.382796 0.777419 0.415054 0.777419 0.419355 0.772581 0.419355 0.756452 0.415054 0.741935 0.421505 0.737097 0.436559 0.745161 0.451613 0.762903 0.464516 0.767742 0.498925 0.767742 0.511828 0.762903 0.516129 0.758065 0.51828 0.729032 0.533333 0.724194 0.552688 0.701613 0.5569890000000001 0.682258
1 0.513978 0.762903 0.507527 0.758065 0.496774 0.759677 0.477419 0.78871 0.453763 0.806452 0.427957 0.812903 0.415054 0.819355 0.402151 0.8322579999999999 0.402151 0.841935 0.382796 0.8483870000000001 0.369892 0.8483870000000001 0.337634 0.841935 0.335484 0.817742 0.326882 0.808065 0.316129 0.803226 0.27957 0.801613 0.270968 0.804839 0.260215 0.816129 0.23871 0.787097 0.223656 0.774194 0.215054 0.770968 0.204301 0.770968 0.193548 0.775806 0.176344 0.795161 0.174194 0.803226 0.180645 0.808065 0.193548 0.806452 0.202151 0.793548 0.210753 0.787097 0.223656 0.798387 0.24086 0.825806 0.258065 0.837097 0.277419 0.837097 0.283871 0.817742 0.298925 0.816129 0.307527 0.817742 0.31828 0.827419 0.309677 0.83871 0.311828 0.85 0.333333 0.8580649999999999 0.352688 0.8612900000000001 0.397849 0.8612900000000001 0.415054 0.856452 0.421505 0.85 0.421505 0.837097 0.43871 0.825806 0.458065 0.822581 0.477419 0.812903 0.503226 0.78871 0.513978 0.769355
1 0 0.866129 0 0.895161 0.032258 0.9306449999999998 0.045161 0.937097 0.103226 0.937097 0.113978 0.9338709999999999 0.144086 0.953226 0.172043 0.9645159999999999 0.275269 0.9645159999999999 0.290323 0.970968 0.294624 0.9758060000000001 0.316129 0.983871 0.363441 0.983871 0.38064500000000007 0.9790320000000001 0.397849 0.9919349999999999 0.415054 0.998387 0.533333 0.998387 0.550538 0.9919349999999999 0.56129 0.9919349999999999 0.5870969999999999 0.998387 0.692473 0.998387 0.711828 0.9967740000000002 0.729032 0.9887099999999999 0.754839 0.9935480000000001 0.793548 0.9919349999999999 0.832258 0.9758060000000001 0.845161 0.9661290000000001 0.8602149999999998 0.9645159999999999 0.8903229999999999 0.954839 0.95914 0.925806 0.978495 0.91129 0.997849 0.8887099999999999 0.997849 0.866129 0.991398 0.867742 0.974194 0.8887099999999999 0.941935 0.914516 0.868817 0.945161 0.830108 0.954839 0.812903 0.9661290000000001 0.787097 0.9774189999999999 0.763441 0.9790320000000001 0.726882 0.972581 0.705376 0.982258 0.686022 0.983871 0.593548 0.983871 0.569892 0.9774189999999999 0.544086 0.9774189999999999 0.516129 0.987097 0.501075 0.987097 0.49032299999999995 0.983871 0.46021500000000004 0.983871 0.443011 0.9887099999999999 0.412903 0.980645 0.397849 0.967742 0.389247 0.9645159999999999 0.365591 0.9645159999999999 0.350538 0.970968 0.326882 0.970968 0.311828 0.9645159999999999 0.307527 0.959677 0.286022 0.9516130000000002 0.187097 0.9516130000000002 0.163441 0.943548 0.124731 0.9193549999999999 0.105376 0.9193549999999999 0.092473 0.924194 0.058065 0.924194 0.03871 0.91129 0.017204 0.887097 0.015054000000000001 0.866129
1 0.6623660000000001 0.75 0.664516 0.764516 0.670968 0.772581 0.673118 0.787097 0.683871 0.81129 0.694624 0.81129 0.698925 0.814516 0.7161289999999999 0.817742 0.733333 0.817742 0.746237 0.824194 0.741935 0.837097 0.746237 0.8435479999999999 0.752688 0.8467739999999999 0.769892 0.8467739999999999 0.778495 0.8435479999999999 0.787097 0.8338710000000001 0.789247 0.825806 0.802151 0.817742 0.808602 0.819355 0.810753 0.8306450000000001 0.830108 0.8306450000000001 0.8602149999999998 0.814516 0.877419 0.790323 0.877419 0.777419 0.866667 0.775806 0.862366 0.777419 0.847312 0.8 0.83871 0.806452 0.832258 0.808065 0.825806 0.803226 0.795699 0.803226 0.774194 0.812903 0.767742 0.824194 0.763441 0.814516 0.748387 0.806452 0.707527 0.8 0.698925 0.793548 0.690323 0.779032 0.688172 0.764516 0.68172 0.756452 0.68172 0.746774 0.668817 0.745161
1 0.52043 0.24354799999999996 0.513978 0.24838700000000002 0.516129 0.324194 0.522581 0.348387 0.522581 0.36129 0.531183 0.383871 0.539785 0.396774 0.548387 0.42258100000000004 0.5569890000000001 0.433871 0.582796 0.491935 0.606452 0.529032 0.636559 0.55 0.660215 0.554839 0.664516 0.553226 0.664516 0.540323 0.6473120000000001 0.535484 0.621505 0.517742 0.615054 0.509677 0.589247 0.456452 0.584946 0.4532260000000001 0.576344 0.429032 0.565591 0.41451599999999994 0.5569890000000001 0.387097 0.548387 0.375806 0.546237 0.362903 0.539785 0.353226 0.533333 0.295161 0.533333 0.25 0.531183 0.245161
2 0.511828 0.0016129999999999999 0.511828 0.009677 0.51828 0.019355 0.533333 0.029032 0.55914 0.040323 0.574194 0.040323 0.576344 0.030645000000000002 0.5720430000000001 0.025806 0.55914 0.022581 0.554839 0.017742 0.544086 0.014516 0.529032 0