0 0.440252 0 0.433962 0.018779 0.41823899999999997 0.032864 0.40251600000000004 0.032864 0.377358 0.046948000000000004 0.358491 0.049296 0.330189 0.06338 0.308176 0.079812 0.308176 0.09154900000000002 0.352201 0.107981 0.40251600000000004 0.11737100000000002 0.41195 0.129108 0.41195 0.225352 0.4465410000000001 0.284038 0.4465410000000001 0.328638 0.465409 0.33568100000000006 0.509434 0.330986 0.572327 0.307512 0.597484 0.293427 0.647799 0.316901 0.676101 0.321596 0.672956 0.258216 0.679245 0.251174 0.679245 0.223005 0.698113 0.192488 0.698113 0.164319 0.688679 0.138498 0.666667 0.122066 0.654088 0.103286 0.663522 0.093897 0.679245 0.089202 0.688679 0.077465 0.660377 0.058685 0.616352 0.042254 0.556604 0.035211 0.528302 0.007042 0.468553 0.00939 0.45283 0
5 0.305031 0.089202 0.301887 0.107981 0.273585 0.150235 0.248428 0.173709 0.242138 0.187793 0.254717 0.206573 0.305031 0.23708900000000002 0.305031 0.265258 0.314465 0.269953 0.371069 0.274648 0.380503 0.262911 0.383648 0.241784 0.408805 0.225352 0.408805 0.129108 0.40251600000000004 0.119718 0.336478 0.105634 0.308176 0.093897
4 0.676101 0.323944 0.647799 0.319249 0.597484 0.295775 0.572327 0.309859 0.509434 0.333333 0.465409 0.33802800000000005 0.449686 0.330986 0.396226 0.370892 0.352201 0.43662 0.18239 0.6338030000000001 0.037736 0.760563 0.034591 0.774648 0.044025 0.798122 0.0031449999999999994 0.8262909999999999 0 0.838028 0.025157 0.859155 0.050314 0.894366 0.097484 0.920188 0.163522 0.92723 0.194969 0.938967 0.22327 0.938967 0.298742 0.964789 0.36478 0.967136 0.4056600000000001 0.9835680000000001 0.430818 0.9835680000000001 0.440252 0.988263 0.600629 0.988263 0.628931 0.997653 0.704403 0.995305 0.773585 0.971831 0.8490569999999998 0.971831 0.896226 0.953052 0.9874210000000001 0.901408 0.9968549999999999 0.880282 0.9874210000000001 0.868545 0.971698 0.8661969999999999 0.9779869999999999 0.8286379999999999 0.90566 0.723005 0.8710689999999999 0.64554 0.861635 0.6338030000000001 0.767296 0.441315 0.713836 0.361502
7 0.676101 0.316901 0.647799 0.314554 0.610063 0.298122 0.603774 0.29108 0.591195 0.29108 0.572327 0.305164 0.528302 0.323944 0.484277 0.330986 0.468553 0.330986 0.45283 0.323944 0.443396 0.323944 0.440252 0.33568100000000006 0.459119 0.342723 0.515723 0.340376 0.575472 0.321596 0.597484 0.307512 0.647799 0.328638 0.672956 0.328638
2 0.443396 0 0.443396 0.004695 0.462264 0.016432 0.518868 0.021127 0.531447 0.014085 0.528302 0.004695 0.512579 0.004695 0.503145 0.00939 0.465409 0
2 0.41823899999999997 0.032864 0.4150940000000001 0.042254 0.433962 0.049296 0.474843 0.077465 0.484277 0.079812 0.559748 0.14554 0.578616 0.187793 0.584906 0.192488 0.591195 0.230047 0.603774 0.232394 0.606918 0.093897 0.600629 0.077465 0.600629 0.056338 0.59434 0.051643 0.59434 0.044601 0.58805 0.039906 0.575472 0.042254 0.575472 0.056338 0.584906 0.065728 0.584906 0.08450700000000001 0.591195 0.100939 0.58805 0.161972 0.575472 0.138498 0.550314 0.112676 0.537736 0.105634 0.534591 0.098592 0.45283 0.042254 0.433962 0.032864
2 0.679245 0.260563 0.644654 0.246479 0.606918 0.220657 0.581761 0.21831 0.550314 0.23474200000000003 0.522013 0.244131 0.5 0.258216 0.459119 0.269953 0.440252 0.269953 0.4371070000000001 0.279343 0.468553 0.28169 0.522013 0.265258 0.534591 0.255869 0.58805 0.232394 0.597484 0.232394 0.619497 0.251174 0.644654 0.265258 0.676101 0.269953
7 0.308176 0.086854 0.308176 0.093897 0.327044 0.107981 0.389937 0.119718 0.474843 0.119718 0.490566 0.115023 0.525157 0.112676 0.522013 0.103286 0.481132 0.103286 0.462264 0.107981 0.399371 0.107981 0.352201 0.100939 0.320755 0.08450700000000001
7 0.698113 0.075117 0.68239 0.07277 0.628931 0.093897 0.600629 0.096244 0.59434 0.100939 0.59434 0.107981 0.606918 0.11032900000000001 0.638365 0.105634 0.691824 0.086854 0.698113 0.08216
1 0.006289 0.847418 0.012579 0.875587 0.037736 0.894366 0.056604 0.892019 0.110063 0.92723 0.11949700000000002 0.92723 0.125786 0.920188 0.147799 0.931925 0.20125800000000002 0.938967 0.220126 0.9460090000000001 0.23899400000000004 0.9460090000000001 0.245283 0.92723 0.298742 0.948357 0.327044 0.964789 0.374214 0.9788729999999999 0.578616 0.9812210000000001 0.606918 0.995305 0.619497 0.997653 0.710692 0.997653 0.732704 0.992958 0.764151 0.9788729999999999 0.798742 0.971831 0.805031 0.967136 0.842767 0.960094 0.886792 0.960094 0.921384 0.934272 0.959119 0.922535 0.9654090000000001 0.915493 0.971698 0.915493 0.9968549999999999 0.901408 0.9937109999999999 0.880282 0.9654090000000001 0.901408 0.937107 0.915493 0.90566 0.924883 0.8742140000000002 0.948357 0.833333 0.948357 0.801887 0.953052 0.754717 0.967136 0.72956 0.9788729999999999 0.716981 0.9788729999999999 0.710692 0.9835680000000001 0.685535 0.988263 0.644654 0.988263 0.616352 0.9835680000000001 0.600629 0.971831 0.58805 0.969484 0.383648 0.967136 0.342767 0.955399 0.308176 0.93662 0.242138 0.910798 0.213836 0.913146 0.20754700000000004 0.92723 0.166667 0.922535 0.144654 0.915493 0.097484 0.884977 0.072327 0.884977 0.025157 0.84507
1 0.600629 0.302817 0.58805 0.305164 0.58805 0.342723 0.578616 0.370892 0.578616 0.396714 0.556604 0.460094 0.544025 0.478873 0.534591 0.518779 0.490566 0.643192 0.477987 0.659624 0.477987 0.669014 0.468553 0.683099 0.465409 0.704225 0.4371070000000001 0.755869 0.41823899999999997 0.779343 0.4150940000000001 0.79108 0.389937 0.816901 0.367925 0.849765 0.314465 0.875587 0.27673 0.873239 0.144654 0.838028 0.13522 0.830986 0.13522 0.798122 0.160377 0.765258 0.226415 0.701878 0.251572 0.683099 0.251572 0.678404 0.301887 0.626761 0.323899 0.589202 0.352201 0.561033 0.386792 0.50939 0.393082 0.492958 0.40251600000000004 0.485915 0.4371070000000001 0.43662 0.4465410000000001 0.415493 0.503145 0.349765 0.503145 0.333333 0.493711 0.333333 0.4371070000000001 0.399061 0.421384 0.429577 0.374214 0.49060999999999994 0.367925 0.507042 0.339623 0.542254 0.330189 0.561033 0.308176 0.58216 0.283019 0.622066 0.232704 0.678404 0.216981 0.687793 0.132075 0.769953 0.11949700000000002 0.79108 0.11949700000000002 0.838028 0.128931 0.847418 0.22327 0.870892 0.235849 0.877934 0.283019 0.884977 0.292453 0.889671 0.333333 0.884977 0.371069 0.8661969999999999 0.393082 0.847418 0.396226 0.835681 0.4276730000000001 0.802817 0.433962 0.7863849999999999 0.468553 0.737089 0.481132 0.7112680000000001 0.493711 0.666667 0.503145 0.657277 0.525157 0.600939 0.559748 0.485915 0.572327 0.467136 0.59434 0.403756 0.606918 0.307512
1 0.606918 0.305164 0.603774 0.319249 0.622642 0.342723 0.641509 0.380282 0.654088 0.43427199999999994 0.654088 0.453052 0.663522 0.478873 0.663522 0.502347 0.672956 0.521127 0.672956 0.539906 0.688679 0.603286 0.704403 0.84507 0.713836 0.852113 0.735849 0.859155 0.751572 0.870892 0.757862 0.870892 0.783019 0.887324 0.845912 0.873239 0.883648 0.870892 0.899371 0.8661969999999999 0.962264 0.8638499999999999 0.9874210000000001 0.840376 0.9842770000000001 0.830986 0.971698 0.830986 0.949686 0.852113 0.8899369999999999 0.85446 0.8742140000000002 0.859155 0.8364779999999999 0.861502 0.792453 0.873239 0.720126 0.835681 0.704403 0.596244 0.688679 0.532864 0.688679 0.511737 0.679245 0.495305 0.679245 0.47183100000000006 0.669811 0.446009 0.669811 0.42723 0.654088 0.36385 0.619497 0.307512
6 0.399371 0.11737100000000002 0.393082 0.122066 0.399371 0.152582 0.396226 0.215962 0.408805 0.220657 0.4150940000000001 0.19483599999999998 0.4150940000000001 0.129108 0.41195 0.122066