0 0.215827 0.012179000000000002 0.22482 0.016238 0.239209 0.028417 0.258993 0.063599 0.271583 0.093369 0.280576 0.10284199999999999 0.289568 0.12449299999999999 0.302158 0.133965 0.307554 0.14479 0.309353 0.198917 0.30036 0.21786200000000003 0.285971 0.23004099999999997 0.282374 0.24086600000000002 0.30036 0.262517 0.31295 0.288227 0.318345 0.29364 0.321942 0.308525 0.330935 0.322057 0.338129 0.355886 0.338129 0.368065 0.332734 0.376184 0.343525 0.38294999999999996 0.377698 0.39377500000000004 0.388489 0.39377500000000004 0.406475 0.38971600000000006 0.440647 0.38971600000000006 0.47122299999999995 0.397835 0.48740999999999995 0.397835 0.505396 0.39377500000000004 0.53777 0.39377500000000004 0.55036 0.396482 0.571942 0.38971600000000006 0.598921 0.38971600000000006 0.618705 0.396482 0.624101 0.396482 0.663669 0.38565599999999994 0.676259 0.38024399999999997 0.669065 0.369418 0.667266 0.35318 0.670863 0.290934 0.678058 0.261164 0.690647 0.236806 0.692446 0.221922 0.69964 0.209743 0.701439 0.188092 0.705036 0.182679 0.705036 0.163735 0.694245 0.140731 0.663669 0.110961 0.654676 0.092016 0.652878 0.075778 0.647482 0.070365 0.638489 0.052774 0.633094 0.035183 0.622302 0.016238 0.622302 0.010825 0.618705 0.012179000000000002 0.600719 0.006766000000000001 0.588129 0.006766000000000001 0.595324 0.012179000000000002 0.616906 0.060893 0.616906 0.070365 0.625899 0.10419499999999998 0.616906 0.112314 0.580935 0.11908000000000002 0.53777 0.138024 0.523381 0.140731 0.507194 0.135318 0.494604 0.135318 0.485612 0.131258 0.451439 0.129905 0.43705 0.12449299999999999 0.384892 0.125846 0.366906 0.129905 0.361511 0.125846 0.334532 0.083897 0.323741 0.073072 0.291367 0.023004 0.267986 0 0.260791 0 0.244604 0.006766000000000001
5 0.19964 0.012179000000000002 0.176259 0.027064000000000005 0.152878 0.035183 0.122302 0.051420999999999994 0.113309 0.078484 0.113309 0.09878200000000001 0.120504 0.147497 0.125899 0.159675 0.11510800000000002 0.175913 0.11510800000000002 0.189445 0.125899 0.20703699999999997 0.152878 0.23951300000000003 0.149281 0.278755 0.156475 0.284168 0.169065 0.277402 0.246403 0.280108 0.255396 0.284168 0.257194 0.29364 0.26259 0.296346 0.280576 0.29364 0.285971 0.289581 0.28777 0.251691 0.285971 0.23816000000000004 0.282374 0.232747 0.298561 0.215156 0.307554 0.198917 0.305755 0.14479 0.30036 0.133965 0.28777 0.12449299999999999 0.278777 0.10284199999999999 0.269784 0.093369 0.257194 0.063599 0.23741000000000004 0.028417 0.217626 0.013532000000000002 0.219424 0.012179000000000002
4 0 0.8606219999999999 0.0017989999999999998 0.8714480000000001 0.034173 0.897158 0.046763 0.898512 0.073741 0.913396 0.084532 0.9161030000000001 0.091727 0.921516 0.091727 0.924222 0.111511 0.936401 0.11870500000000002 0.939107 0.147482 0.939107 0.158273 0.941813 0.165468 0.945873 0.17446 0.958051 0.203237 0.968877 0.228417 0.9729360000000001 0.242806 0.9729360000000001 0.257194 0.983762 0.26259 0.9851149999999999 0.303957 0.986468 0.320144 0.9945869999999999 0.336331 0.9945869999999999 0.359712 0.9878209999999998 0.377698 0.9878209999999998 0.393885 0.9918809999999999 0.410072 0.9918809999999999 0.433453 0.986468 0.442446 0.986468 0.451439 0.9945869999999999 0.458633 0.99594 0.492806 0.9824089999999999 0.51259 0.9824089999999999 0.521583 0.9878209999999998 0.521583 0.9918809999999999 0.526978 0.9986470000000001 0.559353 0.9986470000000001 0.573741 0.9891749999999999 0.595324 0.9891749999999999 0.602518 0.9918809999999999 0.633094 0.9891749999999999 0.645683 0.9945869999999999 0.667266 0.9945869999999999 0.679856 0.9891749999999999 0.697842 0.9851149999999999 0.721223 0.990528 0.732014 0.9878209999999998 0.742806 0.981055 0.751799 0.981055 0.766187 0.975643 0.784173 0.975643 0.809353 0.964817 0.830935 0.9634640000000001 0.841727 0.958051 0.847122 0.9445199999999999 0.872302 0.935047 0.893885 0.9161030000000001 0.902878 0.913396 0.915468 0.9161030000000001 0.933453 0.907984 0.944245 0.898512 0.947842 0.887686 0.967626 0.876861 0.980216 0.863329 0.9946039999999999 0.853857 0.9982010000000001 0.8484439999999999 0.9982010000000001 0.838972 0.960432 0.8132609999999999 0.9586330000000001 0.79567 0.947842 0.7821380000000001 0.940647 0.764547 0.893885 0.692828 0.892086 0.683356 0.884892 0.67659 0.879496 0.663058 0.872302 0.656292 0.868705 0.645467 0.841727 0.604871 0.841727 0.600812 0.811151 0.556157 0.791367 0.533153 0.776978 0.511502 0.773381 0.500677 0.73741 0.451962 0.732014 0.441137 0.678058 0.38024399999999997 0.663669 0.38700899999999994 0.624101 0.397835 0.618705 0.397835 0.598921 0.39106900000000006 0.571942 0.39106900000000006 0.55036 0.397835 0.53777 0.395129 0.505396 0.395129 0.48740999999999995 0.399188 0.47122299999999995 0.399188 0.440647 0.39106900000000006 0.406475 0.39106900000000006 0.388489 0.395129 0.377698 0.395129 0.365108 0.39242200000000005 0.330935 0.377537 0.316547 0.38430299999999995 0.291367 0.403248 0.291367 0.405954 0.246403 0.453315 0.223022 0.48173200000000005 0.196043 0.520974 0.18705 0.529093 0.136691 0.604871 0.100719 0.665765 0.100719 0.669824 0.095324 0.675237 0.07554 0.715832 0.044964 0.760487 0.03777 0.774019 0.03777 0.7794320000000001 0.032374 0.7848440000000001 0.026978 0.799729 0.017986 0.8132609999999999 0.021583 0.8335590000000002
7 0.327338 0.37889 0.327338 0.38294999999999996 0.332734 0.38836300000000007 0.363309 0.397835 0.429856 0.397835 0.444245 0.404601 0.453237 0.404601 0.46942400000000006 0.40866 0.49100699999999997 0.40866 0.5 0.404601 0.510791 0.404601 0.514388 0.401894 0.528777 0.401894 0.546763 0.407307 0.56295 0.407307 0.571942 0.404601 0.579137 0.397835 0.597122 0.397835 0.609712 0.401894 0.642086 0.401894 0.678058 0.38971600000000006 0.678058 0.38024399999999997 0.672662 0.377537 0.661871 0.377537 0.633094 0.38836300000000007 0.620504 0.38836300000000007 0.609712 0.38430299999999995 0.570144 0.38430299999999995 0.555755 0.39242200000000005 0.543165 0.39106900000000006 0.534173 0.38700899999999994 0.514388 0.38700899999999994 0.5 0.39106900000000006 0.49100699999999997 0.39106900000000006 0.48201399999999994 0.395129 0.455036 0.39106900000000006 0.438849 0.38430299999999995 0.374101 0.38430299999999995 0.339928 0.3734779999999999 0.330935 0.374831
2 0.266187 0.00406 0.266187 0.012179000000000002 0.280576 0.02571 0.289568 0.040595 0.296763 0.04736100000000001 0.298561 0.054127 0.311151 0.073072 0.323741 0.086604 0.32554 0.096076 0.334532 0.106901 0.345324 0.129905 0.354317 0.136671 0.368705 0.136671 0.392086 0.131258 0.431655 0.131258 0.4748200000000001 0.136671 0.517986 0.14885 0.53777 0.14885 0.548561 0.140731 0.573741 0.131258 0.579137 0.131258 0.597122 0.12449299999999999 0.607914 0.12449299999999999 0.622302 0.11908000000000002 0.638489 0.117727 0.636691 0.08525 0.629496 0.067659 0.627698 0.052774 0.624101 0.043302 0.618705 0.037889 0.618705 0.031123 0.609712 0.021651 0.607914 0.006766000000000001 0.602518 0.00406 0.591727 0.005413 0.588129 0.013532000000000002 0.591727 0.018945 0.593525 0.032476 0.600719 0.039242 0.600719 0.044655 0.609712 0.060893 0.611511 0.074425 0.618705 0.092016 0.618705 0.10419499999999998 0.598921 0.110961 0.584532 0.110961 0.573741 0.11637300000000002 0.568345 0.11637300000000002 0.53777 0.127199 0.52518 0.133965 0.516187 0.129905 0.501799 0.128552 0.483813 0.123139 0.47302199999999994 0.123139 0.458633 0.11908000000000002 0.444245 0.11908000000000002 0.438849 0.11637300000000002 0.386691 0.11637300000000002 0.372302 0.12043300000000001 0.361511 0.11637300000000002 0.350719 0.096076 0.343525 0.087957 0.339928 0.075778 0.334532 0.073072 0.332734 0.066306 0.316547 0.04736100000000001 0.316547 0.043302 0.298561 0.017591 0.285971 0.005413 0.285971 0.001353 0.269784 0
2 0.665468 0.109608 0.658273 0.105548 0.649281 0.105548 0.624101 0.110961 0.609712 0.110961 0.591727 0.11637300000000002 0.582734 0.11637300000000002 0.566547 0.12043300000000001 0.557554 0.12449299999999999 0.55036 0.12449299999999999 0.532374 0.132612 0.52518 0.129905 0.496403 0.127199 0.483813 0.123139 0.464029 0.121786 0.359712 0.123139 0.305755 0.150203 0.302158 0.154263 0.302158 0.159675 0.305755 0.163735 0.318345 0.163735 0.368705 0.136671 0.379496 0.135318 0.4748200000000001 0.136671 0.48740999999999995 0.140731 0.514388 0.143437 0.526978 0.14885 0.543165 0.14885 0.548561 0.146143 0.55036 0.142084 0.580935 0.132612 0.597122 0.131258 0.606115 0.127199 0.624101 0.12449299999999999 0.638489 0.12449299999999999 0.643885 0.121786 0.663669 0.12043300000000001
2 0.681655 0.261164 0.676259 0.258457 0.661871 0.258457 0.638489 0.26387 0.604317 0.26387 0.561151 0.269283 0.374101 0.278755 0.341727 0.284168 0.320144 0.284168 0.314748 0.286874 0.31295 0.29364 0.316547 0.2977 0.356115 0.2977 0.384892 0.292287 0.420863 0.292287 0.46762599999999993 0.289581 0.47302199999999994 0.286874 0.57554 0.282815 0.580935 0.280108 0.613309 0.277402 0.649281 0.277402 0.667266 0.273342 0.679856 0.273342
1 0.964029 0.802436 0.9586330000000001 0.799729 0.9496400000000002 0.8010829999999999 0.933453 0.8200270000000001 0.9244599999999998 0.82544 0.920863 0.832206 0.908273 0.841678 0.861511 0.8646820000000001 0.845324 0.870095 0.838129 0.875507 0.830935 0.886333 0.829137 0.8958049999999999 0.807554 0.912043 0.776978 0.924222 0.767986 0.924222 0.758993 0.9282810000000001 0.742806 0.930988 0.72482 0.930988 0.703237 0.936401 0.690647 0.936401 0.669065 0.9404599999999999 0.658273 0.9404599999999999 0.656475 0.933694 0.651079 0.930988 0.615108 0.930988 0.535971 0.9539920000000001 0.530576 0.952639 0.521583 0.933694 0.503597 0.9282810000000001 0.47302199999999994 0.9282810000000001 0.43705 0.9377539999999999 0.422662 0.939107 0.390288 0.9512860000000001 0.329137 0.9499319999999999 0.309353 0.9445199999999999 0.30036 0.9445199999999999 0.282374 0.9377539999999999 0.266187 0.936401 0.258993 0.932341 0.246403 0.930988 0.23021600000000003 0.9228690000000002 0.228417 0.9066310000000001 0.217626 0.898512 0.188849 0.897158 0.169065 0.890392 0.158273 0.890392 0.145683 0.88498 0.113309 0.866035 0.100719 0.845737 0.061151 0.8362650000000001 0.041367 0.82544 0.026978 0.811908 0.014388 0.811908 0.010791 0.815968 0.010791 0.82138 0.023381 0.834912 0.046763 0.8484439999999999 0.086331 0.8579159999999999 0.095324 0.870095 0.097122 0.876861 0.134892 0.898512 0.152878 0.9052769999999999 0.161871 0.9052769999999999 0.179856 0.91069 0.201439 0.91069 0.205036 0.913396 0.203237 0.920162 0.210432 0.9255750000000001 0.214029 0.933694 0.235612 0.9445199999999999 0.244604 0.9445199999999999 0.257194 0.9499319999999999 0.273381 0.9512860000000001 0.289568 0.958051 0.30036 0.958051 0.318345 0.9634640000000001 0.399281 0.964817 0.413669 0.958051 0.426259 0.9566979999999999 0.433453 0.952639 0.49100699999999997 0.941813 0.5 0.9431659999999998 0.507194 0.9472259999999999 0.516187 0.9675240000000002 0.544964 0.9675240000000002 0.56295 0.9634640000000001 0.57554 0.958051 0.582734 0.958051 0.597122 0.9512860000000001 0.604317 0.9512860000000001 0.624101 0.9445199999999999 0.627698 0.9445199999999999 0.631295 0.9512860000000001 0.638489 0.955345 0.67446 0.955345 0.679856 0.952639 0.715827 0.9499319999999999 0.733813 0.9445199999999999 0.764388 0.9431659999999998 0.776978 0.9377539999999999 0.78777 0.9377539999999999 0.818345 0.9255750000000001 0.836331 0.91475 0.847122 0.9025709999999999 0.852518 0.887686 0.861511 0.8809200000000001 0.872302 0.8782140000000002 0.931655 0.847091 0.964029 0.8132609999999999
1 0.9982010000000001 0.838972 0.9910069999999999 0.837618 0.985612 0.840325 0.9748199999999999 0.8579159999999999 0.938849 0.8809200000000001 0.93705 0.890392 0.9298560000000001 0.897158 0.915468 0.903924 0.904676 0.903924 0.888489 0.912043 0.881295 0.913396 0.863309 0.930988 0.852518 0.930988 0.838129 0.9377539999999999 0.830935 0.9445199999999999 0.830935 0.9512860000000001 0.820144 0.9566979999999999 0.794964 0.9607580000000001 0.780576 0.968877 0.746403 0.9729360000000001 0.728417 0.9824089999999999 0.719424 0.9824089999999999 0.706835 0.978349 0.678058 0.978349 0.667266 0.9851149999999999 0.651079 0.9851149999999999 0.638489 0.981055 0.620504 0.981055 0.611511 0.9851149999999999 0.579137 0.9824089999999999 0.571942 0.9851149999999999 0.548561 0.9878209999999998 0.543165 0.990528 0.535971 0.9891749999999999 0.530576 0.9824089999999999 0.523381 0.978349 0.478417 0.978349 0.46582700000000005 0.9824089999999999 0.456835 0.9824089999999999 0.44964 0.978349 0.419065 0.978349 0.413669 0.975643 0.397482 0.975643 0.388489 0.978349 0.372302 0.978349 0.359712 0.981055 0.336331 0.981055 0.332734 0.976996 0.321942 0.9729360000000001 0.302158 0.9729360000000001 0.278777 0.978349 0.269784 0.968877 0.260791 0.9634640000000001 0.221223 0.9607580000000001 0.194245 0.9512860000000001 0.185252 0.945873 0.179856 0.939107 0.161871 0.930988 0.124101 0.930988 0.107914 0.924222 0.071942 0.891746 0.048561 0.889039 0.041367 0.886333 0.010791 0.8606219999999999 0 0.863329 0 0.875507 0.026978 0.898512 0.039568 0.9025709999999999 0.059352999999999996 0.9052769999999999 0.093525 0.936401 0.11510800000000002 0.9445199999999999 0.152878 0.9445199999999999 0.165468 0.9512860000000001 0.179856 0.9634640000000001 0.21223 0.97429 0.24820099999999998 0.976996 0.267986 0.9918809999999999 0.291367 0.9918809999999999 0.31295 0.986468 0.327338 0.9945869999999999 0.370504 0.9945869999999999 0.406475 0.990528 0.440647 0.9918809999999999 0.446043 0.9986470000000001 0.46762599999999993 0.9986470000000001 0.47122299999999995 0.99594 0.49100699999999997 0.9918809999999999 0.51259 0.9918809999999999 0.517986 0.9986470000000001 0.620504 0.9986470000000001 0.629496 0.9945869999999999 0.640288 0.9986470000000001 0.679856 0.9986470000000001 0.68705 0.9918809999999999 0.697842 0.9918809999999999 0.701439 0.9945869999999999 0.710432 0.99594 0.741007 0.99594 0.760791 0.9851149999999999 0.785971 0.983762 0.796763 0.981055 0.803957 0.97429 0.82554 0.971583 0.847122 0.9634640000000001 0.848921 0.952639 0.861511 0.9445199999999999 0.874101 0.9445199999999999 0.895683 0.9255750000000001 0.915468 0.917456 0.9298560000000001 0.9161030000000001 0.9496400000000002 0.9052769999999999 0.956835 0.8958049999999999 0.956835 0.890392 0.9730219999999999 0.8782140000000002 0.9892090000000001 0.870095 0.9982010000000001 0.856563
6 0.226619 0.013532000000000002 0.221223 0.016238 0.219424 0.024357 0.255396 0.078484 0.255396 0.08525 0.271583 0.113667 0.28777 0.132612 0.298561 0.154263 0.31295 0.155616 0.314748 0.139378 0.307554 0.132612 0.307554 0.127199 0.30036 0.12043300000000001 0.298561 0.11502 0.293165 0.112314 0.273381 0.078484 0.273381 0.070365 0.264388 0.060893 0.23741000000000004 0.016238
6 0.147482 0.2341 0.151079 0.24221900000000002 0.169065 0.24221900000000002 0.185252 0.236806 0.214029 0.236806 0.219424 0.23951300000000003 0.264388 0.24221900000000002 0.27518 0.246279 0.293165 0.244926 0.293165 0.235453 0.284173 0.23004099999999997 0.223022 0.223275 0.176259 0.223275 0.154676 0.228687