0 0.727273 0.08871 0.702797 0.080645 0.685315 0.056452 0.671329 0.052419 0.664336 0.03629 0.643357 0.03629 0.63986 0.028226 0.608392 0.028226 0.590909 0.03629 0.444056 0.03629 0.43007 0.048387 0.374126 0.048387 0.34965 0.068548 0.325175 0.068548 0.307692 0.052419 0.307692 0.294355 0.339161 0.358871 0.346154 0.403226 0.36014 0.435484 0.34965 0.447581 0.346154 0.475806 0.370629 0.512097 0.356643 0.528226 0.342657 0.528226 0.339161 0.53629 0.34965 0.560484 0.398601 0.552419 0.423077 0.580645 0.444056 0.580645 0.46153799999999995 0.568548 0.475524 0.5483870000000001 0.48601399999999995 0.5483870000000001 0.517483 0.568548 0.559441 0.568548 0.573427 0.560484 0.594406 0.528226 0.643357 0.5766129999999999 0.678322 0.5766129999999999 0.702797 0.568548 0.713287 0.556452 0.723776 0.556452 0.730769 0.564516 0.765734 0.564516 0.772727 0.556452 0.772727 0.540323 0.762238 0.520161 0.741259 0.504032 0.741259 0.46371 0.748252 0.443548 0.730769 0.366935 0.730769 0.330645 0.737762 0.318548 0.741259 0.282258 0.755245 0.254032 0.755245 0.145161
5 0.192308 0 0.178322 0 0.185315 0.084677 0.174825 0.173387 0.167832 0.181452 0.160839 0.310484 0.15035 0.33871 0.15035 0.447581 0.097902 0.532258 0.066434 0.604839 0.034965 0.709677 0.01049 0.758065 0.01049 0.806452 0.020979 0.834677 0.038462 0.858871 0.041958 0.879032 0.034965 0.895161 0 0.927419 0.003497 0.947581 0.027972 0.9516129999999999 0.034965 0.943548 0.052448 0.943548 0.066434 0.971774 0.073427 0.971774 0.087413 0.991935 0.101399 0.995968 0.104895 0.9516129999999999 0.12237799999999999 0.91129 0.129371 0.903226 0.237762 0.862903 0.283217 0.8266129999999999 0.304196 0.758065 0.304196 0.524194 0.311189 0.306452 0.304196 0.294355 0.304196 0.060484 0.311189 0.056452 0.300699 0.044355 0.27972 0.044355 0.251748 0.016129 0.20979 0.016129
5 0.755245 0.241935 0.755245 0.262097 0.744755 0.282258 0.741259 0.318548 0.734266 0.330645 0.734266 0.366935 0.751748 0.443548 0.744755 0.46371 0.744755 0.504032 0.765734 0.520161 0.776224 0.540323 0.776224 0.556452 0.765734 0.564516 0.730769 0.564516 0.730769 0.592742 0.744755 0.625 0.744755 0.66129 0.755245 0.677419 0.769231 0.754032 0.77972 0.770161 0.786713 0.862903 0.867133 0.879032 0.902098 0.939516 0.898601 0.955645 0.916084 0.947581 0.9300700000000001 0.927419 0.9405590000000001 0.927419 0.951049 0.907258 0.9720279999999999 0.907258 0.996503 0.891129 0.986014 0.879032 0.9790209999999999 0.879032 0.951049 0.842742 0.982517 0.766129 0.982517 0.75 0.9755240000000001 0.721774 0.947552 0.685484 0.923077 0.625 0.874126 0.544355 0.804196 0.451613 0.797203 0.423387 0.77972 0.399194 0.776224 0.33871 0.653846 0.032258 0.664336 0.032258 0.671329 0.048387 0.685315 0.052419 0.702797 0.076613 0.727273 0.08871 0.737762 0.104839 0.727273 0.064516 0.737762 0.032258 0.751748 0.016129 0.744755 0 0.699301 0 0.664336 0.032258
2 0.307692 0.064516 0.318182 0.072581 0.353147 0.072581 0.374126 0.056452 0.433566 0.056452 0.451049 0.040323000000000005 0.531469 0.044355 0.555944 0.03629 0.573427 0.044355 0.597902 0.044355 0.625874 0.03629 0.660839 0.044355 0.660839 0.032258 0.527972 0.028226 0.506993 0.03629 0.479021 0.028226 0.447552 0.028226 0.426573 0.044355 0.374126 0.044355 0.342657 0.064516 0.311189 0.056452
7 0.339161 0.532258 0.342657 0.560484 0.374126 0.564516 0.391608 0.556452 0.426573 0.580645 0.454545 0.580645 0.4825169999999999 0.556452 0.520979 0.5766129999999999 0.552448 0.5766129999999999 0.601399 0.540323 0.615385 0.560484 0.653846 0.5766129999999999 0.678322 0.5766129999999999 0.716783 0.560484 0.734266 0.568548 0.776224 0.564516 0.776224 0.552419 0.699301 0.552419 0.688811 0.560484 0.660839 0.564516 0.618881 0.5483870000000001 0.604895 0.528226 0.594406 0.528226 0.548951 0.564516 0.527972 0.564516 0.48951000000000006 0.544355 0.479021 0.544355 0.444056 0.572581 0.412587 0.560484 0.402098 0.5483870000000001 0.353147 0.552419 0.34965 0.528226
2 0.370629 0.516129 0.41958 0.520161 0.458042 0.532258 0.503497 0.512097 0.555944 0.520161 0.58042 0.508065 0.632867 0.528226 0.664336 0.528226 0.681818 0.520161 0.730769 0.520161 0.741259 0.516129 0.748252 0.504032 0.741259 0.5 0.72028 0.512097 0.681818 0.508065 0.63986 0.516129 0.594406 0.5 0.4965030000000001 0.5 0.458042 0.520161 0.437063 0.512097 0.374126 0.508065
6 0.041958 0.850806 0.041958 0.858871 0.048951 0.862903 0.066434 0.846774 0.097902 0.846774 0.118881 0.862903 0.136364 0.907258 0.146853 0.907258 0.146853 0.895161 0.129371 0.854839 0.101399 0.834677 0.062937 0.834677
6 0.024476 0.907258 0.027972 0.915323 0.062937 0.927419 0.104895 0.955645 0.115385 0.9516129999999999 0.101399 0.935484 0.05944100000000001 0.91129 0.034965 0.903226
6 0.86014 0.870968 0.867133 0.883065 0.874126 0.879032 0.870629 0.842742 0.884615 0.8266129999999999 0.923077 0.822581 0.944056 0.834677 0.954545 0.834677 0.958042 0.8266129999999999 0.9265729999999999 0.810484 0.881119 0.814516 0.86014 0.83871
6 0.9720279999999999 0.875 0.954545 0.870968 0.9265729999999999 0.879032 0.8951050000000002 0.915323 0.891608 0.927419 0.902098 0.931452 0.9335660000000001 0.891129 0.9650349999999999 0.883065
6 0.311189 0.052419 0.300699 0.060484 0.300699 0.302419 0.311189 0.302419