0 0.6696230000000001 0.022367999999999996 0.569845 0.001316 0.536585 0.009211 0.501109 0.009211 0.476718 0.005263 0.472284 0.002632 0.45898 0.002632 0.436807 0.007895 0.412417 0.007895 0.388027 0.015789 0.363636 0.019737 0.368071 0.043421 0.365854 0.063158 0.361419 0.068421 0.361419 0.103947 0.365854 0.109211 0.370288 0.152632 0.379157 0.167105 0.381375 0.196053 0.392461 0.214474 0.392461 0.221053 0.40133 0.231579 0.40133 0.257895 0.638581 0.256579 0.638581 0.247368 0.651885 0.231579 0.649667 0.21052599999999996 0.654102 0.2 0.654102 0.18552600000000002 0.6696230000000001 0.15 0.674058 0.072368 0.6696230000000001 0.065789
4 0.405765 0.259211 0.383592 0.294737 0.383592 0.301316 0.379157 0.306579 0.379157 0.319737 0.370288 0.332895 0.368071 0.348684 0.343681 0.397368 0.343681 0.40394700000000006 0.325942 0.43289500000000003 0.31929 0.468421 0.310421 0.48157900000000003 0.310421 0.496053 0.299335 0.511842 0.299335 0.521053 0.288248 0.535526 0.288248 0.542105 0.279379 0.552632 0.279379 0.561842 0.272727 0.576316 0.272727 0.594737 0.259424 0.622368 0.257206 0.646053 0.248337 0.660526 0.24611999999999998 0.682895 0.241685 0.688158 0.241685 0.701316 0.237251 0.709211 0.232816 0.711842 0.228381 0.722368 0.21286 0.731579 0.208426 0.730263 0.199557 0.734211 0.197339 0.7447370000000001 0.17294900000000002 0.760526 0.161863 0.772368 0.144124 0.781579 0.137472 0.790789 0.128603 0.796053 0.119734 0.796053 0.113082 0.8 0.10864699999999998 0.8144740000000001 0.079823 0.828947 0.07538800000000001 0.839474 0.050998 0.85 0.04878 0.861842 0.022173 0.877632 0.019956 0.885526 0.002217 0.9013160000000001 0.002217 0.9078949999999999 0.026608000000000003 0.922368 0.042129 0.921053 0.05765 0.927632 0.073171 0.927632 0.084257 0.932895 0.097561 0.934211 0.110865 0.944737 0.113082 0.95 0.117517 0.952632 0.128603 0.953947 0.137472 0.9605260000000001 0.152993 0.9605260000000001 0.170732 0.964474 0.195122 0.9631580000000001 0.206208 0.9671050000000001 0.239468 0.968421 0.257206 0.977632 0.279379 0.977632 0.292683 0.981579 0.312639 0.980263 0.337029 0.986842 0.348115 0.992105 0.370288 0.989474 0.390244 0.990789 0.399113 0.984211 0.423503 0.984211 0.45898 0.9947370000000001 0.503326 0.992105 0.538803 0.997368 0.549889 0.9947370000000001 0.56541 0.986842 0.5809310000000001 0.985526 0.587583 0.986842 0.592018 0.990789 0.600887 0.989474 0.614191 0.993421 0.631929 0.993421 0.656319 0.986842 0.658537 0.982895 0.667406 0.980263 0.731707 0.981579 0.742794 0.976316 0.762749 0.975 0.769401 0.972368 0.804878 0.972368 0.831486 0.968421 0.851441 0.968421 0.866962 0.9605260000000001 0.873614 0.951316 0.882483 0.9460529999999999 0.911308 0.944737 0.940133 0.938158 0.962306 0.938158 0.977827 0.9355259999999999 0.993348 0.926316 0.995565 0.9144739999999999 0.97561 0.889474 0.955654 0.8736840000000001 0.926829 0.8447369999999998 0.884701 0.813158 0.880266 0.806579 0.849224 0.7802630000000002 0.831486 0.769737 0.829268 0.764474 0.778271 0.725 0.762749 0.661842 0.762749 0.65 0.751663 0.617105 0.751663 0.602632 0.740576 0.577632 0.738359 0.551316 0.731707 0.527632 0.727273 0.522368 0.720621 0.490789 0.707317 0.459211 0.702882 0.43289500000000003 0.696231 0.423684 0.696231 0.413158 0.6917960000000001 0.40526299999999993 0.6917960000000001 0.378947 0.685144 0.365789 0.68071 0.338158 0.6696230000000001 0.318421 0.6696230000000001 0.310526 0.658537 0.292105 0.656319 0.280263 0.638581 0.259211
5 0.658537 0.019737 0.674058 0.030263 0.67184 0.065789 0.676275 0.072368 0.67184 0.15 0.656319 0.18552600000000002 0.656319 0.2 0.651885 0.21052599999999996 0.654102 0.231579 0.643016 0.24342099999999997 0.638581 0.257895 0.658537 0.280263 0.660754 0.292105 0.67184 0.310526 0.67184 0.318421 0.68071 0.331579 0.687361 0.365789 0.694013 0.378947 0.694013 0.42105300000000007 0.7051 0.43684200000000006 0.707317 0.451316 0.711752 0.44210499999999997 0.720621 0.43815799999999994 0.727273 0.44210499999999997 0.742794 0.439474 0.749446 0.440789 0.75388 0.43684200000000006 0.758315 0.43684200000000006 0.760532 0.407895 0.764967 0.398684 0.773836 0.39342099999999997 0.784922 0.390789 0.793792 0.39473699999999995 0.81153 0.392105 0.847007 0.365789 0.853659 0.35 0.853659 0.325 0.83592 0.301316 0.827051 0.260526 0.820399 0.246053 0.800443 0.22368400000000002 0.789357 0.2 0.776053 0.186842 0.764967 0.159211 0.758315 0.125 0.75388 0.12105299999999998 0.75388 0.115789 0.749446 0.114474 0.749446 0.097368 0.736142 0.081579 0.722838 0.047368 0.718404 0.042105 0.694013 0.028947
5 0.370288 0.018421 0.350333 0.022367999999999996 0.337029 0.027631999999999997 0.312639 0.043421 0.283814 0.115789 0.277162 0.142105 0.259424 0.171053 0.24611999999999998 0.178947 0.237251 0.196053 0.228381 0.205263 0.217295 0.231579 0.21286 0.252632 0.208426 0.256579 0.197339 0.302632 0.179601 0.328947 0.181818 0.353947 0.18847 0.364474 0.208426 0.375 0.210643 0.380263 0.226164 0.390789 0.232816 0.390789 0.235033 0.39342099999999997 0.259424 0.39342099999999997 0.266075 0.396053 0.268293 0.411842 0.274945 0.419737 0.274945 0.43684200000000006 0.279379 0.439474 0.297118 0.440789 0.305987 0.444737 0.308204 0.44210499999999997 0.31929 0.446053 0.365854 0.348684 0.368071 0.332895 0.37694 0.319737 0.37694 0.306579 0.381375 0.301316 0.381375 0.294737 0.403548 0.259211 0.399113 0.257895 0.399113 0.231579 0.392461 0.225 0.390244 0.214474 0.379157 0.196053 0.37694 0.167105 0.368071 0.152632 0.363636 0.109211 0.359202 0.103947 0.359202 0.068421 0.365854 0.056579 0.365854 0.023684
1 0 0.9 0 0.909211 0.011086 0.921053 0.026608000000000003 0.921053 0.031042 0.9184209999999999 0.084257 0.938158 0.133038 0.9394740000000001 0.137472 0.942105 0.126386 0.948684 0.121951 0.959211 0.141907 0.9710530000000002 0.168514 0.9710530000000002 0.184035 0.965789 0.197339 0.965789 0.203991 0.968421 0.239468 0.9710530000000002 0.263858 0.982895 0.292683 0.989474 0.339246 0.988158 0.359202 0.993421 0.385809 0.993421 0.40133 0.990789 0.412417 0.985526 0.42572099999999996 0.992105 0.450111 0.9947370000000001 0.461197 0.9986840000000001 0.545455 0.9986840000000001 0.563193 0.992105 0.5809310000000001 0.992105 0.607539 0.996053 0.654102 0.996053 0.6696230000000001 0.990789 0.676275 0.985526 0.687361 0.988158 0.740576 0.988158 0.776053 0.9736839999999999 0.83592 0.9736839999999999 0.844789 0.9710530000000002 0.858093 0.9710530000000002 0.8758309999999999 0.9631580000000001 0.878049 0.9460529999999999 0.889135 0.948684 0.915743 0.948684 0.933481 0.9460529999999999 0.95122 0.934211 0.984479 0.925 0.997783 0.925 0.997783 0.910526 0.982262 0.909211 0.9423500000000001 0.919737 0.91796 0.932895 0.895787 0.934211 0.882483 0.931579 0.847007 0.931579 0.838137 0.936842 0.838137 0.943421 0.853659 0.953947 0.849224 0.9565790000000001 0.829268 0.959211 0.760532 0.9605260000000001 0.727273 0.975 0.698448 0.975 0.682927 0.9710530000000002 0.667406 0.9710530000000002 0.640798 0.982895 0.620843 0.982895 0.587583 0.977632 0.563193 0.976316 0.549889 0.978947 0.538803 0.984211 0.487805 0.985526 0.452328 0.981579 0.43459 0.977632 0.419069 0.9710530000000002 0.40133 0.9710530000000002 0.392461 0.9736839999999999 0.388027 0.977632 0.368071 0.978947 0.35255 0.975 0.303769 0.976316 0.281596 0.9710530000000002 0.257206 0.959211 0.226164 0.9565790000000001 0.199557 0.951316 0.177384 0.951316 0.155211 0.957895 0.15077600000000002 0.955263 0.16408 0.9460529999999999 0.16408 0.934211 0.157428 0.9289470000000001 0.133038 0.925 0.090909 0.923684 0.070953 0.915789 0.066519 0.9118419999999999 0.055432 0.910526 0.017738 0.894737 0.008869 0.894737
7 0.230599 0.7105260000000001 0.232816 0.7171050000000001 0.261641 0.728947 0.297118 0.731579 0.303769 0.734211 0.332594 0.738158 0.403548 0.739474 0.634146 0.736842 0.643016 0.734211 0.725055 0.731579 0.731707 0.728947 0.769401 0.726316 0.780488 0.7197369999999998 0.776053 0.711842 0.75388 0.7105260000000001 0.731707 0.715789 0.6917960000000001 0.7171050000000001 0.685144 0.7197369999999998 0.507761 0.7236839999999999 0.4988909999999999 0.726316 0.414634 0.726316 0.407982 0.7236839999999999 0.339246 0.7236839999999999 0.317073 0.7210530000000002 0.303769 0.7171050000000001 0.274945 0.715789 0.24611999999999998 0.705263 0.235033 0.7065790000000001
2 0.354767 0.10526299999999998 0.354767 0.110526 0.359202 0.114474 0.383592 0.12105299999999998 0.439024 0.123684 0.445676 0.126316 0.478936 0.128947 0.583149 0.128947 0.596452 0.126316 0.611973 0.126316 0.618625 0.123684 0.643016 0.123684 0.665188 0.12105299999999998 0.674058 0.115789 0.674058 0.110526 0.665188 0.10526299999999998 0.645233 0.106579 0.629712 0.110526 0.576497 0.113158 0.569845 0.115789 0.494457 0.115789 0.48337 0.113158 0.390244 0.106579 0.370288 0.1 0.359202 0.10131600000000002
2 0.456763 0.003947 0.456763 0.009211 0.465632 0.017105 0.490022 0.022367999999999996 0.521064 0.022367999999999996 0.54102 0.017105 0.560976 0.015789 0.574279 0.010526 0.572062 0 0.554324 0 0.514412 0.007895 0.487805 0.006579000000000001 0.476718 0 0.461197 0
6 0.365854 0.019737 0.356984 0.025 0.350333 0.055263 0.350333 0.071053 0.354767 0.081579 0.354767 0.09473699999999999 0.350333 0.098684 0.350333 0.103947 0.361419 0.110526 0.37694 0.110526 0.381375 0.106579 0.381375 0.090789 0.37694 0.086842 0.374723 0.053947 0.379157 0.046053 0.381375 0.025 0.37694 0.021053
6 0.676275 0.022367999999999996 0.667406 0.027631999999999997 0.6696230000000001 0.08552600000000002 0.667406 0.097368 0.660754 0.102632 0.660754 0.106579 0.6696230000000001 0.11710500000000001 0.685144 0.11710500000000001 0.689579 0.110526 0.694013 0.08947400000000001 0.694013 0.044737000000000006 0.6917960000000001 0.027631999999999997 0.687361 0.023684
6 0.372506 0.106579 0.365854 0.103947 0.350333 0.106579 0.32816 0.119737 0.274945 0.143421 0.274945 0.152632 0.292683 0.153947 0.32816 0.140789 0.372506 0.11710500000000001
6 0.662971 0.113158 0.660754 0.119737 0.674058 0.128947 0.676275 0.134211 0.700665 0.146053 0.733925 0.157895 0.756098 0.159211 0.762749 0.156579 0.762749 0.147368 0.758315 0.144737 0.742794 0.143421 0.738359 0.139474 0.713969 0.132895 0.696231 0.123684 0.694013 0.118421 0.685144 0.113158 0.676275 0.110526
6 0.263858 0.386842 0.266075 0.39342099999999997 0.272727 0.396053 0.288248 0.396053 0.308204 0.392105 0.317073 0.39473699999999995 0.339246 0.396053 0.348115 0.390789 0.348115 0.386842 0.341463 0.381579 0.321508 0.378947 0.2949 0.378947 0.272727 0.381579
6 0.6917960000000001 0.386842 0.694013 0.39342099999999997 0.700665 0.396053 0.782705 0.396053 0.782705 0.386842 0.762749 0.381579 0.700665 0.381579