0 0.51341 0.066365 0.507663 0.067873 0.49233699999999997 0.07994 0.452107 0.155354 0.454023 0.171946 0.469349 0.191554 0.490421 0.24132700000000004 0.490421 0.263952 0.494253 0.269985 0.494253 0.282051 0.490421 0.291101 0.521073 0.306184 0.586207 0.322775 0.628352 0.321267 0.662835 0.310709 0.676245 0.304676 0.697318 0.288084 0.695402 0.27451 0.689655 0.268477 0.681992 0.248869 0.681992 0.226244 0.685824 0.21568600000000002 0.685824 0.170437 0.691571 0.149321 0.699234 0.140271 0.699234 0.119155 0.695402 0.113122 0.695402 0.105581 0.680077 0.090498 0.662835 0.082956 0.636015 0.063348 0.561303 0.064857 0.528736 0.067873
5 0.450192 0.012066 0.3659 0.006033 0.35249 0.0181 0.350575 0.027149000000000003 0.354406 0.033183 0.350575 0.036199 0.344828 0.036199 0.340996 0.042232 0.33908 0.063348 0.346743 0.072398 0.362069 0.078431 0.362069 0.081448 0.356322 0.085973 0.356322 0.095023 0.373563 0.120664 0.360153 0.202112 0.33908 0.238311 0.295019 0.266968 0.285441 0.276018 0.281609 0.276018 0.270115 0.286576 0.270115 0.289593 0.264368 0.292609 0.272031 0.303167 0.254789 0.31825 0.252874 0.325792 0.254789 0.340875 0.283525 0.361991 0.283525 0.365008 0.289272 0.368024 0.293103 0.38009 0.296935 0.378582 0.308429 0.383107 0.327586 0.381599 0.354406 0.39517300000000005 0.360153 0.392157 0.369732 0.39517300000000005 0.413793 0.386124 0.427203 0.374057 0.442529 0.366516 0.448276 0.355958 0.44636 0.342383 0.452107 0.334842 0.452107 0.328808 0.43295 0.28356 0.43295 0.273002 0.429119 0.263952 0.429119 0.236802 0.434866 0.220211 0.438697 0.190045 0.444444 0.177979 0.44636 0.158371 0.450192 0.158371 0.452107 0.15083 0.457854 0.144796 0.48659 0.085973 0.501916 0.07089 0.494253 0.055807 0.480843 0.042232 0.477011 0.034691
4 0.482759 0.266968 0.442529 0.28356 0.436782 0.282051 0.427203 0.285068 0.388889 0.313725 0.371648 0.321267 0.298851 0.372549 0.291188 0.38009 0.293103 0.386124 0.287356 0.390649 0.268199 0.399698 0.235632 0.410256 0.220307 0.417798 0.216475 0.42232300000000006 0.212644 0.434389 0.210728 0.470588 0.181992 0.496229 0.180077 0.526395 0.162835 0.567119 0.12069 0.627451 0.086207 0.669683 0.088123 0.684766 0.09387 0.690799 0.097701 0.701357 0.097701 0.719457 0.086207 0.730015 0.068966 0.739065 0.032567 0.764706 0.030651 0.80543 0.009579 0.822021 0.009579 0.8250380000000002 0.003831 0.829563 0.003831 0.834087 0.02682 0.832579 0.030651 0.865762 0.055556 0.865762 0.063218 0.8763199999999999 0.065134 0.88537 0.076628 0.894419 0.090038 0.894419 0.101533 0.8898940000000001 0.105364 0.892911 0.105364 0.906486 0.118774 0.926094 0.130268 0.927602 0.153257 0.921569 0.164751 0.930618 0.166667 0.939668 0.178161 0.951735 0.199234 0.9487179999999998 0.222222 0.939668 0.247126 0.966817 0.272031 0.968326 0.291188 0.960784 0.298851 0.960784 0.318008 0.978884 0.329502 0.9849170000000002 0.348659 0.9834090000000001 0.37931 0.972851 0.390805 0.9849170000000002 0.413793 0.9954749999999999 0.431034 0.992459 0.452107 0.9834090000000001 0.45977 0.975867 0.47318 0.986425 0.49233699999999997 0.9954749999999999 0.507663 0.9954749999999999 0.530651 0.986425 0.544061 0.975867 0.551724 0.980392 0.551724 0.9834090000000001 0.557471 0.987934 0.574713 0.9954749999999999 0.588123 0.9954749999999999 0.599617 0.9909500000000001 0.62069 0.9773760000000001 0.628352 0.9773760000000001 0.645594 0.986425 0.659004 0.987934 0.681992 0.9773760000000001 0.685824 0.9713420000000001 0.697318 0.9638010000000001 0.733716 0.972851 0.747126 0.966817 0.768199 0.94721 0.775862 0.94721 0.785441 0.953243 0.804598 0.954751 0.814176 0.9487179999999998 0.831418 0.927602 0.848659 0.932127 0.869732 0.932127 0.894636 0.9034690000000001 0.911877 0.906486 0.931034 0.9049770000000001 0.942529 0.888386 0.938697 0.868778 0.940613 0.86727 0.950192 0.871795 0.961686 0.873303 0.971264 0.8702869999999999 0.978927 0.8642529999999999 0.9846739999999999 0.850679 0.978927 0.8416289999999998 0.9827590000000002 0.838612 0.9904210000000001 0.838612 0.9942530000000002 0.835596 0.9942530000000002 0.829563 0.980843 0.815988 0.980843 0.8099550000000001 0.97318 0.799397 0.977011 0.794872 0.977011 0.7828050000000001 0.971264 0.778281 0.957854 0.7752639999999998 0.921456 0.754148 0.921456 0.737557 0.917625 0.723982 0.936782 0.687783 0.938697 0.671192 0.898467 0.612368 0.898467 0.604827 0.904215 0.59276 0.904215 0.580694 0.894636 0.561086 0.8659 0.520362 0.8659 0.505279 0.858238 0.46908 0.848659 0.45852200000000004 0.823755 0.449472 0.810345 0.440422 0.800766 0.42232300000000006 0.791188 0.3876319999999999 0.781609 0.374057 0.766284 0.361991 0.754789 0.357466 0.731801 0.337858 0.716475 0.316742 0.706897 0.309201 0.703065 0.297134 0.695402 0.291101 0.666667 0.310709 0.639847 0.319759 0.616858 0.324284 0.586207 0.324284 0.521073 0.307692 0.496169 0.294118 0.49233699999999997 0.294118 0.488506 0.291101 0.49233699999999997 0.282051 0.49233699999999997 0.269985 0.490421 0.266968
2 0.685824 0.209653 0.681992 0.205128 0.672414 0.202112 0.637931 0.20060299999999998 0.632184 0.19758699999999998 0.618774 0.19607800000000003 0.555556 0.19758699999999998 0.549808 0.20060299999999998 0.521073 0.20362 0.507663 0.208145 0.501916 0.21267000000000003 0.490421 0.21417799999999998 0.484674 0.217195 0.482759 0.224736 0.490421 0.23076899999999997 0.501916 0.23076899999999997 0.530651 0.220211 0.555556 0.217195 0.561303 0.21417799999999998 0.590038 0.21267000000000003 0.626437 0.21417799999999998 0.632184 0.217195 0.662835 0.218703 0.670498 0.223228 0.676245 0.223228 0.681992 0.220211
7 0.480843 0.266968 0.480843 0.285068 0.484674 0.292609 0.494253 0.300151 0.532567 0.315234 0.549808 0.316742 0.574713 0.325792 0.597701 0.3273 0.616858 0.333333 0.643678 0.331825 0.670498 0.316742 0.685824 0.304676 0.695402 0.301659 0.701149 0.295626 0.699234 0.285068 0.687739 0.282051 0.630268 0.316742 0.622605 0.316742 0.595785 0.309201 0.582375 0.309201 0.557471 0.300151 0.538314 0.298643 0.509579 0.286576 0.501916 0.280543 0.501916 0.266968 0.49808399999999997 0.262443 0.488506 0.260935
1 0.3659 0.346908 0.358238 0.352941 0.358238 0.38009 0.363985 0.392157 0.367816 0.41629 0.37931 0.437406 0.37931 0.443439 0.398467 0.46908 0.409962 0.490196 0.442529 0.526395 0.452107 0.546003 0.475096 0.567119 0.521073 0.625943 0.521073 0.633484 0.530651 0.642534 0.555556 0.684766 0.557471 0.692308 0.572797 0.711916 0.584291 0.740573 0.601533 0.767722 0.613027 0.799397 0.6341 0.8280539999999998 0.6341 0.835596 0.643678 0.8446460000000001 0.643678 0.850679 0.655172 0.8642529999999999 0.668582 0.891403 0.680077 0.900452 0.699234 0.900452 0.731801 0.886878 0.758621 0.868778 0.802682 0.8491699999999999 0.835249 0.8250380000000002 0.850575 0.8099550000000001 0.867816 0.800905 0.87931 0.785822 0.888889 0.778281 0.900383 0.760181 0.909962 0.75264 0.929119 0.719457 0.934866 0.701357 0.940613 0.695324 0.940613 0.686275 0.94636 0.678733 0.94636 0.674208 0.942529 0.669683 0.93295 0.668175 0.921456 0.677225 0.91954 0.689291 0.911877 0.699849 0.909962 0.710407 0.900383 0.723982 0.900383 0.728507 0.871648 0.763198 0.869732 0.769231 0.856322 0.7828050000000001 0.785441 0.837104 0.752874 0.850679 0.703065 0.879336 0.691571 0.882353 0.687739 0.880845 0.664751 0.8446460000000001 0.664751 0.840121 0.655172 0.8280539999999998 0.655172 0.822021 0.64751 0.81448 0.645594 0.80543 0.6341 0.794872 0.622605 0.763198 0.605364 0.73454 0.59387 0.707391 0.576628 0.683258 0.559387 0.648567 0.542146 0.625943 0.536398 0.612368 0.490421 0.553544 0.469349 0.535445 0.45977 0.514329 0.452107 0.509804 0.444444 0.496229 0.431034 0.484163 0.400383 0.4389140000000001 0.400383 0.432881 0.388889 0.41176500000000005 0.385057 0.3876319999999999 0.37931 0.375566 0.37931 0.352941 0.375479 0.348416
1 0.457854 0.524887 0.448276 0.523379 0.442529 0.526395 0.438697 0.536953 0.41954 0.562594 0.390805 0.61991 0.371648 0.647059 0.369732 0.6546 0.360153 0.66365 0.348659 0.684766 0.33908 0.689291 0.337165 0.696833 0.318008 0.71644 0.312261 0.728507 0.291188 0.754148 0.283525 0.760181 0.273946 0.773756 0.260536 0.784314 0.254789 0.794872 0.24904199999999999 0.7978880000000002 0.245211 0.806938 0.214559 0.835596 0.208812 0.835596 0.187739 0.81448 0.170498 0.785822 0.141762 0.751131 0.137931 0.742081 0.12452099999999999 0.730015 0.122605 0.723982 0.114943 0.71644 0.101533 0.674208 0.095785 0.671192 0.084291 0.674208 0.082375 0.690799 0.091954 0.710407 0.09387 0.720965 0.105364 0.739065 0.118774 0.751131 0.12452099999999999 0.763198 0.1341 0.770739 0.170498 0.8250380000000002 0.195402 0.850679 0.203065 0.852187 0.212644 0.85822 0.222222 0.8567119999999999 0.24904199999999999 0.832579 0.275862 0.7978880000000002 0.316092 0.757164 0.337165 0.72549 0.3659 0.695324 0.37931 0.6727 0.39272 0.657617 0.39272 0.651584 0.41954 0.612368 0.434866 0.577677 0.45977 0.542986 0.461686 0.529412
1 0.032567 0.793363 0.034483 0.8114630000000002 0.044061 0.834087 0.065134 0.850679 0.074713 0.852187 0.082375 0.846154 0.084291 0.826546 0.09387 0.837104 0.113027 0.8702869999999999 0.113027 0.874811 0.118774 0.880845 0.126437 0.8838610000000001 0.136015 0.8838610000000001 0.145594 0.8763199999999999 0.17433 0.898944 0.191571 0.906486 0.204981 0.906486 0.210728 0.9034690000000001 0.214559 0.886878 0.256705 0.9110110000000001 0.279693 0.927602 0.310345 0.9351429999999998 0.319923 0.941176 0.331418 0.941176 0.337165 0.93816 0.342912 0.92006 0.358238 0.933635 0.373563 0.941176 0.394636 0.957768 0.411877 0.9622929999999998 0.431034 0.9622929999999998 0.436782 0.959276 0.440613 0.953243 0.457854 0.960784 0.480843 0.960784 0.488506 0.9562590000000001 0.49233699999999997 0.9502259999999999 0.494253 0.93816 0.530651 0.944193 0.557471 0.953243 0.574713 0.954751 0.582375 0.960784 0.611111 0.960784 0.636015 0.953243 0.641762 0.941176 0.689655 0.9426849999999999 0.735632 0.924585 0.743295 0.930618 0.779693 0.9291099999999999 0.802682 0.9185520000000001 0.816092 0.906486 0.818008 0.900452 0.831418 0.891403 0.83908 0.8959280000000001 0.848659 0.8959280000000001 0.890805 0.879336 0.898467 0.871795 0.902299 0.8627449999999999 0.91954 0.850679 0.925287 0.8431369999999999 0.94636 0.8310710000000001 0.971264 0.802413 0.971264 0.794872 0.967433 0.7903469999999999 0.950192 0.7903469999999999 0.931034 0.8174960000000001 0.923372 0.823529 0.911877 0.826546 0.902299 0.838612 0.886973 0.8491699999999999 0.87931 0.8627449999999999 0.871648 0.868778 0.860153 0.873303 0.85249 0.86727 0.842912 0.86727 0.814176 0.879336 0.798851 0.891403 0.795019 0.898944 0.779693 0.9095019999999999 0.775862 0.907994 0.777778 0.901961 0.773946 0.8974360000000001 0.754789 0.8959280000000001 0.720307 0.912519 0.695402 0.92006 0.683908 0.926094 0.630268 0.924585 0.62069 0.9291099999999999 0.618774 0.939668 0.605364 0.944193 0.595785 0.9366519999999999 0.570881 0.93816 0.544061 0.9291099999999999 0.490421 0.92006 0.478927 0.92006 0.47318 0.9230769999999999 0.469349 0.944193 0.463602 0.944193 0.431034 0.930618 0.415709 0.932127 0.409962 0.944193 0.340996 0.8959280000000001 0.327586 0.8959280000000001 0.321839 0.898944 0.318008 0.92006 0.308429 0.9170440000000001 0.293103 0.9049770000000001 0.277778 0.9034690000000001 0.24904199999999999 0.8838610000000001 0.220307 0.8702869999999999 0.204981 0.8702869999999999 0.197318 0.873303 0.189655 0.88537 0.149425 0.853695 0.137931 0.8491699999999999 0.12452099999999999 0.8491699999999999 0.111111 0.8250380000000002 0.091954 0.802413 0.084291 0.799397 0.070881 0.799397 0.065134 0.802413 0.061303 0.8114630000000002 0.057471 0.8114630000000002 0.05364 0.7978880000000002 0.059387 0.7752639999999998 0.055556 0.770739 0.045977 0.769231 0.04023 0.772247
1 0.463602 0.541478 0.455939 0.547511 0.45977 0.668175 0.463602 0.6727 0.465517 0.695324 0.471264 0.702866 0.475096 0.737557 0.478927 0.742081 0.480843 0.758673 0.488506 0.773756 0.490421 0.7978880000000002 0.501916 0.826546 0.501916 0.837104 0.511494 0.853695 0.511494 0.86727 0.519157 0.888386 0.532567 0.898944 0.549808 0.898944 0.582375 0.8898940000000001 0.603448 0.888386 0.614943 0.882353 0.637931 0.880845 0.66092 0.871795 0.662835 0.8642529999999999 0.655172 0.85822 0.636015 0.859729 0.626437 0.8642529999999999 0.609195 0.865762 0.595785 0.871795 0.574713 0.873303 0.544061 0.882353 0.538314 0.8778280000000002 0.538314 0.871795 0.532567 0.8627449999999999 0.532567 0.8491699999999999 0.522989 0.832579 0.522989 0.822021 0.511494 0.793363 0.509579 0.769231 0.501916 0.754148 0.501916 0.745098 0.496169 0.733032 0.49233699999999997 0.711916 0.49233699999999997 0.698341 0.48659 0.689291 0.484674 0.668175 0.480843 0.66365 0.477011 0.547511 0.47318 0.542986
1 0 0.829563 0.003831 0.838612 0.021073 0.840121 0.022989 0.865762 0.028736 0.868778 0.045977 0.8702869999999999 0.059387 0.892911 0.070881 0.898944 0.088123 0.8959280000000001 0.091954 0.898944 0.095785 0.9155349999999999 0.109195 0.927602 0.149425 0.9291099999999999 0.159004 0.9366519999999999 0.164751 0.9502259999999999 0.170498 0.953243 0.195402 0.953243 0.201149 0.9502259999999999 0.214559 0.9487179999999998 0.229885 0.9638010000000001 0.243295 0.9713420000000001 0.260536 0.9713420000000001 0.266284 0.968326 0.295019 0.968326 0.300766 0.975867 0.318008 0.9849170000000002 0.333333 0.986425 0.35249 0.9819 0.3659 0.9834090000000001 0.371648 0.980392 0.37931 0.980392 0.396552 0.992459 0.425287 0.992459 0.44636 0.9849170000000002 0.465517 0.9834090000000001 0.478927 0.9909500000000001 0.49233699999999997 0.992459 0.49808399999999997 0.9954749999999999 0.515326 0.9954749999999999 0.547893 0.980392 0.55364 0.987934 0.561303 0.9909500000000001 0.568966 0.9984920000000002 0.599617 0.9984920000000002 0.624521 0.980392 0.64751 0.9849170000000002 0.662835 0.992459 0.672414 0.992459 0.680077 0.989442 0.703065 0.9713420000000001 0.716475 0.9773760000000001 0.743295 0.975867 0.770115 0.953243 0.789272 0.960784 0.814176 0.9622929999999998 0.819923 0.959276 0.829502 0.944193 0.83908 0.9351429999999998 0.87931 0.9366519999999999 0.888889 0.932127 0.890805 0.926094 0.904215 0.9110110000000001 0.929119 0.912519 0.936782 0.9095019999999999 0.952107 0.8898940000000001 0.952107 0.879336 0.978927 0.8702869999999999 0.988506 0.861237 0.9980839999999999 0.8446460000000001 0.9980839999999999 0.8250380000000002 0.9846739999999999 0.8250380000000002 0.977011 0.832579 0.977011 0.838612 0.971264 0.8491699999999999 0.961686 0.8567119999999999 0.952107 0.861237 0.938697 0.861237 0.93295 0.8642529999999999 0.931034 0.8838610000000001 0.91954 0.8959280000000001 0.908046 0.891403 0.896552 0.892911 0.881226 0.9049770000000001 0.869732 0.92006 0.863985 0.92006 0.848659 0.914027 0.827586 0.9155349999999999 0.804598 0.944193 0.796935 0.944193 0.779693 0.9366519999999999 0.768199 0.939668 0.758621 0.93816 0.729885 0.960784 0.724138 0.960784 0.708812 0.951735 0.701149 0.951735 0.687739 0.9562590000000001 0.664751 0.974359 0.657088 0.968326 0.639847 0.966817 0.6341 0.9638010000000001 0.618774 0.9638010000000001 0.590038 0.978884 0.584291 0.9849170000000002 0.576628 0.9773760000000001 0.55364 0.9638010000000001 0.542146 0.9638010000000001 0.507663 0.9773760000000001 0.488506 0.974359 0.471264 0.966817 0.448276 0.966817 0.41954 0.975867 0.408046 0.975867 0.404215 0.9713420000000001 0.37931 0.9622929999999998 0.344828 0.9638010000000001 0.337165 0.968326 0.327586 0.968326 0.308429 0.951735 0.250958 0.953243 0.243295 0.9487179999999998 0.231801 0.9351429999999998 0.220307 0.932127 0.201149 0.932127 0.183908 0.9366519999999999 0.176245 0.926094 0.157088 0.9110110000000001 0.139847 0.9095019999999999 0.1341 0.912519 0.122605 0.912519 0.114943 0.9049770000000001 0.113027 0.891403 0.103448 0.880845 0.076628 0.879336 0.063218 0.85822 0.05364 0.852187 0.042146 0.850679 0.042146 0.8280539999999998 0.038314 0.823529 0.009579 0.822021
2 0.645594 0.06183999999999999 0.637931 0.055807 0.624521 0.055807 0.618774 0.058824 0.586207 0.058824 0.58046 0.06183999999999999 0.503831 0.06183999999999999 0.49808399999999997 0.064857 0.496169 0.072398 0.5 0.076923 0.509579 0.07994 0.586207 0.078431 0.591954 0.075415 0.613027 0.073906 0.622605 0.07089 0.637931 0.072398 0.643678 0.069382
6 0.454023 0.012066 0.452107 0.021116 0.45977 0.033183 0.484674 0.054299 0.48659 0.063348 0.49233699999999997 0.07089 0.49808399999999997 0.073906 0.507663 0.072398 0.509579 0.063348 0.490421 0.034691 0.47318 0.021116 0.467433 0.012066
7 0.354406 0.013575 0.350575 0.019608 0.350575 0.030166 0.337165 0.039216 0.333333 0.051282 0.335249 0.060332 0.348659 0.060332 0.35249 0.04977399999999999 0.362069 0.043741 0.3659 0.037707 0.367816 0.05279 0.37931 0.066365 0.386973 0.069382 0.400383 0.069382 0.408046 0.063348 0.409962 0.064857 0.408046 0.082956 0.411877 0.088989 0.41954 0.093514 0.417625 0.101056 0.421456 0.10708899999999999 0.452107 0.12367999999999998 0.471264 0.12367999999999998 0.471264 0.111614 0.465517 0.10859699999999999 0.457854 0.10859699999999999 0.438697 0.096531 0.442529 0.092006 0.440613 0.084465 0.425287 0.078431 0.425287 0.048265 0.417625 0.043741 0.40613 0.043741 0.39272 0.054299 0.385057 0.048265 0.383142 0.024133000000000005 0.363985 0.012066
6 0.337165 0.236802 0.33908 0.24434400000000003 0.348659 0.245852 0.375479 0.232278 0.381226 0.238311 0.386973 0.251885 0.39272 0.25641 0.408046 0.262443 0.415709 0.268477 0.423372 0.268477 0.429119 0.263952 0.425287 0.253394 0.404215 0.24434400000000003 0.390805 0.221719 0.381226 0.21267000000000003 0.367816 0.21417799999999998
7 0.270115 0.288084 0.273946 0.297134 0.310345 0.309201 0.329502 0.306184 0.354406 0.309201 0.385057 0.321267 0.400383 0.324284 0.444444 0.325792 0.450192 0.321267 0.448276 0.313725 0.442529 0.310709 0.40613 0.310709 0.360153 0.295626 0.337165 0.292609 0.312261 0.294118 0.281609 0.28356 0.275862 0.28356
7 0.24904199999999999 0.333333 0.24904199999999999 0.337858 0.254789 0.342383 0.260536 0.342383 0.275862 0.334842 0.337165 0.351433 0.381226 0.351433 0.408046 0.365008 0.425287 0.369532 0.440613 0.368024 0.44636 0.363499 0.444444 0.355958 0.421456 0.354449 0.41954 0.351433 0.398467 0.343891 0.388889 0.337858 0.342912 0.337858 0.277778 0.319759 0.268199 0.321267 0.252874 0.328808