3 0.37625 0.045586 0.3725 0.054269 0.37125 0.06657 0.3675 0.07453 0.3675 0.093343 0.36375 0.103473 0.36125 0.131693 0.35875 0.136035 0.35875 0.157742 0.355 0.163531 0.355 0.20043400000000003 0.3525 0.20332899999999998 0.3525 0.21490599999999999 0.35 0.2178 0.35 0.22431299999999998 0.34375 0.232272 0.34375 0.248191 0.33875 0.254703 0.33875 0.261939 0.335 0.269175 0.335 0.280029 0.33875 0.288712 0.33875 0.321997 0.34375 0.324891 0.3475 0.331404 0.365 0.350217 0.39625 0.39580300000000007 0.40625 0.40521 0.4125 0.413169 0.415 0.41968200000000006 0.43875 0.4464540000000001 0.45375 0.469609 0.4675 0.486975 0.47375 0.501447 0.4875 0.521708 0.49375 0.539074 0.50875 0.565123 0.51625 0.573082 0.5175 0.577424 0.53 0.593343 0.53125 0.610709 0.5425 0.616498 0.55125 0.636035 0.56375 0.65123 0.5725 0.671491 0.58 0.684515 0.59125 0.698987 0.5975 0.714906 0.62 0.743126 0.62875 0.7648340000000001 0.63875 0.776411 0.64875 0.7966710000000001 0.66 0.81042 0.67 0.829957 0.6825 0.844428 0.6925 0.865412 0.70375 0.8784369999999999 0.70625 0.886397 0.715 0.895803 0.72 0.908104 0.7275 0.916064 0.735 0.928365 0.73875 0.9392189999999999 0.745 0.947178 0.75625 0.968886 0.76625 0.978292 0.7775 0.993488 0.7825 0.996382 0.79375 0.997829 0.81375 0.997106 0.81875 0.995658 0.8425 0.995658 0.85125 0.992764 0.8775 0.992041 0.88875 0.993488 0.89625 0.992041 0.9075 0.987699 0.93875 0.9855279999999998 0.945 0.983357 0.95375 0.982634 0.9625 0.97974 0.96625 0.97974 0.97 0.977569 0.9775 0.977569 0.99375 0.9681620000000001 0.99875 0.963821 0.995 0.95152 0.9925 0.9486250000000002 0.99125 0.93343 0.9875 0.928365 0.98625 0.918958 0.98125 0.909551 0.9775 0.8929089999999998 0.9575 0.853835 0.955 0.842981 0.94625 0.829957 0.9425 0.817656 0.935 0.808249 0.93125 0.7973950000000001 0.92125 0.7836470000000001 0.915 0.766281 0.91 0.759768 0.90375 0.741679 0.885 0.704776 0.87125 0.68741 0.86625 0.676556 0.85875 0.670767 0.855 0.662808 0.82875 0.628075 0.82625 0.620116 0.82 0.611433 0.81625 0.595514 0.81 0.587554 0.8075 0.579595 0.79625 0.56657 0.79125 0.553546 0.7825 0.540521 0.77625 0.522431 0.7725 0.500724 0.765 0.491317 0.76 0.47901599999999994 0.76 0.452967 0.75625 0.44355999999999995 0.75625 0.434153 0.75125 0.4261940000000001 0.75 0.416787 0.74125 0.4030389999999999 0.7375 0.38639699999999993 0.71 0.336469 0.7075 0.319826 0.6975 0.298119 0.69625 0.288712 0.68875 0.267728 0.6875 0.256874 0.6775 0.23589 0.66875 0.20332899999999998 0.65625 0.175109 0.65125 0.1411 0.64375 0.130246 0.64 0.117945 0.6375 0.115051 0.635 0.098408 0.62375 0.086107 0.62 0.075977 0.61125 0.06657 0.6 0.039797 0.5975 0.037627 0.59375 0.037627 0.59 0.039797 0.57125 0.039797 0.5575 0.041968 0.55375 0.044139 0.54625 0.044139 0.5375 0.04631 0.50375 0.047033 0.495 0.049928 0.43125 0.049928 0.4225 0.047033 0.415 0.047033 0.4075 0.044863
3 0.15875 0.001447 0.1475 0.012301 0.1475 0.01809 0.14375 0.026049000000000003 0.145 0.032562 0.15 0.034732 0.1525 0.03835 0.1575 0.041245 0.1575 0.05788700000000001 0.15625 0.058611 0.1525 0.057164 0.14875 0.058611 0.13875 0.059334000000000005 0.1275 0.054269 0.12375 0.049928 0.12125 0.049928 0.10625 0.05644 0.10125 0.05644 0.0975 0.059334000000000005 0.09125 0.059334000000000005 0.08875 0.06657 0.08125 0.0767 0.07625 0.096961 0.065 0.11288 0.05875 0.125904 0.05375 0.129522 0.0525 0.134588 0.045 0.144718 0.04125 0.158466 0.03625 0.165702 0.0275 0.191751 0.02375 0.196816 0.02125 0.220695 0.01625 0.232272 0.015 0.243126 0.0125 0.247467 0.00375 0.254703 0 0.261939 0 0.295224 0.0025 0.301737 0.0125 0.314761 0.0125 0.329957 0.01625 0.34877 0.01625 0.368307 0.01875 0.374096 0.02 0.400145 0.025 0.420405 0.025 0.450796 0.0275 0.455861 0.0275 0.478292 0.03125 0.491317 0.0325 0.531114 0.03 0.544863 0.02625 0.552822 0.02625 0.587554 0.03125 0.596961 0.03125 0.613603 0.04125 0.642547 0.04375 0.683068 0.04625 0.68958 0.04625 0.743849 0.0425 0.761939 0.04625 0.81259 0.04 0.827786 0.04 0.832851 0.045 0.837192 0.0475 0.844428 0.055 0.9319830000000001 0.06 0.9500720000000001 0.06 0.969609 0.06375 0.979016 0.0675 0.97974 0.07375 0.984081 0.09125 0.986975 0.09375 0.989146 0.0975 0.988423 0.10375 0.991317 0.12125 0.98987 0.14 0.9905929999999998 0.1725 0.986975 0.195 0.986975 0.19875 0.989146 0.215 0.992764 0.24 0.992764 0.24625 0.992041 0.25125 0.989146 0.2575 0.982634 0.26375 0.9645440000000001 0.2675 0.9457310000000001 0.2675 0.9319830000000001 0.27 0.921129 0.27 0.886397 0.2725 0.8813310000000001 0.27875 0.680897 0.28125 0.677279 0.28125 0.662084 0.28625 0.646165 0.28875 0.625904 0.29375 0.622287 0.3025 0.606368 0.3025 0.59479 0.3 0.589001 0.3025 0.5767 0.30125 0.573082 0.29625 0.568017 0.2925 0.56657 0.29125 0.563676 0.295 0.547033 0.295 0.508683 0.30125 0.493488 0.30375 0.44862499999999994 0.31 0.431259 0.31125 0.4117219999999999 0.31875 0.388567 0.32 0.374096 0.32625 0.352388 0.32625 0.326339 0.32875 0.319103 0.33375 0.317656 0.335 0.315485 0.3375 0.315485 0.3375 0.288712 0.33375 0.280029 0.33375 0.269175 0.3375 0.261939 0.3375 0.254703 0.3425 0.248191 0.3425 0.232272 0.34875 0.22431299999999998 0.34875 0.2178 0.35125 0.21490599999999999 0.35125 0.20332899999999998 0.35375 0.20043400000000003 0.35375 0.163531 0.3575 0.157742 0.3575 0.136035 0.36 0.131693 0.3625 0.103473 0.36625 0.093343 0.36625 0.07453 0.37125 0.062229 0.37125 0.054269 0.37625 0.044863 0.36375 0.041968 0.33375 0.040521 0.33 0.03835 0.3175 0.03835 0.31375 0.035456 0.30625 0.033285 0.29375 0.033285 0.28875 0.029667000000000002 0.275 0.02822 0.27 0.024602 0.25 0.022431 0.245 0.019537 0.23 0.017366 0.2225 0.013748 0.2075 0.012301 0.2025 0.009407 0.19875 0.009407 0.185 0.003618
7 0.15875 0.002171 0.15875 0.006512 0.165 0.010854 0.17125 0.010854 0.19875 0.020984 0.20875 0.023155 0.215 0.026049000000000003 0.22 0.026049000000000003 0.2325 0.031114 0.23875 0.031114 0.24875 0.033285 0.25625 0.037627 0.26625 0.037627 0.285 0.042692 0.2925 0.042692 0.3 0.044863 0.3125 0.044863 0.31625 0.04631 0.32375 0.04631 0.33375 0.049204 0.3575 0.051375 0.36625 0.054269 0.37375 0.054269 0.38875 0.05788700000000001 0.42125 0.05788700000000001 0.42625 0.059334000000000005 0.49125 0.059334000000000005 0.4975 0.05788700000000001 0.5275 0.05788700000000001 0.53125 0.05644 0.5375 0.05644 0.545 0.054269 0.5625 0.052822 0.56625 0.051375 0.57875 0.051375 0.58375 0.049204 0.60375 0.049204 0.61 0.044863 0.61 0.03835 0.60125 0.033285 0.585 0.033285 0.58 0.035456 0.5575 0.036903 0.55375 0.03835 0.5475 0.03835 0.54125 0.040521 0.52375 0.041968 0.52 0.043415 0.49 0.043415 0.48 0.045586 0.43625 0.045586 0.42875 0.043415 0.3975 0.043415 0.385 0.040521 0.37625 0.040521 0.365 0.036903 0.345 0.035456 0.33375 0.031838 0.3075 0.030391 0.30125 0.02822 0.28875 0.027496 0.27625 0.023877999999999996 0.26875 0.023877999999999996 0.26375 0.020984 0.25375 0.01809 0.24 0.016643 0.23125 0.012301 0.21125 0.007959 0.19125 0 0.16125 0
7 0.135 0.028944 0.135 0.033285 0.14125 0.037627 0.15 0.039074 0.15875 0.044139 0.18 0.049928 0.19 0.055715999999999995 0.2025 0.05788700000000001 0.21625 0.064399 0.23125 0.067294 0.26125 0.077424 0.2825 0.078148 0.2975 0.081042 0.3075 0.081042 0.31625 0.08466 0.325 0.08466 0.32875 0.086107 0.335 0.086107 0.3375 0.087554 0.3475 0.087554 0.35375 0.089725 0.36125 0.089725 0.36625 0.091172 0.3975 0.091172 0.40375 0.092619 0.5275 0.092619 0.5325 0.091172 0.555 0.089725 0.56375 0.086107 0.57375 0.08466 0.59125 0.08466 0.595 0.083213 0.60125 0.083213 0.60625 0.081042 0.61625 0.081042 0.62125 0.078148 0.62125 0.070188 0.6125 0.065123 0.605 0.065123 0.6 0.067294 0.59375 0.067294 0.5825 0.070188 0.56625 0.070188 0.55625 0.071635 0.54625 0.075253 0.52375 0.0767 0.51625 0.078871 0.41625 0.078871 0.405 0.0767 0.37375 0.0767 0.36875 0.075253 0.36125 0.075253 0.3575 0.073806 0.35 0.073806 0.345 0.071635 0.325 0.070188 0.3175 0.067294 0.3075 0.067294 0.30125 0.065123 0.295 0.065123 0.29125 0.063676 0.26875 0.062952 0.25625 0.05788700000000001 0.23 0.051375 0.21625 0.044863 0.20625 0.043415 0.2 0.039074 0.18375 0.034732 0.1775 0.031114 0.17125 0.030391 0.165 0.026773 0.1575 0.024602 0.14375 0.023877999999999996
7 0.66375 0.18740999999999997 0.65625 0.183792 0.6425 0.183792 0.63875 0.185239 0.61625 0.185239 0.6125 0.186686 0.6025 0.186686 0.59625 0.18885700000000002 0.58875 0.18885700000000002 0.58375 0.190304 0.56 0.190304 0.55625 0.191751 0.5425 0.191751 0.52875 0.195369 0.5175 0.195369 0.51375 0.196816 0.50125 0.196816 0.48625 0.19898699999999997 0.47125 0.19898699999999997 0.465 0.20043400000000003 0.44125 0.20043400000000003 0.435 0.201881 0.4125 0.201881 0.4025 0.204052 0.35375 0.204052 0.34625 0.20767 0.345 0.213459 0.35125 0.2178 0.415 0.2178 0.42 0.216353 0.4725 0.21490599999999999 0.48375 0.212735 0.52125 0.211288 0.525 0.20984100000000003 0.53625 0.20984100000000003 0.5525 0.206223 0.56375 0.206223 0.56875 0.20477600000000004 0.59125 0.20477600000000004 0.59625 0.20332899999999998 0.60375 0.20332899999999998 0.61 0.201158 0.62125 0.201158 0.625 0.199711 0.65125 0.201158 0.66375 0.196093
7 0.75625 0.429088 0.7475 0.424023 0.72625 0.424023 0.7175 0.4261940000000001 0.71 0.430535 0.69125 0.430535 0.68 0.434153 0.6725 0.434153 0.66375 0.43704799999999994 0.65125 0.43704799999999994 0.63875 0.440666 0.61625 0.444284 0.5925 0.444284 0.58 0.447178 0.56875 0.447178 0.55 0.450796 0.4775 0.450796 0.47125 0.44862499999999994 0.46625 0.44862499999999994 0.46 0.445731 0.44875 0.445731 0.44 0.450796 0.44 0.456585 0.44625 0.460926 0.455 0.463097 0.4625 0.463097 0.47 0.46526800000000007 0.5575 0.46526800000000007 0.57625 0.46165 0.5875 0.46165 0.605 0.458032 0.62875 0.458032 0.6425 0.45513699999999996 0.6475 0.45513699999999996 0.65875 0.45152 0.67125 0.45152 0.68375 0.447902 0.69 0.447902 0.7 0.44500700000000004 0.7175 0.44500700000000004 0.72875 0.440666 0.74 0.441389 0.755 0.43487699999999996
7 0.005 0.250362 0.00625 0.256151 0.015 0.261216 0.03125 0.264834 0.06875 0.266281 0.09375 0.271346 0.11 0.271346 0.11625 0.272793 0.125 0.272793 0.13875 0.276411 0.1475 0.276411 0.15125 0.277858 0.16625 0.277858 0.185 0.281476 0.215 0.282923 0.225 0.285094 0.2975 0.285094 0.30125 0.286541 0.3275 0.286541 0.335 0.282923 0.335 0.275687 0.3275 0.272069 0.30875 0.272069 0.305 0.270622 0.2325 0.270622 0.22375 0.268452 0.1925 0.267004 0.17875 0.26411 0.1625 0.26411 0.155 0.261939 0.14625 0.261939 0.135 0.259045 0.12875 0.259045 0.1175 0.256874 0.10125 0.256874 0.07625 0.251809 0.04 0.250362 0.03125 0.24891499999999997 0.02125 0.245297 0.01125 0.24602
7 0.0225 0.527496 0.0225 0.531838 0.03125 0.537627 0.0375 0.53835 0.0475 0.542692 0.0675 0.54848 0.085 0.551375 0.0975 0.55644 0.1075 0.55644 0.1125 0.558611 0.12125 0.558611 0.13125 0.561505 0.14375 0.561505 0.1625 0.565123 0.23875 0.565123 0.2425 0.563676 0.2525 0.563676 0.25875 0.561505 0.2675 0.561505 0.2775 0.558611 0.29 0.558611 0.2975 0.554993 0.2975 0.547757 0.29 0.544139 0.27 0.544139 0.25875 0.547033 0.25 0.547033 0.245 0.549204 0.235 0.549204 0.23125 0.550651 0.17 0.550651 0.15125 0.547033 0.13875 0.547033 0.13 0.544139 0.11 0.542692 0.09375 0.536903 0.07875 0.534732 0.0625 0.530391 0.055 0.527496 0.0525 0.524602 0.045 0.520984 0.0375 0.520984 0.03125 0.522431
7 0.03375 0.7691750000000002 0.03375 0.7735170000000001 0.04 0.781476 0.045 0.78437 0.0525 0.7858179999999999 0.06375 0.7908829999999999 0.07875 0.7937770000000001 0.085 0.7937770000000001 0.09 0.7959479999999999 0.1 0.7966710000000001 0.1075 0.7988419999999999 0.12 0.7988419999999999 0.13125 0.801737 0.19875 0.801737 0.21375 0.7988419999999999 0.22375 0.7988419999999999 0.24 0.7937770000000001 0.24375 0.7937770000000001 0.24875 0.7916060000000001 0.255 0.7916060000000001 0.25875 0.789436 0.2675 0.7879880000000001 0.275 0.7821999999999999 0.275 0.7778580000000002 0.26875 0.7735170000000001 0.25625 0.772793 0.2475 0.774964 0.2425 0.7778580000000002 0.23625 0.7778580000000002 0.21625 0.78437 0.20625 0.78437 0.19125 0.7872650000000001 0.14125 0.7872650000000001 0.12875 0.78437 0.115 0.78437 0.11125 0.7829230000000001 0.10125 0.7821999999999999 0.09375 0.779305 0.0775 0.7778580000000002 0.0625 0.772069 0.05875 0.7684520000000001 0.05 0.76411 0.04 0.7648340000000001
1 0.0575 0.976122 0.0575 0.9804629999999999 0.065 0.9855279999999998 0.0875 0.9905929999999998 0.1 0.992041 0.12375 0.992041 0.12875 0.993488 0.1425 0.993488 0.15 0.995658 0.17625 0.995658 0.18 0.997106 0.2525 0.997106 0.26125 0.992041 0.26 0.986252 0.255 0.983357 0.245 0.981187 0.23625 0.981187 0.2325 0.982634 0.1875 0.982634 0.18375 0.981187 0.1575 0.981187 0.1525 0.97974 0.14 0.97974 0.13125 0.977569 0.1 0.9768449999999999 0.07375 0.9710559999999999 0.06375 0.9717799999999999
1 0.99875 0.955861 0.99375 0.955861 0.9825 0.960203 0.97625 0.960926 0.97 0.963821 0.95125 0.9681620000000001 0.9425 0.9717799999999999 0.93375 0.972504 0.92625 0.976122 0.91625 0.977569 0.91 0.97974 0.89625 0.97974 0.88375 0.982634 0.8725 0.982634 0.86375 0.984805 0.785 0.984805 0.7775 0.988423 0.775 0.991317 0.775 0.995658 0.78 0.999276 0.875 0.998553 0.88125 0.997106 0.89125 0.997106 0.9075 0.993488 0.92125 0.993488 0.92375 0.992041 0.93625 0.9905929999999998 0.94375 0.986975 0.95 0.986252 0.96375 0.981187 0.97625 0.979016 0.99625 0.9732270000000001 0.99875 0.9717799999999999