0 0.482398 0.0012170000000000002 0.47764 0.004866 0.470029 0.014599 0.468126 0.019465 0.461465 0.053528000000000006 0.461465 0.071776 0.465271 0.076642 0.470029 0.079075 0.485252 0.079075 0.500476 0.086375 0.504282 0.092457 0.504282 0.096107 0.511893 0.114355 0.517602 0.13747 0.517602 0.153285 0.513796 0.164234 0.49667 0.193431 0.514748 0.216545 0.538535 0.24087600000000003 0.543292 0.243309 0.55471 0.255474 0.573739 0.26764 0.577545 0.272506 0.584206 0.272506 0.613701 0.229927 0.629876 0.20073 0.610847 0.171533 0.604186 0.150852 0.604186 0.13017 0.606089 0.124088 0.608944 0.08272500000000002 0.614653 0.072993 0.623216 0.071776 0.628925 0.064477 0.630828 0.055961 0.629876 0.024331 0.627022 0.019465 0.613701 0.007299 0.606089 0.007299 0.573739 0.032847 0.564225 0.032847 0.548049 0.023114 0.509039 0.010949 0.49191199999999996 0
4 0 0.783455 0 0.7931869999999999 0.003806 0.8053530000000001 0.010466 0.815085 0.015224 0.817518 0.022835 0.827251 0.033302 0.852798 0.039962 0.8625300000000001 0.103711 0.9002429999999999 0.10942 0.8990269999999999 0.127498 0.875912 0.134158 0.874696 0.140818 0.879562 0.161751 0.888078 0.173168 0.886861 0.176974 0.890511 0.176974 0.902676 0.187441 0.909976 0.202664 0.917275 0.21313 0.917275 0.217888 0.908759 0.222645 0.908759 0.234063 0.925791 0.242626 0.92944 0.248335 0.92944 0.254995 0.919708 0.258801 0.919708 0.274976 0.93309 0.286394 0.93674 0.340628 0.937956 0.344434 0.939173 0.359657 0.959854 0.375833 0.969586 0.386299 0.973236 0.4196 0.975669 0.43863 0.970803 0.459562 0.972019 0.461465 0.978102 0.461465 0.990268 0.470029 0.993917 0.487155 0.9927010000000001 0.49476700000000007 0.989051 0.510942 0.9927010000000001 0.52902 0.993917 0.549001 0.986618 0.558516 0.986618 0.567079 0.991484 0.584206 0.993917 0.592769 0.9975670000000001 0.618459 0.9975670000000001 0.628925 0.99635 0.65176 0.982968 0.664129 0.978102 0.674596 0.978102 0.68411 0.981752 0.692674 0.980535 0.706946 0.973236 0.716461 0.959854 0.738344 0.958637 0.757374 0.947689 0.7745 0.925791 0.781161 0.927007 0.783064 0.944039 0.790676 0.947689 0.813511 0.934307 0.84491 0.907543 0.857279 0.90146 0.862988 0.896594 0.879163 0.891727 0.897241 0.8953769999999999 0.934348 0.878345 0.941009 0.879562 0.945766 0.890511 0.952426 0.890511 0.986679 0.86983 0.996194 0.857664 0.998097 0.852798 0.997146 0.832117 0.9895340000000001 0.811436 0.9857280000000002 0.8053530000000001 0.964795 0.79562 0.952426 0.782238 0.933397 0.778589 0.922931 0.773723 0.906755 0.748175 0.886775 0.734793 0.868696 0.711679 0.841104 0.6557180000000001 0.821123 0.59854 0.818268 0.586375 0.795433 0.529197 0.782112 0.502433 0.7745 0.482968 0.768792 0.462287 0.758325 0.440389 0.74215 0.399027 0.715509 0.347932 0.69648 0.30292 0.661275 0.244526 0.629876 0.203163 0.627022 0.205596 0.624167 0.21411200000000002 0.603235 0.246959 0.58706 0.26764 0.576594 0.272506 0.560419 0.259124 0.55471 0.256691 0.549952 0.250608 0.530923 0.234793 0.514748 0.217762 0.498573 0.195864 0.49571799999999994 0.194647 0.474786 0.222628 0.43863 0.256691 0.404377 0.296837 0.341579 0.400243 0.331113 0.42214099999999993 0.306375 0.461071 0.304472 0.467153 0.294006 0.484185 0.287345 0.501217 0.284491 0.504866 0.276879 0.525547 0.273073 0.530414 0.267364 0.545012 0.251189 0.574209 0.235966 0.596107 0.222645 0.610706 0.201713 0.6386859999999999 0.183635 0.6557180000000001 0.163654 0.670316 0.152236 0.681265 0.115128 0.705596 0.09039 0.716545 0.068506 0.716545 0.041865 0.72871 0.034253 0.738443 0.03235 0.746959 0.028544 0.751825 0.026641 0.7579080000000001 0.019029 0.76764 0.007612 0.777372 0.003806 0.778589
7 0.49476700000000007 0.193431 0.49571799999999994 0.201946 0.499524 0.20438 0.526166 0.23600999999999997 0.536632 0.243309 0.539486 0.249392 0.549952 0.255474 0.565176 0.270073 0.579448 0.279805 0.588011 0.277372 0.599429 0.26399 0.603235 0.262774 0.604186 0.259124 0.614653 0.248175 0.614653 0.245742 0.61941 0.23965899999999998 0.620362 0.23236 0.624167 0.227494 0.627022 0.217762 0.630828 0.21289499999999997 0.630828 0.199513 0.627973 0.19708 0.622265 0.198297 0.614653 0.216545 0.610847 0.221411 0.609895 0.22871 0.588011 0.256691 0.5804 0.262774 0.559467 0.244526 0.548049 0.23722600000000002 0.541389 0.227494 0.53568 0.225061 0.519505 0.20438 0.515699 0.203163 0.507136 0.190998 0.50333 0.18856399999999998 0.498573 0.18856399999999998
1 0.59372 0.274939 0.590866 0.272506 0.58706 0.272506 0.583254 0.276156 0.577545 0.290754 0.563273 0.31873499999999994 0.537583 0.360097 0.530923 0.381995 0.52902 0.418491 0.523311 0.431873 0.512845 0.444039 0.507136 0.446472 0.504282 0.450122 0.501427 0.450122 0.485252 0.462287 0.475737 0.46472 0.469077 0.469586 0.459562 0.47323600000000005 0.455756 0.47810199999999997 0.451951 0.47810199999999997 0.446242 0.482968 0.439581 0.485401 0.430067 0.49635 0.425309 0.506083 0.422455 0.515815 0.422455 0.524331 0.429115 0.538929 0.446242 0.557178 0.454805 0.560827 0.458611 0.564477 0.469077 0.565693 0.470029 0.56691 0.468126 0.571776 0.453853 0.586375 0.447193 0.590024 0.38059 0.615572 0.370124 0.624088 0.364415 0.626521 0.358706 0.635036 0.3549 0.645985 0.355852 0.659367 0.360609 0.6691 0.374881 0.686131 0.379638 0.699513 0.379638 0.718978 0.372027 0.729927 0.352997 0.7445259999999999 0.281637 0.7457419999999999 0.258801 0.751825 0.252141 0.756691 0.244529 0.7579080000000001 0.235014 0.76399 0.219791 0.770073 0.204567 0.784672 0.200761 0.79927 0.200761 0.807786 0.203616 0.817518 0.214082 0.828467 0.222645 0.840633 0.223597 0.8491479999999999 0.20647 0.864964 0.203616 0.864964 0.195052 0.871046 0.158896 0.871046 0.145576 0.86618 0.134158 0.86618 0.115128 0.878345 0.110371 0.885645 0.105614 0.888078 0.099905 0.888078 0.095147 0.884428 0.092293 0.884428 0.088487 0.879562 0.078021 0.872263 0.067555 0.868613 0.062797 0.863747 0.057088 0.863747 0.05138 0.860097 0.039962 0.845499 0.035205 0.83455 0.034253 0.828467 0.031399 0.824818 0.024738 0.807786 0.012369 0.7919709999999999 0.011418 0.778589 0.008563 0.776156 0.003806 0.776156 0 0.781022 0.000951 0.800487 0.019029 0.824818 0.02569 0.845499 0.033302 0.8613140000000001 0.043768 0.872263 0.053283 0.878345 0.057088 0.878345 0.063749 0.883212 0.074215 0.886861 0.08373 0.896594 0.089439 0.89781 0.093245 0.90146 0.11608 0.9002429999999999 0.123692 0.890511 0.138915 0.880779 0.147479 0.881995 0.151284 0.884428 0.201713 0.884428 0.207422 0.879562 0.210276 0.879562 0.221694 0.872263 0.228354 0.864964 0.230257 0.864964 0.234063 0.8564480000000001 0.234063 0.83455 0.231208 0.828467 0.21313 0.8065690000000001 0.214082 0.79562 0.222645 0.785888 0.235966 0.778589 0.240723 0.778589 0.250238 0.77129 0.255947 0.77129 0.263559 0.766423 0.284491 0.761557 0.287345 0.7591240000000001 0.359657 0.7579080000000001 0.381541 0.7408759999999999 0.391056 0.725061 0.391056 0.6946469999999999 0.384396 0.675182 0.377735 0.666667 0.374881 0.66545 0.369172 0.6569340000000001 0.367269 0.647202 0.372978 0.6386859999999999 0.389153 0.627737 0.397716 0.624088 0.402474 0.624088 0.426261 0.613139 0.439581 0.609489 0.444339 0.605839 0.453853 0.603406 0.46432 0.596107 0.478592 0.580292 0.484301 0.57056 0.484301 0.559611 0.478592 0.553528 0.471931 0.551095 0.46432 0.551095 0.460514 0.547445 0.453853 0.545012 0.43863 0.527981 0.434824 0.517032 0.437678 0.513382 0.43863 0.508516 0.448145 0.497567 0.459562 0.492701 0.466223 0.486618 0.479543 0.479319 0.49191199999999996 0.47566899999999995 0.498573 0.470803 0.50333 0.470803 0.505233 0.46472 0.508088 0.46472 0.521408 0.456204 0.530923 0.445255 0.540438 0.42335799999999996 0.540438 0.40146 0.544244 0.37712900000000005 0.557564 0.352798 0.568982 0.335766 0.59372 0.285888
1 0.000951 0.782238 0.000951 0.79562 0.002854 0.8017029999999999 0.010466 0.816302 0.013321 0.817518 0.019981 0.826034 0.020932 0.835766 0.030447 0.863747 0.036156 0.86983 0.038059 0.874696 0.047574 0.884428 0.052331 0.884428 0.062797 0.891727 0.072312 0.892944 0.079924 0.89781 0.09039 0.89781 0.093245 0.9002429999999999 0.110371 0.9002429999999999 0.113225 0.89781 0.120837 0.89781 0.139867 0.886861 0.152236 0.886861 0.161751 0.891727 0.166508 0.891727 0.17412 0.896594 0.178877 0.907543 0.182683 0.911192 0.189343 0.911192 0.205519 0.918491 0.221694 0.917275 0.230257 0.928224 0.23882 0.931873 0.252141 0.931873 0.258801 0.927007 0.265461 0.931873 0.268316 0.931873 0.274025 0.937956 0.278782 0.937956 0.289248 0.945255 0.341579 0.9464720000000001 0.345385 0.948905 0.353949 0.961071 0.384396 0.972019 0.397716 0.972019 0.409134 0.976886 0.457659 0.979319 0.457659 0.990268 0.463368 0.9987830000000001 0.485252 0.9987830000000001 0.49571799999999994 0.995134 0.516651 0.99635 0.520457 0.9987830000000001 0.549001 0.9987830000000001 0.558516 0.995134 0.56803 0.99635 0.570885 0.9987830000000001 0.644148 0.9987830000000001 0.665081 0.986618 0.694577 0.985401 0.700285 0.982968 0.716461 0.970803 0.720266 0.96472 0.725975 0.96472 0.736441 0.959854 0.748811 0.958637 0.760228 0.9513379999999999 0.762131 0.9464720000000001 0.771646 0.93674 0.773549 0.941606 0.781161 0.9501219999999999 0.798287 0.9501219999999999 0.806851 0.9464720000000001 0.817317 0.937956 0.820171 0.937956 0.837298 0.924574 0.841104 0.923358 0.85157 0.909976 0.873454 0.89781 0.910561 0.89781 0.917222 0.891727 0.921979 0.891727 0.932445 0.884428 0.940057 0.892944 0.945766 0.8953769999999999 0.957184 0.8953769999999999 0.968601 0.888078 0.971456 0.888078 0.980019 0.878345 0.983825 0.877129 0.9857280000000002 0.872263 0.9885819999999998 0.871046 0.992388 0.864964 0.995243 0.864964 0.997146 0.8613140000000001 0.999049 0.8613140000000001 0.999049 0.8442819999999999 0.994291 0.8430659999999999 0.9876310000000001 0.851582 0.983825 0.852798 0.975262 0.863747 0.972407 0.864964 0.968601 0.871046 0.951475 0.880779 0.946717 0.878345 0.941009 0.871046 0.931494 0.86983 0.925785 0.871046 0.917222 0.877129 0.913416 0.877129 0.903901 0.884428 0.866794 0.884428 0.843007 0.89781 0.83254 0.911192 0.809705 0.925791 0.803045 0.931873 0.794481 0.935523 0.785918 0.935523 0.783064 0.931873 0.783064 0.919708 0.780209 0.917275 0.772598 0.917275 0.756422 0.931873 0.751665 0.939173 0.736441 0.9464720000000001 0.72883 0.9464720000000001 0.718363 0.9513379999999999 0.712655 0.9513379999999999 0.706946 0.959854 0.69648 0.965937 0.693625 0.969586 0.665081 0.970803 0.640343 0.984185 0.627973 0.984185 0.623216 0.986618 0.595623 0.987835 0.56803 0.982968 0.565176 0.980535 0.552807 0.980535 0.545195 0.984185 0.524263 0.984185 0.504282 0.979319 0.49762100000000004 0.979319 0.481446 0.984185 0.472883 0.984185 0.472883 0.972019 0.466223 0.965937 0.424358 0.96472 0.401522 0.957421 0.382493 0.9562039999999999 0.372978 0.9513379999999999 0.362512 0.948905 0.356803 0.939173 0.34824 0.93309 0.341579 0.930657 0.323501 0.930657 0.318744 0.93309 0.293054 0.930657 0.287345 0.925791 0.280685 0.924574 0.273073 0.917275 0.269267 0.917275 0.259753 0.911192 0.253092 0.911192 0.247383 0.917275 0.243578 0.917275 0.235966 0.9136250000000001 0.230257 0.9051089999999999 0.224548 0.90146 0.210276 0.903893 0.195052 0.89781 0.189343 0.89781 0.184586 0.885645 0.171265 0.877129 0.165557 0.877129 0.156042 0.872263 0.136061 0.872263 0.117031 0.883212 0.106565 0.885645 0.086584 0.884428 0.073264 0.877129 0.067555 0.877129 0.058991 0.871046 0.054234 0.871046 0.039962 0.852798 0.035205 0.841849 0.035205 0.836983 0.031399 0.827251 0.030447 0.818735 0.028544 0.813869 0.015224 0.79927 0.012369 0.790754 0.011418 0.779805 0.008563 0.777372 0.004757 0.777372
1 0.585157 0.260341 0.583254 0.26399 0.583254 0.268856 0.595623 0.306569 0.606089 0.317518 0.622265 0.32846700000000006 0.627973 0.335766 0.631779 0.336983 0.636537 0.344282 0.642245 0.346715 0.6451 0.360097 0.640343 0.36982999999999994 0.640343 0.37712900000000005 0.636537 0.385645 0.636537 0.400243 0.647003 0.434307 0.663178 0.457421 0.673644 0.463504 0.691722 0.482968 0.70314 0.508516 0.70314 0.523114 0.69648 0.529197 0.688868 0.543796 0.680304 0.569343 0.681256 0.590024 0.68411 0.603406 0.688868 0.615572 0.69648 0.626521 0.699334 0.63382 0.720266 0.660584 0.745956 0.680049 0.763083 0.686131 0.76784 0.690998 0.7745 0.6934309999999999 0.782112 0.70438 0.782112 0.720195 0.780209 0.726277 0.772598 0.738443 0.765937 0.7579080000000001 0.766889 0.779805 0.771646 0.787105 0.778306 0.804136 0.788773 0.817518 0.792578 0.817518 0.796384 0.821168 0.901047 0.821168 0.90295 0.826034 0.885823 0.8442819999999999 0.872502 0.8613140000000001 0.869648 0.867397 0.867745 0.880779 0.870599 0.886861 0.875357 0.891727 0.896289 0.892944 0.899144 0.8953769999999999 0.904853 0.8953769999999999 0.908658 0.891727 0.912464 0.891727 0.915319 0.889294 0.923882 0.889294 0.931494 0.884428 0.937203 0.884428 0.939106 0.889294 0.942912 0.892944 0.959087 0.892944 0.964795 0.890511 0.970504 0.884428 0.9809709999999999 0.878345 0.991437 0.864964 0.994291 0.864964 0.994291 0.851582 0.9885819999999998 0.8479319999999999 0.983825 0.8479319999999999 0.9809709999999999 0.850365 0.980019 0.857664 0.97431 0.864964 0.96099 0.873479 0.958135 0.877129 0.950523 0.879562 0.946717 0.873479 0.940057 0.86983 0.925785 0.871046 0.917222 0.875912 0.903901 0.874696 0.901047 0.877129 0.882017 0.877129 0.881066 0.873479 0.913416 0.835766 0.915319 0.829684 0.915319 0.819951 0.911513 0.8102190000000001 0.906755 0.807786 0.861085 0.807786 0.852521 0.804136 0.827783 0.8053530000000001 0.822074 0.807786 0.803045 0.807786 0.794481 0.80292 0.788773 0.79562 0.781161 0.776156 0.777355 0.77129 0.777355 0.762774 0.783064 0.746959 0.792578 0.729927 0.792578 0.69708 0.787821 0.687348 0.781161 0.680049 0.776403 0.678832 0.76784 0.671533 0.760228 0.670316 0.752617 0.66545 0.749762 0.66545 0.729781 0.649635 0.722169 0.6386859999999999 0.715509 0.632603 0.697431 0.603406 0.691722 0.582725 0.691722 0.572993 0.698382 0.553528 0.714558 0.527981 0.714558 0.502433 0.702188 0.47445299999999996 0.690771 0.459854 0.675547 0.446472 0.671741 0.445255 0.656518 0.42457399999999995 0.647954 0.395377 0.647954 0.390511 0.655566 0.368613 0.655566 0.349148 0.65176 0.335766 0.62607 0.312652 0.615604 0.306569 0.605138 0.29562 0.599429 0.281022 0.594672 0.262774 0.590866 0.259124
1 0.679353 0.479319 0.675547 0.47445299999999996 0.664129 0.47445299999999996 0.652712 0.479319 0.643197 0.487835 0.633682 0.5 0.632731 0.507299 0.637488 0.515815 0.6451 0.521898 0.629876 0.530414 0.610847 0.53163 0.596575 0.529197 0.595623 0.527981 0.604186 0.517032 0.604186 0.497567 0.596575 0.490268 0.586108 0.487835 0.570885 0.487835 0.550904 0.495134 0.542341 0.506083 0.542341 0.519465 0.552807 0.530414 0.552807 0.532847 0.549952 0.536496 0.53568 0.543796 0.516651 0.543796 0.49381499999999995 0.537713 0.487155 0.537713 0.484301 0.540146 0.483349 0.547445 0.485252 0.551095 0.4928640000000001 0.552311 0.499524 0.555961 0.508088 0.555961 0.512845 0.558394 0.539486 0.558394 0.558516 0.548662 0.564225 0.541363 0.564225 0.524331 0.562322 0.519465 0.55471 0.512165 0.557564 0.508516 0.570885 0.502433 0.582303 0.502433 0.591817 0.504866 0.59372 0.507299 0.588011 0.515815 0.581351 0.519465 0.577545 0.524331 0.575642 0.529197 0.575642 0.534063 0.577545 0.537713 0.585157 0.542579 0.590866 0.542579 0.594672 0.545012 0.633682 0.545012 0.649857 0.537713 0.659372 0.529197 0.659372 0.517032 0.647954 0.50365 0.658421 0.492701 0.661275 0.492701 0.666032 0.489051 0.67745 0.489051 0.679353 0.485401
1 0.75452 0.681265 0.751665 0.678832 0.744053 0.678832 0.738344 0.686131 0.725975 0.695864 0.723121 0.701946 0.724072 0.717762 0.72883 0.726277 0.725975 0.729927 0.693625 0.739659 0.689819 0.738443 0.692674 0.73601 0.693625 0.72871 0.691722 0.725061 0.687916 0.722628 0.687916 0.711679 0.679353 0.7031630000000001 0.667935 0.69708 0.642245 0.6982970000000001 0.621313 0.7080290000000001 0.614653 0.715328 0.61275 0.739659 0.607041 0.7457419999999999 0.590866 0.7493920000000001 0.5804 0.7493920000000001 0.576594 0.746959 0.586108 0.734793 0.588011 0.729927 0.588011 0.721411 0.583254 0.712895 0.575642 0.7080290000000001 0.562322 0.7080290000000001 0.545195 0.711679 0.531874 0.718978 0.514748 0.737226 0.4928640000000001 0.7445259999999999 0.470029 0.7445259999999999 0.460514 0.739659 0.456708 0.734793 0.456708 0.722628 0.453853 0.715328 0.447193 0.710462 0.429115 0.710462 0.41294 0.721411 0.409134 0.727494 0.405328 0.72871 0.382493 0.727494 0.379638 0.729927 0.378687 0.737226 0.382493 0.7420919999999999 0.409134 0.743309 0.4196 0.738443 0.423406 0.73236 0.433873 0.725061 0.443387 0.725061 0.446242 0.729927 0.446242 0.743309 0.455756 0.7542580000000001 0.462417 0.7579080000000001 0.502379 0.7579080000000001 0.525214 0.748175 0.53568 0.734793 0.549001 0.726277 0.563273 0.722628 0.572788 0.722628 0.575642 0.726277 0.574691 0.72871 0.566127 0.73601 0.559467 0.746959 0.560419 0.756691 0.569933 0.762774 0.603235 0.762774 0.610847 0.760341 0.620362 0.753041 0.624167 0.7445259999999999 0.625119 0.723844 0.628925 0.720195 0.644148 0.712895 0.664129 0.711679 0.671741 0.715328 0.674596 0.718978 0.673644 0.72871 0.662226 0.733577 0.657469 0.7408759999999999 0.658421 0.748175 0.663178 0.753041 0.669838 0.7542580000000001 0.672693 0.756691 0.685062 0.756691 0.688868 0.7542580000000001 0.704091 0.753041 0.730733 0.7445259999999999 0.740247 0.73601 0.740247 0.720195 0.734539 0.7080290000000001 0.736441 0.70438 0.751665 0.6946469999999999 0.75452 0.690998
2 0.481446 0.00365 0.481446 0.008516 0.483349 0.012165 0.48810699999999996 0.012165 0.507136 0.020680999999999998 0.511893 0.020680999999999998 0.517602 0.024331 0.523311 0.024331 0.532826 0.030414 0.537583 0.030414 0.553758 0.042579 0.562322 0.04622899999999999 0.569933 0.04622899999999999 0.575642 0.043796 0.600381 0.024331 0.609895 0.020680999999999998 0.61275 0.014599 0.61275 0.009732 0.607041 0 0.603235 0.004866 0.597526 0.004866 0.596575 0.009732 0.581351 0.019465 0.579448 0.023114 0.568982 0.030414 0.562322 0.030414 0.544244 0.017032 0.539486 0.017032 0.527117 0.009732 0.513796 0.007299 0.49762100000000004 0 0.483349 0
2 0.608944 0.088808 0.607041 0.085158 0.592769 0.076642 0.588011 0.076642 0.582303 0.071776 0.566127 0.07056 0.558516 0.076642 0.552807 0.076642 0.541389 0.083942 0.531874 0.083942 0.527117 0.086375 0.50999 0.088808 0.506185 0.092457 0.505233 0.099757 0.509039 0.10462299999999998 0.513796 0.10462299999999998 0.516651 0.10219 0.525214 0.10219 0.539486 0.097324 0.548049 0.097324 0.557564 0.091241 0.563273 0.091241 0.572788 0.083942 0.584206 0.091241 0.589914 0.092457 0.597526 0.100973 0.603235 0.100973 0.607992 0.097324
2 0.559467 0.083942 0.555661 0.088808 0.555661 0.09854 0.557564 0.10219 0.557564 0.122871 0.562322 0.148418 0.562322 0.160584 0.56803 0.180049 0.568982 0.198297 0.56803 0.220195 0.566127 0.223844 0.566127 0.231144 0.56137 0.248175 0.56137 0.256691 0.563273 0.260341 0.570885 0.260341 0.574691 0.249392 0.578497 0.227494 0.578497 0.171533 0.575642 0.16545000000000004 0.571836 0.128954 0.56803 0.114355 0.56803 0.092457 0.565176 0.085158
2 0.592769 0.092457 0.588011 0.09854 0.586108 0.114355 0.583254 0.124088 0.574691 0.18613099999999996 0.572788 0.18978100000000003 0.572788 0.201946 0.578497 0.216545 0.589914 0.23600999999999997 0.591817 0.254258 0.600381 0.255474 0.602284 0.251825 0.602284 0.23965899999999998 0.600381 0.23600999999999997 0.600381 0.22871 0.596575 0.218978 0.588963 0.208029 0.584206 0.19708 0.59372 0.142336 0.59372 0.131387 0.596575 0.124088 0.599429 0.10705600000000001 0.599429 0.094891 0.596575 0.092457