0 0.370316 0.004891 0.367377 0.008893 0.365173 0.010227 0.362968 0.016452 0.351212 0.020898 0.347539 0.023566 0.346804 0.040018 0.343865 0.041796 0.337987 0.043575 0.332109 0.046687 0.326965 0.047132 0.321822 0.0498 0.314475 0.052023 0.310066 0.052468 0.302719 0.05558 0.300514 0.05558 0.295371 0.057359 0.290228 0.05780299999999999 0.279941 0.06225 0.271124 0.063584 0.260103 0.06803 0.249082 0.06892 0.235121 0.073811 0.22777399999999998 0.075145 0.220426 0.0747 0.20867 0.078702 0.20058800000000002 0.080036 0.19177100000000002 0.08048 0.185158 0.082703 0.16532 0.091596 0.159442 0.09293 0.159442 0.110271 0.155033 0.132948 0.155033 0.138284 0.162381 0.152068 0.166789 0.168519 0.175606 0.182303 0.17781 0.190751 0.184423 0.206759 0.192506 0.221432 0.195445 0.23032500000000003 0.20499600000000004 0.244553 0.23952999999999997 0.285905 0.244673 0.29791 0.251286 0.307248 0.260103 0.31703 0.26745 0.329035 0.274798 0.338373 0.283615 0.355269 0.288024 0.374389 0.289493 0.375278 0.293167 0.381503 0.292432 0.383726 0.290963 0.384615 0.294636 0.392174 0.296106 0.401956 0.297575 0.40418 0.303453 0.407292 0.304188 0.411294 0.301984 0.41574 0.306392 0.421076 0.301984 0.422855 0.29978 0.42241 0.29978 0.429524 0.296841 0.434415 0.296106 0.439751 0.292432 0.446865 0.279941 0.464206 0.279941 0.46554 0.283615 0.46954200000000007 0.305658 0.469987 0.326231 0.47265500000000005 0.354886 0.47265500000000005 0.390889 0.475767 0.40044099999999994 0.475767 0.411462 0.47443299999999994 0.529023 0.47443299999999994 0.692873 0.479769 0.708303 0.479324 0.714181 0.47799 0.720059 0.47799 0.728876 0.476656 0.742101 0.47220999999999996 0.743571 0.4708760000000001 0.735489 0.46242799999999995 0.727406 0.445531 0.726672 0.439751 0.724467 0.436194 0.723733 0.422855 0.721528 0.422855 0.721528 0.420187 0.726672 0.410849 0.727406 0.401067 0.730345 0.394842 0.739897 0.380169 0.743571 0.370387 0.749449 0.361939 0.747245 0.362828 0.74651 0.364162 0.74504 0.363273 0.745775 0.361494 0.7597349999999999 0.343264 0.767083 0.329035 0.774431 0.321032 0.780309 0.307248 0.783248 0.295242 0.7905950000000002 0.280569 0.795738 0.263673 0.8023510000000001 0.250333 0.80676 0.232103 0.808964 0.228101 0.809699 0.218319 0.8119030000000002 0.214762 0.8119030000000002 0.175189 0.819985 0.152068 0.82072 0.144953 0.8236590000000001 0.138728 0.828802 0.132948 0.832476 0.12361000000000001 0.836885 0.116052 0.8376190000000001 0.111605 0.840558 0.10538 0.8471710000000001 0.098266 0.853049 0.094264 0.8376190000000001 0.086705 0.825129 0.081814 0.816312 0.081369 0.8141070000000001 0.08048 0.806025 0.079591 0.793534 0.075589 0.78986 0.075589 0.782513 0.073811 0.7773699999999999 0.073366 0.766348 0.069809 0.7619399999999998 0.069809 0.750184 0.065807 0.735489 0.064473 0.722263 0.060027 0.710507 0.05780299999999999 0.703894 0.055136 0.690669 0.052023 0.68626 0.0498 0.673769 0.047132 0.663483 0.043575 0.6554 0.038684 0.652461 0.034237 0.651727 0.030236000000000002 0.648788 0.026234 0.648788 0.023566 0.645114 0.016007 0.629684 0.008004 0.623806 0.007114 0.617193 0.004891 0.603233 0.004446 0.595885 0.009782 0.58266 0.012895 0.577517 0.013339 0.568699 0.016007 0.559148 0.020454 0.533431 0.020009 0.517267 0.025789 0.509184 0.025345 0.499633 0.021787 0.493755 0.018675 0.482733 0.015561999999999998 0.46362999999999993 0.015561999999999998 0.454813 0.017341 0.447465 0.017341 0.438648 0.015118000000000001 0.424688 0.016452 0.42174899999999993 0.015561999999999998 0.415136 0.011116 0.413666 0.008004 0.405584 0.000445 0.399706 0.000445 0.39529800000000004 0.001334 0.387215 0.004891
5 0.158707 0.094264 0.149155 0.097377 0.136664 0.104936 0.129317 0.112939 0.125643 0.11516200000000001 0.12270399999999998 0.119164 0.11976499999999998 0.12094300000000001 0.110213 0.13028 0.08964 0.162739 0.083027 0.169853 0.080823 0.176968 0.07568 0.184971 0.073475 0.195198 0.069067 0.206314 0.067597 0.220542 0.062453999999999996 0.23566000000000004 0.061719 0.24233000000000002 0.04996300000000001 0.275233 0.047024 0.285905 0.047024 0.289907 0.042616 0.299689 0.040411 0.312583 0.036738 0.321032 0.034533 0.334371 0.031594 0.34193 0.02939 0.355269 0.02939 0.362383 0.027186000000000002 0.369942 0.026451000000000002 0.389062 0.022777 0.406847 0.021308 0.424189 0.018369 0.433971 0.018369 0.45398 0.01543 0.465985 0.01543 0.479324 0.013225999999999998 0.4864379999999999 0.013225999999999998 0.505113 0.010287 0.514451 0.009552 0.539351 0.006612999999999999 0.550467 0.006612999999999999 0.616719 0.003674 0.632726 0.004409 0.671854 0.007348 0.686527 0.012491000000000002 0.700311 0.01543 0.722988 0.020573 0.738995 0.024247000000000005 0.74522 0.027921 0.756336 0.03086 0.761672 0.041146 0.773233 0.041146 0.77679 0.036738 0.790129 0.036003 0.801245 0.03086 0.809693 0.03086 0.828368 0.030125 0.830591 0.027921 0.83237 0.027186000000000002 0.839929 0.022043 0.853268 0.019104 0.855491 0.01543 0.866163 0.011021 0.873277 0.005143 0.902623 0.000735 0.910182 0 0.9195200000000001 0.003674 0.9235220000000001 0.004409 0.926189 0.008082 0.9266340000000001 0.011021 0.9293019999999999 0.01543 0.9293019999999999 0.018369 0.931525 0.023512 0.931525 0.026451000000000002 0.933748 0.032329 0.933748 0.036003 0.935527 0.052168 0.935527 0.055107 0.938195 0.058046 0.938195 0.061719 0.939529 0.086701 0.938195 0.112417 0.938639 0.1205 0.916852 0.12270399999999998 0.902179 0.129317 0.885282 0.133725 0.859048 0.136664 0.852823 0.13446 0.849266 0.133725 0.845265 0.13446 0.835482 0.141073 0.831036 0.147686 0.823922 0.152094 0.81325 0.163115 0.797243 0.164585 0.793686 0.174137 0.790129 0.184423 0.78835 0.19324 0.787906 0.199853 0.783459 0.211609 0.772343 0.214548 0.765674 0.21969100000000003 0.759893 0.223365 0.748333 0.229978 0.735883 0.229978 0.729658 0.232917 0.721209 0.23365199999999997 0.711427 0.23659099999999997 0.705647 0.238795 0.694086 0.240999 0.688751 0.240999 0.614051 0.243938 0.604269 0.243938 0.574033 0.24687699999999999 0.565585 0.247612 0.556247 0.24981599999999998 0.551801 0.24981599999999998 0.508226 0.24687699999999999 0.498888 0.24687699999999999 0.488217 0.243938 0.479769 0.243938 0.456203 0.240999 0.44731 0.240999 0.421965 0.243204 0.412628 0.240999 0.405514 0.240999 0.373499 0.238795 0.36683 0.238795 0.325033 0.235856 0.315251 0.235856 0.290351 0.237325 0.284126 0.204262 0.244553 0.19471000000000002 0.23032500000000003 0.19177100000000002 0.221432 0.183688 0.206759 0.177076 0.190751 0.174871 0.182303 0.166054 0.168519 0.161646 0.152068 0.154298 0.138284 0.154298 0.132948 0.158707 0.110271
5 0.8427630000000002 0.088928 0.853784 0.094264 0.847906 0.098266 0.841293 0.10538 0.838354 0.111605 0.8376190000000001 0.116052 0.8332110000000001 0.12361000000000001 0.829537 0.132948 0.8243939999999998 0.138728 0.8214550000000002 0.144953 0.82072 0.152068 0.8126379999999999 0.175189 0.8126379999999999 0.214762 0.8104339999999999 0.218319 0.809699 0.228101 0.807494 0.232103 0.803086 0.250333 0.797943 0.260116 0.79133 0.280569 0.782513 0.299244 0.782513 0.374833 0.779574 0.382837 0.779574 0.453535 0.782513 0.46331700000000003 0.782513 0.506892 0.787656 0.529569 0.787656 0.547799 0.7905950000000002 0.558915 0.7905950000000002 0.594042 0.793534 0.607826 0.793534 0.635838 0.796473 0.650067 0.796473 0.698088 0.793534 0.712761 0.793534 0.721654 0.796473 0.733215 0.796473 0.751 0.807494 0.791463 0.811168 0.791908 0.822924 0.795909 0.832476 0.801245 0.840558 0.808359 0.8457019999999998 0.817252 0.8457019999999998 0.831481 0.844232 0.833704 0.844232 0.837261 0.8457019999999998 0.840818 0.8457019999999998 0.87639 0.8471710000000001 0.88217 0.848641 0.883059 0.8493750000000001 0.885282 0.853049 0.887506 0.859662 0.89462 0.8648049999999999 0.905736 0.88097 0.9195200000000001 0.8883169999999999 0.928413 0.897134 0.933748 0.914034 0.9408630000000001 0.927259 0.9448639999999999 0.9331369999999999 0.942641 0.939015 0.9430860000000001 0.9426889999999999 0.9413070000000001 0.9617930000000001 0.9408630000000001 0.965467 0.938639 0.978692 0.938639 0.9816309999999999 0.9368610000000002 0.986774 0.936416 0.992652 0.93108 0.9992650000000001 0.915073 0.996326 0.884838 0.990448 0.87639 0.9875090000000001 0.866607 0.98457 0.862606 0.9816309999999999 0.860827 0.978692 0.855047 0.977223 0.839929 0.96914 0.825256 0.967671 0.810582 0.963262 0.798133 0.962528 0.783904 0.957384 0.774122 0.958854 0.771009 0.9617930000000001 0.769675 0.9639970000000001 0.767008 0.968406 0.76434 0.9713450000000001 0.756781 0.9735490000000001 0.745665 0.9735490000000001 0.735883 0.9831010000000001 0.706536 0.98604 0.685193 0.98604 0.675411 0.9889789999999999 0.665629 0.9897129999999998 0.643842 0.9911829999999999 0.638951 0.9911829999999999 0.547799 0.9897129999999998 0.527345 0.986774 0.508671 0.98457 0.50289 0.9831010000000001 0.47220999999999996 0.9794269999999999 0.46198300000000003 0.9779569999999999 0.444197 0.974284 0.433526 0.972079 0.415296 0.966936 0.402401 0.9662009999999999 0.393508 0.9617930000000001 0.378835 0.960323 0.367274 0.955915 0.35438 0.953711 0.336594 0.9500370000000001 0.326367 0.949302 0.315696 0.944159 0.300133 0.9426889999999999 0.277457 0.93975 0.266785 0.93975 0.255669 0.934607 0.241441 0.933872 0.23076900000000003 0.930198 0.218319 0.92579 0.210316 0.9191769999999999 0.189862 0.916238 0.18586 0.9155030000000001 0.182748 0.9037470000000001 0.160071 0.897134 0.152512 0.891256 0.142285 0.8897870000000001 0.135616 0.8802350000000001 0.11783000000000002 0.869949 0.106269 0.862601 0.100934 0.860397 0.098266 0.852314 0.09293
4 0.767083 0.49088500000000007 0.767083 0.49355299999999996 0.770022 0.496221 0.770757 0.498444 0.770757 0.49132900000000007 0.770022 0.49044 0.282145 0.468208 0.274063 0.47888 0.271859 0.480213 0.269655 0.479769 0.26745 0.48154700000000006 0.257899 0.495331 0.25349 0.511783 0.24246899999999996 0.536683 0.23365199999999997 0.566474 0.21675200000000003 0.595376 0.190301 0.629613 0.171198 0.656292 0.136664 0.698533 0.11094799999999999 0.733659 0.10874400000000001 0.73855 0.092579 0.76345 0.065393 0.811472 0.027186000000000002 0.870609 0.006612999999999999 0.893286 0.007348 0.898622 0.005143 0.903957 0.00147 0.908848 0.000735 0.916852 0.002204 0.9230769999999999 0.005143 0.9266340000000001 0.011021 0.928857 0.01543 0.9293019999999999 0.021308 0.931525 0.033799 0.934193 0.038207 0.935972 0.051433000000000006 0.9368610000000002 0.060985 0.939529 0.076414 0.939529 0.083762 0.93775 0.108009 0.93775 0.11388699999999999 0.939529 0.121969 0.939529 0.128582 0.938195 0.133725 0.9390840000000001 0.137399 0.9417520000000001 0.136664 0.947532 0.131521 0.957314 0.126378 0.962205 0.125643 0.9679859999999999 0.121969 0.9724319999999999 0.121969 0.973766 0.125643 0.975989 0.130051 0.976879 0.21969100000000003 0.976879 0.24687699999999999 0.9679859999999999 0.255694 0.9675410000000001 0.271124 0.963984 0.290228 0.962205 0.296106 0.9608710000000001 0.308597 0.9608710000000001 0.318148 0.958648 0.324026 0.958648 0.326965 0.959538 0.330639 0.961761 0.332109 0.9644290000000001 0.334313 0.9657629999999999 0.359295 0.9719879999999999 0.426892 0.9724319999999999 0.441587 0.9693200000000001 0.454078 0.9684299999999999 0.46216 0.9662069999999999 0.481264 0.959093 0.487877 0.9533129999999999 0.49155 0.954647 0.4908159999999999 0.956425 0.492285 0.9626500000000001 0.486407 0.9679859999999999 0.486407 0.971543 0.4908159999999999 0.976879 0.498163 0.979546 0.514328 0.9822140000000001 0.518001 0.9839930000000001 0.527553 0.9911070000000001 0.537105 0.9942199999999999 0.548861 0.995998 0.552535 0.997332 0.56723 0.997332 0.573108 0.998221 0.631888 0.998221 0.64291 0.996888 0.653931 0.997332 0.659809 0.995109 0.664952 0.9942199999999999 0.671565 0.9942199999999999 0.679647 0.9924409999999999 0.68626 0.9924409999999999 0.698751 0.9911070000000001 0.719324 0.9844380000000001 0.721528 0.9822140000000001 0.720794 0.973321 0.723733 0.971543 0.728876 0.971543 0.735489 0.9750999999999999 0.739897 0.979102 0.740632 0.9822140000000001 0.745775 0.9884390000000001 0.74651 0.9906630000000001 0.7523879999999998 0.9946639999999999 0.759001 0.995998 0.7619399999999998 0.997332 0.7692869999999999 0.998221 0.795004 0.998221 0.806025 0.996888 0.811168 0.995109 0.815577 0.9915519999999999 0.815577 0.979546 0.817781 0.976434 0.8221899999999999 0.974655 0.832476 0.974655 0.840558 0.979991 0.847906 0.982659 0.853049 0.9822140000000001 0.8684790000000001 0.978657 0.871418 0.976879 0.8743569999999999 0.973321 0.8765609999999999 0.9679859999999999 0.8795 0.9662069999999999 0.884644 0.9648730000000001 0.887583 0.958648 0.8964 0.952868 0.898604 0.9502 0.898604 0.9448639999999999 0.902278 0.942641 0.919912 0.942197 0.9265250000000002 0.942641 0.9294639999999998 0.9435300000000001 0.937546 0.9435300000000001 0.950771 0.940418 0.95665 0.940418 0.934607 0.9172970000000001 0.9265250000000002 0.910627 0.9177079999999999 0.901289 0.9147690000000002 0.894175 0.906686 0.881281 0.8978689999999999 0.872388 0.892726 0.864829 0.8824390000000001 0.845709 0.8743569999999999 0.827034 0.86554 0.815029 0.859662 0.803468 0.850845 0.780791 0.8434969999999999 0.746999 0.8376190000000001 0.732325 0.836885 0.715874 0.8243939999999998 0.64651 0.817781 0.630502 0.815577 0.617163 0.806025 0.585149 0.797943 0.572254 0.793534 0.562028 0.779574 0.544242 0.774431 0.531347 0.773696 0.52112 0.768553 0.514896 0.766348 0.507781 0.756062 0.495331 0.755327 0.4922190000000001 0.750918 0.48732799999999993 0.750184 0.48154700000000006 0.747979 0.477101 0.743571 0.47220999999999996 0.724467 0.47799 0.714181 0.478435 0.702425 0.480213 0.529023 0.474878 0.411462 0.474878 0.40044099999999994 0.476212 0.390889 0.476212 0.354886 0.47309900000000005 0.326231 0.47309900000000005 0.305658 0.470431 0.283615 0.469987
6 0.172667 0.083593 0.168993 0.084482 0.164585 0.08715 0.157972 0.095153 0.152094 0.108937 0.152094 0.159627 0.155033 0.164962 0.157237 0.175189 0.16385 0.184971 0.166054 0.192975 0.171932 0.202757 0.174137 0.212539 0.193975 0.244553 0.196179 0.254335 0.202792 0.262339 0.204262 0.26723 0.21014 0.278346 0.215283 0.282348 0.21969100000000003 0.288128 0.2241 0.290796 0.22777399999999998 0.291685 0.232917 0.291685 0.23659099999999997 0.290796 0.241734 0.287239 0.241734 0.278791 0.238795 0.2739 0.231447 0.269453 0.22483499999999998 0.255225 0.220426 0.250333 0.217487 0.239662 0.215283 0.237439 0.20499600000000004 0.218764 0.198384 0.208982 0.196179 0.199644 0.190301 0.189862 0.18809699999999996 0.181859 0.181484 0.172076 0.180015 0.164073 0.176341 0.156514 0.176341 0.112494 0.180015 0.103602 0.184423 0.100489 0.184423 0.097377 0.187362 0.094264 0.187362 0.089373 0.185893 0.08715 0.181484 0.084482 0.17781 0.083593
6 0.847906 0.090262 0.8427630000000002 0.090262 0.839089 0.091152 0.83468 0.093819 0.8332110000000001 0.096043 0.8332110000000001 0.100934 0.8310070000000002 0.107159 0.816312 0.13695 0.8141070000000001 0.151623 0.808229 0.162739 0.806025 0.17341 0.806025 0.186305 0.803086 0.194753 0.803086 0.218764 0.8001470000000002 0.228546 0.8001470000000002 0.24722100000000002 0.797208 0.253001 0.78986 0.275233 0.781778 0.281458 0.7810429999999999 0.286349 0.778839 0.288128 0.778104 0.291685 0.774431 0.293908 0.772961 0.296132 0.772961 0.301023 0.774431 0.303246 0.778839 0.305914 0.782513 0.306803 0.787656 0.306803 0.79133 0.305914 0.797208 0.302357 0.7986770000000001 0.299689 0.801616 0.297466 0.8023510000000001 0.294353 0.80529 0.291241 0.80529 0.287683 0.809699 0.284571 0.8141070000000001 0.278346 0.8214550000000002 0.256114 0.8243939999999998 0.250333 0.8243939999999998 0.23165899999999998 0.827333 0.221876 0.827333 0.197866 0.829537 0.192085 0.829537 0.179635 0.832476 0.165851 0.838354 0.154735 0.840558 0.139618 0.853784 0.113828 0.857458 0.104046 0.8567230000000001 0.094709 0.85158 0.091152
7 0.268185 0.46643 0.268185 0.46954200000000007 0.269655 0.47176500000000005 0.275533 0.474878 0.283615 0.475767 0.313005 0.476656 0.336517 0.478435 0.4731810000000001 0.478435 0.523145 0.481992 0.556943 0.481992 0.59809 0.48510400000000004 0.64144 0.48510400000000004 0.661278 0.48332600000000003 0.680382 0.48332600000000003 0.696547 0.480213 0.711242 0.480213 0.718589 0.478435 0.724467 0.480213 0.734754 0.480213 0.738428 0.479324 0.742836 0.476656 0.744306 0.47443299999999994 0.744306 0.468208 0.739162 0.4646509999999999 0.735489 0.463762 0.713446 0.463762 0.706098 0.46554 0.691403 0.46554 0.6723 0.469097 0.650257 0.469097 0.636297 0.470431 0.603233 0.470431 0.562087 0.467319 0.528288 0.467319 0.478325 0.463762 0.341661 0.463762 0.288024 0.460649 0.275533 0.46109400000000006 0.269655 0.464206
2 0.371051 0.005336 0.367377 0.006225 0.362968 0.008893 0.361499 0.011116 0.362234 0.015561999999999998 0.37692899999999996 0.036016 0.38648099999999996 0.045798 0.407054 0.062695 0.409258 0.06892 0.414401 0.074255 0.414401 0.089373 0.408523 0.102268 0.408523 0.139618 0.414401 0.152068 0.414401 0.158737 0.41734 0.165851 0.419544 0.176078 0.4254220000000001 0.187194 0.430566 0.200978 0.437913 0.209426 0.44011799999999995 0.21076 0.444526 0.218319 0.454078 0.227657 0.46216 0.237439 0.466569 0.244998 0.47905999999999993 0.259671 0.481264 0.264562 0.483468 0.266785 0.484203 0.273455 0.488611 0.280124 0.495959 0.284571 0.506245 0.285016 0.509919 0.284126 0.515062 0.280569 0.517267 0.274344 0.534901 0.253446 0.539309 0.244553 0.549596 0.23566000000000004 0.559148 0.221876 0.570169 0.208982 0.577517 0.197866 0.581925 0.193419 0.600294 0.166741 0.606172 0.155625 0.606172 0.129391 0.603968 0.125389 0.598824 0.108048 0.595151 0.102268 0.595151 0.094709 0.590007 0.088928 0.590007 0.08715 0.587068 0.082703 0.587068 0.073366 0.598824 0.062695 0.604702 0.055136 0.616458 0.046243 0.620867 0.039129 0.628949 0.031125 0.633358 0.023121 0.639236 0.018675 0.639971 0.01245 0.638501 0.010227 0.634093 0.007559000000000001 0.630419 0.00667 0.625276 0.00667 0.621602 0.007559000000000001 0.611315 0.013784 0.609846 0.016007 0.609846 0.01912 0.607641 0.021343 0.606907 0.024011 0.598824 0.032014 0.595151 0.038684 0.584129 0.046687 0.575312 0.057359 0.563556 0.06803 0.562821 0.085816 0.56576 0.090262 0.566495 0.093819 0.571639 0.0996 0.571639 0.106714 0.574578 0.111605 0.579721 0.128502 0.58266 0.133837 0.58266 0.151178 0.576047 0.162739 0.557678 0.189418 0.552535 0.194753 0.548861 0.200978 0.53637 0.216096 0.528288 0.228101 0.516532 0.238773 0.512123 0.24766599999999997 0.504041 0.257003 0.502572 0.256114 0.501837 0.253001 0.489346 0.239217 0.4849379999999999 0.23165899999999998 0.4753859999999999 0.220098 0.468773 0.213873 0.460691 0.202312 0.454078 0.196087 0.449669 0.184082 0.443791 0.172966 0.442322 0.165407 0.438648 0.155625 0.438648 0.14851 0.43277 0.136505 0.43277 0.105825 0.438648 0.09293 0.438648 0.069364 0.43717900000000004 0.067141 0.43277 0.064028 0.429096 0.05558 0.407788 0.038239 0.397502 0.027568 0.385011 0.008893 0.379133 0.00578
7 0.857458 0.806581 0.857458 0.801245 0.855988 0.799022 0.842028 0.791463 0.83468 0.791018 0.8310070000000002 0.791908 0.827333 0.794131 0.8258630000000001 0.794131 0.797208 0.786127 0.7869210000000001 0.784793 0.7656139999999999 0.778124 0.747979 0.776345 0.71565 0.770565 0.689199 0.765229 0.660544 0.758115 0.599559 0.730547 0.563556 0.715874 0.528288 0.697643 0.516532 0.687417 0.514328 0.684304 0.509919 0.681636 0.506245 0.680747 0.501102 0.680747 0.496694 0.682081 0.495224 0.679413 0.4908159999999999 0.676745 0.487142 0.675856 0.481999 0.675856 0.472447 0.678524 0.466569 0.682081 0.459956 0.684304 0.450404 0.690084 0.439383 0.693197 0.430566 0.697199 0.422483 0.70209 0.4180749999999999 0.706092 0.404849 0.713651 0.351947 0.734104 0.332109 0.743442 0.301249 0.753668 0.279206 0.759004 0.247612 0.765229 0.22777399999999998 0.771009 0.183688 0.779458 0.168993 0.780791 0.138868 0.780791 0.12270399999999998 0.779458 0.093314 0.774122 0.087436 0.774122 0.083762 0.775011 0.079353 0.777679 0.077884 0.779902 0.077884 0.783015 0.079353 0.785238 0.086701 0.788795 0.118295 0.794131 0.133725 0.795465 0.174137 0.795465 0.18883200000000003 0.794131 0.231447 0.786127 0.259368 0.778568 0.285084 0.773677 0.310801 0.767452 0.3446 0.756336 0.366642 0.746109 0.38868499999999995 0.738106 0.42174899999999993 0.724767 0.43717900000000004 0.715429 0.44599599999999995 0.708759 0.454813 0.705202 0.462895 0.702979 0.478325 0.694976 0.49155 0.690974 0.495959 0.695865 0.509184 0.706981 0.548861 0.727879 0.584864 0.742552 0.648788 0.771454 0.679647 0.779013 0.710507 0.785238 0.742836 0.791018 0.756062 0.791908 0.773696 0.797688 0.7891259999999999 0.800356 0.8258630000000001 0.810582 0.832476 0.810582 0.8376190000000001 0.812361 0.847906 0.812361 0.85158 0.811472 0.855988 0.808804
1 0 0.910627 0 0.9226320000000001 0.035268 0.938639 0.064658 0.9390840000000001 0.084497 0.940418 0.125643 0.940418 0.127112 0.942641 0.12270399999999998 0.9484219999999999 0.117561 0.958648 0.11388699999999999 0.9630950000000001 0.11388699999999999 0.971543 0.115356 0.973766 0.1205 0.976879 0.127847 0.979102 0.147686 0.98088 0.153564 0.98088 0.167524 0.979102 0.201323 0.979102 0.215283 0.977323 0.232182 0.973766 0.24687699999999999 0.9719879999999999 0.262307 0.971098 0.278472 0.9670960000000001 0.287289 0.9657629999999999 0.302719 0.9657629999999999 0.305658 0.9670960000000001 0.31374 0.9684299999999999 0.326965 0.9724319999999999 0.340926 0.9724319999999999 0.35709 0.974211 0.381337 0.974211 0.40631899999999993 0.9724319999999999 0.424688 0.9724319999999999 0.437913 0.9706539999999999 0.447465 0.9670960000000001 0.454813 0.9657629999999999 0.472447 0.963984 0.47905999999999993 0.963984 0.482733 0.9630950000000001 0.483468 0.979991 0.4849379999999999 0.9822140000000001 0.49155 0.9862160000000001 0.505511 0.9919959999999999 0.518001 0.9937749999999999 0.525349 0.996888 0.533431 0.998221 0.537105 0.999555 0.697281 0.999111 0.710507 0.996888 0.716385 0.99333 0.725202 0.9915519999999999 0.730345 0.987995 0.742101 0.992886 0.750918 0.998221 0.755327 0.999555 0.8221899999999999 0.999555 0.827333 0.99333 0.827333 0.9897729999999999 0.83468 0.985327 0.8361499999999998 0.983104 0.8449670000000001 0.985771 0.8567230000000001 0.985771 0.860397 0.9848820000000001 0.8684790000000001 0.980436 0.8765609999999999 0.978213 0.883909 0.973321 0.8964 0.961761 0.9000729999999999 0.95598 0.9052170000000002 0.952868 0.9147690000000002 0.952423 0.922116 0.9510889999999999 0.9368110000000001 0.947088 0.93975 0.947088 0.9500370000000001 0.9506449999999999 0.955915 0.9506449999999999 0.9595890000000001 0.949755 0.964732 0.9461980000000001 0.9639970000000001 0.939529 0.95665 0.935082 0.9500370000000001 0.932859 0.9294639999999998 0.932859 0.9096249999999999 0.93775 0.8978689999999999 0.938195 0.891256 0.940418 0.878766 0.9479770000000001 0.875092 0.954202 0.861132 0.9662069999999999 0.853049 0.9684299999999999 0.85011 0.9702089999999999 0.839824 0.9675410000000001 0.826598 0.9675410000000001 0.822924 0.9684299999999999 0.817781 0.971543 0.813373 0.977323 0.80529 0.9822140000000001 0.803086 0.985327 0.803086 0.9897729999999999 0.801616 0.9911070000000001 0.7869210000000001 0.9911070000000001 0.764879 0.985771 0.756062 0.980436 0.748714 0.977323 0.745775 0.971098 0.741367 0.9684299999999999 0.733284 0.9662069999999999 0.727406 0.9662069999999999 0.723733 0.9670960000000001 0.717855 0.9706539999999999 0.710507 0.979102 0.706098 0.979546 0.699486 0.983104 0.692138 0.9844380000000001 0.675974 0.9844380000000001 0.6554 0.987995 0.639236 0.9893289999999999 0.569434 0.9893289999999999 0.549596 0.9866610000000001 0.542983 0.9844380000000001 0.535636 0.983104 0.528288 0.979991 0.518736 0.978657 0.509919 0.975545 0.50698 0.973766 0.50698 0.957314 0.500367 0.9510889999999999 0.493755 0.947088 0.490081 0.9461980000000001 0.484203 0.9461980000000001 0.479794 0.947532 0.473916 0.9479770000000001 0.470977 0.949311 0.449669 0.9510889999999999 0.43717900000000004 0.9533129999999999 0.429831 0.956425 0.419544 0.957759 0.40117600000000003 0.957759 0.3761939999999999 0.959538 0.362234 0.959538 0.346069 0.957759 0.332843 0.957759 0.323292 0.954647 0.317414 0.953757 0.314475 0.951979 0.310801 0.9510889999999999 0.281411 0.9510889999999999 0.26892 0.9533129999999999 0.257164 0.956425 0.241734 0.957314 0.227039 0.959093 0.21014 0.9626500000000001 0.196179 0.9644290000000001 0.162381 0.9644290000000001 0.152829 0.9657629999999999 0.142542 0.9653180000000001 0.140338 0.9644290000000001 0.145481 0.954202 0.151359 0.9461980000000001 0.151359 0.9390840000000001 0.149155 0.93197 0.147686 0.929747 0.142542 0.9266340000000001 0.13446 0.9244110000000001 0.127847 0.9244110000000001 0.1205 0.926189 0.099192 0.926189 0.069802 0.9244110000000001 0.04482 0.9244110000000001 0.013959999999999998 0.910182 0.010287 0.909293 0.004409 0.909293
6 0.964732 0.775456 0.9581189999999999 0.771454 0.9448929999999999 0.771454 0.939015 0.773233 0.933872 0.776345 0.932403 0.780347 0.930198 0.781681 0.908156 0.786572 0.8919910000000001 0.791463 0.8780310000000001 0.794575 0.869949 0.795465 0.863336 0.795465 0.8545190000000001 0.794131 0.848641 0.794131 0.8449670000000001 0.79502 0.839824 0.798577 0.839824 0.804357 0.8449670000000001 0.807915 0.847906 0.808804 0.862601 0.810582 0.871418 0.810582 0.883174 0.809249 0.9015430000000001 0.805247 0.919912 0.799911 0.9404850000000001 0.795465 0.947098 0.792352 0.951506 0.791463 0.9639970000000001 0.782125
6 0.031594 0.768786 0.03086 0.773233 0.032329 0.775456 0.036738 0.778124 0.077149 0.787016 0.080823 0.78835 0.09992700000000002 0.791908 0.117561 0.797688 0.128582 0.799911 0.136664 0.803468 0.144747 0.803913 0.150625 0.805691 0.161646 0.805691 0.16532 0.804802 0.170463 0.801245 0.171198 0.79502 0.169728 0.792797 0.164585 0.789684 0.155768 0.786572 0.14842 0.786127 0.142542 0.787906 0.108009 0.777679 0.090375 0.774566 0.086701 0.773233 0.046289 0.76434 0.038207 0.764784