0 0.240816 0.00542 0.277551 0.075881 0.28163299999999997 0.097561 0.363265 0.208672 0.367347 0.281843 0.35102 0.308943 0.35102 0.319783 0.318367 0.36314399999999997 0.318367 0.371274 0.24898 0.487805 0.2 0.590786 0.2 0.601626 0.171429 0.636856 0.183673 0.642276 0.195918 0.636856 0.277551 0.636856 0.326531 0.626016 0.371429 0.601626 0.416327 0.601626 0.440816 0.609756 0.461224 0.623306 0.534694 0.647696 0.604082 0.653117 0.693878 0.653117 0.726531 0.644986 0.763265 0.626016 0.840816 0.628726 0.861224 0.623306 0.869388 0.617886 0.869388 0.590786 0.861224 0.585366 0.82449 0.588076 0.816327 0.579946 0.787755 0.49864500000000006 0.787755 0.474255 0.771429 0.45257500000000006 0.7224490000000001 0.311653 0.7224490000000001 0.287263 0.710204 0.273713 0.714286 0.157182 0.7224490000000001 0.130081 0.77551 0.073171 0.771429 0.0271 0.759184 0.01897 0.755102 0.00542 0.653061 0.00542 0.653061 0.01084 0.636735 0.01897 0.595918 0.01897 0.567347 0.01084 0.55102 0.01897 0.534694 0.01084 0.506122 0.01355 0.497959 0.00813 0.477551 0.00813 0.465306 0.00271 0.42449000000000003 0.00271 0.420408 0.01355 0.4 0.01084 0.363265 0.02439 0.334694 0.01626 0.326531 0.02168 0.314286 0.01626 0.297959 0.02168 0.269388 0.00813
5 0.228571 0.00271 0.134694 0.02439 0.122449 0.03523 0.138776 0.04607 0.138776 0.078591 0.114286 0.10027100000000001 0.126531 0.12195099999999999 0.118367 0.143631 0.012245000000000002 0.227642 0 0.24390199999999998 0 0.257453 0.016327 0.281843 0.032653 0.292683 0.077551 0.303523 0.122449 0.327913 0.171429 0.341463 0.24898 0.34959300000000004 0.273469 0.34959300000000004 0.28979600000000005 0.341463 0.310204 0.341463 0.314286 0.36314399999999997 0.330612 0.346883 0.363265 0.281843 0.359184 0.208672 0.277551 0.097561 0.273469 0.075881 0.244898 0.02168 0.244898 0.00542
5 0.75102 0.102981 0.734694 0.113821 0.7224490000000001 0.138211 0.710204 0.195122 0.710204 0.262873 0.718367 0.292683 0.730612 0.273713 0.742857 0.265583 0.759184 0.265583 0.767347 0.260163 0.804082 0.265583 0.82449 0.260163 0.832653 0.249322 0.853061 0.241192 0.857143 0.233062 0.853061 0.211382 0.820408 0.178862 0.779592 0.170732 0.75102 0.149051
4 0.159184 0.644986 0.159184 0.677507 0.134694 0.688347 0.122449 0.704607 0.118367 0.7479669999999999 0.102041 0.7723579999999999 0.093878 0.8563689999999999 0.04898000000000001 0.9078590000000001 0.04898000000000001 0.915989 0.061224 0.924119 0.089796 0.924119 0.102041 0.943089 0.146939 0.9620599999999999 0.240816 0.9620599999999999 0.257143 0.97019 0.297959 0.97019 0.326531 0.98103 0.440816 0.98374 0.465306 0.97561 0.477551 0.96477 0.506122 0.96477 0.522449 0.97561 0.526531 0.9972900000000001 0.555102 0.9972900000000001 0.616327 0.97832 0.628571 0.97832 0.64898 0.99458 0.734694 0.99458 0.75102 0.9864500000000002 0.853061 0.9864500000000002 0.889796 0.97561 0.934694 0.95122 0.967347 0.945799 0.995918 0.9132790000000001 0.995918 0.8970190000000001 0.897959 0.831978 0.897959 0.794038 0.881633 0.780488 0.869388 0.7479669999999999 0.881633 0.682927 0.877551 0.674797 0.8653060000000001 0.674797 0.857143 0.669377 0.8653060000000001 0.623306 0.840816 0.631436 0.763265 0.628726 0.726531 0.647696 0.693878 0.655827 0.604082 0.655827 0.534694 0.650407 0.461224 0.626016 0.440816 0.612466 0.416327 0.604336 0.371429 0.604336 0.326531 0.628726 0.277551 0.639566 0.195918 0.639566 0.183673 0.644986 0.167347 0.639566
7 0.163265 0.644986 0.179592 0.647696 0.302041 0.642276 0.314286 0.636856 0.330612 0.636856 0.334694 0.631436 0.363265 0.623306 0.371429 0.615176 0.404082 0.612466 0.444898 0.623306 0.493878 0.647696 0.522449 0.655827 0.571429 0.658537 0.591837 0.663957 0.693878 0.663957 0.742857 0.650407 0.771429 0.636856 0.869388 0.636856 0.869388 0.623306 0.763265 0.623306 0.734694 0.631436 0.710204 0.644986 0.693878 0.644986 0.681633 0.650407 0.591837 0.650407 0.542857 0.644986 0.526531 0.636856 0.514286 0.636856 0.469388 0.617886 0.461224 0.609756 0.42449000000000003 0.598916 0.37551 0.598916 0.314286 0.623306 0.28979600000000005 0.628726 0.167347 0.631436
2 0.244898 0.00813 0.244898 0.01626 0.257143 0.02168 0.277551 0.02168 0.302041 0.029810000000000003 0.371429 0.029810000000000003 0.444898 0.01355 0.514286 0.01626 0.57551 0.029810000000000003 0.620408 0.029810000000000003 0.677551 0.01355 0.710204 0.01355 0.738776 0.01897 0.755102 0.0271 0.77551 0.0271 0.77551 0.01626 0.763265 0.00813 0.710204 0 0.64898 0.00271 0.608163 0.01626 0.583673 0.01626 0.571429 0.01084 0.489796 0 0.416327 0.00271 0.359184 0.01626 0.310204 0.01626 0.269388 0.00542
1 0.995918 0.8915990000000001 0.987755 0.894309 0.987755 0.9078590000000001 0.959184 0.937669 0.930612 0.943089 0.857143 0.97832 0.832653 0.98374 0.746939 0.97832 0.697959 0.9918700000000001 0.661224 0.98916 0.640816 0.97832 0.591837 0.97832 0.563265 0.9918700000000001 0.5469389999999998 0.9918700000000001 0.538776 0.9864500000000002 0.534694 0.97019 0.510204 0.9566399999999999 0.481633 0.9566399999999999 0.43265300000000007 0.97832 0.367347 0.98103 0.342857 0.97832 0.314286 0.96477 0.265306 0.9620599999999999 0.261224 0.9566399999999999 0.236735 0.95122 0.142857 0.95122 0.118367 0.940379 0.102041 0.918699 0.073469 0.918699 0.057143 0.9078590000000001 0.040816 0.910569 0.040816 0.924119 0.085714 0.932249 0.093878 0.948509 0.122449 0.9620599999999999 0.232653 0.96477 0.253061 0.97561 0.293878 0.97561 0.322449 0.98916 0.35102 0.99458 0.404082 0.99458 0.453061 0.98916 0.489796 0.97561 0.493878 0.97019 0.514286 0.97832 0.522449 0.9972900000000001 0.6 0.9972900000000001 0.616327 0.98916 0.632653 0.9972900000000001 0.742857 0.9972900000000001 0.759184 0.9918700000000001 0.844898 0.9972900000000001 0.877551 0.98916 0.893878 0.97832 0.930612 0.9674799999999999 0.942857 0.9566399999999999 0.97551 0.95122 0.995918 0.932249
1 0.085714 0.859079 0.093878 0.864499 0.15102 0.864499 0.257143 0.837398 0.261224 0.831978 0.314286 0.810298 0.379592 0.758808 0.469388 0.829268 0.530612 0.8563689999999999 0.555102 0.859079 0.563265 0.864499 0.644898 0.864499 0.677551 0.8563689999999999 0.718367 0.837398 0.755102 0.8130080000000001 0.791837 0.775068 0.828571 0.8130080000000001 0.877551 0.834688 0.906122 0.837398 0.906122 0.823848 0.853061 0.804878 0.804082 0.758808 0.8 0.7479669999999999 0.787755 0.7479669999999999 0.746939 0.785908 0.742857 0.7967480000000001 0.685714 0.834688 0.661224 0.845528 0.644898 0.845528 0.632653 0.850949 0.5795920000000001 0.850949 0.538776 0.840108 0.489796 0.818428 0.428571 0.775068 0.387755 0.737127 0.371429 0.737127 0.326531 0.7777779999999999 0.261224 0.815718 0.171429 0.845528 0.138776 0.850949 0.089796 0.8482379999999999
6 0.244898 0.00271 0.240816 0.02439 0.24898 0.03523 0.269388 0.108401 0.28979600000000005 0.108401 0.28979600000000005 0.092141 0.28163299999999997 0.081301 0.28163299999999997 0.065041 0.269388 0.04878 0.261224 0.00542
6 0.28979600000000005 0.097561 0.277551 0.097561 0.244898 0.119241 0.204082 0.138211 0.155102 0.149051 0.106122 0.149051 0.102041 0.159892 0.159184 0.162602 0.216327 0.151762 0.28979600000000005 0.113821
7 0.359184 0.20054200000000003 0.342857 0.19783200000000004 0.293878 0.22493199999999997 0.277551 0.216802 0.257143 0.216802 0.253061 0.22493199999999997 0.240816 0.230352 0.232653 0.21951200000000004 0.195918 0.214092 0.17551 0.21951200000000004 0.146939 0.241192 0.106122 0.233062 0.065306 0.233062 0.057143 0.249322 0 0.241192 0 0.252033 0.040816 0.262873 0.106122 0.268293 0.110204 0.249322 0.126531 0.254743 0.159184 0.254743 0.195918 0.230352 0.21224500000000002 0.230352 0.220408 0.235772 0.220408 0.24390199999999998 0.228571 0.24661199999999997 0.253061 0.24661199999999997 0.273469 0.235772 0.314286 0.235772 0.355102 0.216802