0 0.457944 0.039963 0.461949 0.051115 0.461949 0.124535 0.457944 0.141264 0.463284 0.145911 0.471295 0.162639 0.471295 0.171933 0.461949 0.182156 0.45927900000000005 0.187732 0.491322 0.196097 0.522029 0.212825 0.551402 0.223048 0.596796 0.222119 0.598131 0.219331 0.624833 0.201673 0.632844 0.194238 0.632844 0.148699 0.640854 0.124535 0.640854 0.110595 0.632844 0.087361 0.623498 0.077138 0.623498 0.074349 0.616822 0.065056 0.602136 0.050186 0.599466 0.039963 0.595461 0.036245 0.562083 0.041822 0.483311 0.042751 0.477971 0.039963
5 0.41121500000000005 0 0.40053400000000006 0 0.385848 0.007435 0.37917199999999995 0.013941 0.377837 0.019517 0.375167 0.021375 0.3724970000000001 0.038104 0.3618160000000001 0.047398 0.3618160000000001 0.054833 0.369826 0.065985 0.36849099999999996 0.072491 0.35514 0.083643 0.329773 0.099442 0.320427 0.112454 0.325768 0.128253 0.332443 0.136617 0.343124 0.143123 0.345794 0.14684 0.343124 0.165428 0.320427 0.188662 0.320427 0.195167 0.325768 0.202602 0.332443 0.20632 0.38050699999999993 0.20632 0.3911879999999999 0.212825 0.397864 0.214684 0.42189600000000005 0.211896 0.424566 0.210037 0.424566 0.200743 0.41522 0.177509 0.417891 0.162639 0.424566 0.155204 0.4392519999999999 0.157063 0.445928 0.156134 0.449933 0.153346 0.456609 0.142193 0.460614 0.124535 0.460614 0.051115 0.456609 0.039963 0.460614 0.039033 0.456609 0.035316 0.436582 0.025093 0.433912 0.019517 0.425901 0.013011 0.423231 0.008364
6 0.343124 0.152416 0.343124 0.157063 0.348465 0.159851 0.376502 0.163569 0.387183 0.163569 0.397864 0.166357 0.417891 0.167286 0.4205610000000001 0.165428 0.4205610000000001 0.160781 0.417891 0.158922 0.403204 0.158922 0.392523 0.156134 0.365821 0.154275 0.360481 0.152416 0.353805 0.152416 0.351135 0.150558 0.345794 0.150558
6 0.408545 0 0.40587400000000007 0.0018590000000000002 0.40587400000000007 0.005576 0.429907 0.026022 0.456609 0.04461 0.455274 0.085502 0.46729 0.086431 0.468625 0.038104 0.465955 0.036245 0.461949 0.036245 0.440587 0.021375 0.41655500000000006 0
6 0.365821 0.068773 0.365821 0.072491 0.36849099999999996 0.074349 0.385848 0.074349 0.404539 0.078067 0.42189600000000005 0.078996 0.444593 0.085502 0.449933 0.089219 0.45927900000000005 0.089219 0.463284 0.086431 0.463284 0.082714 0.460614 0.080855 0.456609 0.080855 0.440587 0.074349 0.433912 0.074349 0.4285709999999999 0.071561 0.4098800000000001 0.070632 0.3911879999999999 0.066914 0.36849099999999996 0.066914
2 0.463284 0.038104 0.463284 0.041822 0.47263 0.048327 0.497997 0.05948 0.518024 0.064126 0.53271 0.069703 0.544726 0.071561 0.562083 0.078067 0.572764 0.078067 0.582109 0.071561 0.602136 0.04368 0.602136 0.038104 0.599466 0.036245 0.594126 0.036245 0.586115 0.045539 0.586115 0.048327 0.574099 0.065056 0.570093 0.067844 0.560748 0.067844 0.551402 0.064126 0.538051 0.062268 0.52737 0.057621 0.506008 0.052974 0.500668 0.049257 0.485981 0.04461 0.4753 0.037175 0.465955 0.036245
2 0.626168 0.079926 0.623498 0.078067 0.618158 0.078067 0.606142 0.08829 0.588785 0.096654 0.578104 0.104089 0.572764 0.104089 0.560748 0.100372 0.554072 0.100372 0.551402 0.098513 0.516689 0.092937 0.512684 0.090149 0.497997 0.08829 0.477971 0.083643 0.4753 0.081784 0.461949 0.080855 0.45927900000000005 0.082714 0.45927900000000005 0.086431 0.463284 0.089219 0.468625 0.089219 0.492657 0.095725 0.506008 0.097584 0.511348 0.100372 0.520694 0.101301 0.528705 0.104089 0.540721 0.105019 0.567423 0.111524 0.582109 0.112454 0.600801 0.100372 0.606142 0.099442 0.620828 0.090149 0.626168 0.084572
2 0.45927900000000005 0.127323 0.45927900000000005 0.131041 0.465955 0.134758 0.535381 0.151487 0.580774 0.168216 0.58745 0.168216 0.611482 0.151487 0.627503 0.144052 0.638184 0.135688 0.638184 0.13197 0.635514 0.130112 0.626168 0.129182 0.623498 0.131041 0.623498 0.134758 0.615487 0.140335 0.599466 0.14777 0.583445 0.159851 0.556742 0.148699 0.548732 0.14777 0.540721 0.144052 0.518024 0.137546 0.480641 0.130112 0.46729 0.125465 0.461949 0.125465
4 0.425901 0.20539 0.4205610000000001 0.211896 0.424566 0.210967 0.44859800000000005 0.19145 0.445928 0.197955 0.445928 0.20632 0.44859800000000005 0.212825 0.3831780000000001 0.287175 0.38050699999999993 0.295539 0.388518 0.302974 0.388518 0.311338 0.385848 0.315056 0.387183 0.32342 0.40053400000000006 0.330855 0.413885 0.333643 0.4205610000000001 0.339219 0.42723600000000006 0.378253 0.444593 0.421933 0.452603 0.450743 0.45927900000000005 0.463755 0.460614 0.473978 0.468625 0.49442400000000003 0.47263 0.516729 0.471295 0.531599 0.46729 0.54461 0.456609 0.563197 0.440587 0.578996 0.413885 0.597584 0.37383199999999994 0.619888 0.344459 0.63197 0.328438 0.641264 0.315087 0.64684 0.300401 0.656134 0.288385 0.660781 0.269693 0.674721 0.259012 0.685874 0.259012 0.697026 0.267023 0.707249 0.267023 0.711896 0.264352 0.714684 0.248331 0.714684 0.236315 0.718401 0.21895900000000001 0.717472 0.212283 0.72026 0.20293700000000003 0.72119 0.190921 0.724907 0.162884 0.728625 0.153538 0.734201 0.148198 0.743494 0.146862 0.758364 0.150868 0.773234 0.161549 0.790892 0.161549 0.795539 0.156208 0.799257 0.141522 0.802974 0.136182 0.802974 0.126836 0.806691 0.098798 0.813197 0.045394 0.821561 0.032043 0.825279 0.025367 0.825279 0.013350999999999998 0.830855 0.013350999999999998 0.851301 0.021362 0.862454 0.021362 0.8671 0.010681 0.871747 0.001335 0.879182 0.001335 0.889405 0.004005 0.89684 0.014685999999999998 0.910781 0.028037 0.920074 0.06008 0.932156 0.073431 0.94052 0.097463 0.946097 0.10680900000000002 0.952602 0.11749000000000001 0.957249 0.128171 0.9656130000000002 0.154873 0.9786249999999999 0.161549 0.9804830000000001 0.17623499999999998 0.9804830000000001 0.193591 0.9851299999999998 0.22429900000000003 0.9851299999999998 0.23231000000000002 0.987918 0.245661 0.9888480000000001 0.253672 0.9916360000000001 0.293725 0.9916360000000001 0.303071 0.987918 0.312417 0.986989 0.328438 0.9795539999999999 0.341789 0.9795539999999999 0.35780999999999996 0.9832710000000001 0.376502 0.9916360000000001 0.3831780000000001 0.9925649999999999 0.3911879999999999 0.996283 0.403204 0.997212 0.40721 0.9990710000000002 0.4205610000000001 0.997212 0.425901 0.9916360000000001 0.440587 0.9832710000000001 0.465955 0.9832710000000001 0.485981 0.987918 0.508678 0.987918 0.523364 0.9916360000000001 0.540721 0.993494 0.632844 0.993494 0.639519 0.9916360000000001 0.680908 0.9916360000000001 0.690254 0.987918 0.700935 0.9860589999999999 0.716956 0.9795539999999999 0.7276369999999999 0.977695 0.732977 0.974907 0.7489989999999999 0.9739780000000001 0.777036 0.975836 0.8010680000000001 0.968401 0.8210950000000001 0.9656130000000002 0.853138 0.953532 0.87717 0.953532 0.890521 0.9581780000000001 0.915888 0.950743 0.9319089999999999 0.949814 0.9706280000000002 0.934944 0.991989 0.920074 0.99733 0.909851 0.99733 0.900558 0.993324 0.883829 0.989319 0.880112 0.985314 0.879182 0.967957 0.879182 0.958611 0.877323 0.94526 0.868959 0.93725 0.866171 0.927904 0.865242 0.9105469999999999 0.859665 0.8971960000000001 0.85316 0.8865149999999999 0.850372 0.88518 0.842937 0.895861 0.836431 0.915888 0.811338 0.915888 0.805762 0.906542 0.796468 0.895861 0.791822 0.883845 0.782528 0.861148 0.772305 0.847797 0.763011 0.8451269999999999 0.751859 0.829105 0.739777 0.8210950000000001 0.736989 0.782377 0.70539 0.773031 0.695167 0.773031 0.682156 0.775701 0.673792 0.771696 0.667286 0.75968 0.657993 0.7489989999999999 0.654275 0.740988 0.648699 0.732977 0.638476 0.71028 0.623606 0.683578 0.598513 0.663551 0.571561 0.64486 0.552974 0.634179 0.534387 0.634179 0.51487 0.64219 0.48512999999999995 0.64219 0.477695 0.64486 0.473048 0.64486 0.454461 0.6502 0.439591 0.6502 0.423792 0.655541 0.41171 0.655541 0.394981 0.660881 0.377323 0.663551 0.35223 0.666222 0.347584 0.666222 0.337361 0.668892 0.333643 0.684913 0.32342 0.687583 0.315985 0.700935 0.303903 0.700935 0.298327 0.690254 0.283457 0.687583 0.269517 0.682243 0.26487 0.654206 0.22119 0.648865 0.215613 0.64753 0.208178 0.64219 0.200743 0.634179 0.194238 0.626168 0.201673 0.599466 0.219331 0.596796 0.223048 0.551402 0.223978 0.522029 0.213755 0.491322 0.197026 0.480641 0.193309 0.463284 0.189591
7 0.449933 0.188662 0.449933 0.193309 0.455274 0.197955 0.468625 0.201673 0.479306 0.202602 0.496662 0.209108 0.502003 0.212825 0.508678 0.213755 0.516689 0.219331 0.52737 0.22119 0.534045 0.224907 0.539386 0.224907 0.547397 0.228625 0.560748 0.228625 0.564753 0.230483 0.575434 0.230483 0.579439 0.228625 0.598131 0.228625 0.603471 0.226766 0.611482 0.22119 0.616822 0.22026 0.624833 0.213755 0.630174 0.212825 0.635514 0.207249 0.640854 0.20539 0.646195 0.200743 0.64486 0.192379 0.638184 0.188662 0.631509 0.188662 0.623498 0.19145 0.614152 0.199814 0.599466 0.20632 0.59012 0.212825 0.570093 0.213755 0.556742 0.212825 0.547397 0.209108 0.543391 0.209108 0.536716 0.20539 0.53004 0.20539 0.520694 0.198885 0.514019 0.197955 0.510013 0.195167 0.485981 0.186803 0.476636 0.185874 0.46996000000000004 0.183086 0.457944 0.183086
1 0.688919 0.285316 0.680908 0.27974 0.666222 0.277881 0.663551 0.268587 0.648865 0.259294 0.620828 0.259294 0.616822 0.258364 0.612817 0.253717 0.606142 0.25 0.599466 0.25 0.59012 0.24628300000000003 0.568758 0.24256499999999998 0.554072 0.24256499999999998 0.542056 0.24814099999999997 0.536716 0.257435 0.52737 0.257435 0.510013 0.253717 0.495327 0.254647 0.489987 0.259294 0.489987 0.267658 0.492657 0.270446 0.491322 0.272305 0.463284 0.272305 0.456609 0.276022 0.45393900000000004 0.27974 0.4125499999999999 0.280669 0.404539 0.287175 0.404539 0.291822 0.4018689999999999 0.29461 0.4018689999999999 0.307621 0.404539 0.310409 0.404539 0.319703 0.408545 0.327138 0.41522 0.330855 0.42189600000000005 0.330855 0.429907 0.325279 0.42723600000000006 0.305762 0.424566 0.302974 0.424566 0.300186 0.4285709999999999 0.295539 0.452603 0.295539 0.456609 0.297398 0.4753 0.297398 0.481976 0.29368 0.484646 0.289033 0.518024 0.289963 0.526035 0.284387 0.526035 0.277881 0.522029 0.274164 0.523364 0.273234 0.53271 0.273234 0.536716 0.275093 0.551402 0.275093 0.558077 0.271375 0.560748 0.267658 0.560748 0.260223 0.567423 0.259294 0.59012 0.26487 0.59279 0.269517 0.599466 0.273234 0.636849 0.276022 0.636849 0.282528 0.639519 0.286245 0.64486 0.289963 0.660881 0.29461 0.658211 0.298327 0.658211 0.319703 0.655541 0.322491 0.655541 0.327138 0.660881 0.331784 0.671562 0.332714 0.678238 0.328996 0.680908 0.325279 0.680908 0.302974 0.688919 0.295539
1 0.488652 0.540892 0.476636 0.540892 0.471295 0.545539 0.471295 0.552974 0.473965 0.557621 0.473965 0.565056 0.479306 0.574349 0.480641 0.580855 0.484646 0.585502 0.484646 0.595725 0.489987 0.60223 0.489987 0.611524 0.495327 0.622677 0.497997 0.64777 0.500668 0.650558 0.500668 0.683086 0.496662 0.684944 0.484646 0.684944 0.465955 0.680297 0.44859800000000005 0.667286 0.436582 0.665428 0.424566 0.658922 0.41522 0.658922 0.397864 0.653346 0.3911879999999999 0.653346 0.381842 0.658922 0.375167 0.670074 0.375167 0.680297 0.3831780000000001 0.686803 0.381842 0.688662 0.365821 0.683086 0.328438 0.673792 0.315087 0.673792 0.296395 0.670074 0.284379 0.670074 0.268358 0.674721 0.264352 0.677509 0.260347 0.685874 0.261682 0.698885 0.279039 0.723048 0.299065 0.741636 0.299065 0.752788 0.29506 0.753717 0.283044 0.75 0.265688 0.75 0.249666 0.751859 0.24032 0.756506 0.228304 0.758364 0.20560700000000004 0.770446 0.198932 0.771375 0.18424599999999997 0.77881 0.153538 0.789963 0.148198 0.79461 0.148198 0.802045 0.154873 0.807621 0.168224 0.807621 0.17623499999999998 0.800186 0.181575 0.799257 0.206943 0.787175 0.21895900000000001 0.784387 0.238985 0.773234 0.248331 0.772305 0.257677 0.767658 0.276368 0.765799 0.288385 0.769517 0.312417 0.769517 0.319092 0.765799 0.323097 0.755576 0.323097 0.738848 0.313752 0.725836 0.29773 0.712825 0.285714 0.697026 0.284379 0.689591 0.28972 0.686803 0.332443 0.69145 0.359146 0.698885 0.404539 0.715613 0.419226 0.715613 0.424566 0.713755 0.43257700000000004 0.70632 0.43257700000000004 0.699814 0.424566 0.69145 0.40721 0.683086 0.40053400000000006 0.675651 0.4018689999999999 0.672862 0.408545 0.674721 0.41655500000000006 0.674721 0.424566 0.679368 0.433912 0.681227 0.451268 0.693309 0.47263 0.699814 0.503338 0.700743 0.510013 0.699814 0.516689 0.696097 0.518024 0.689591 0.526035 0.682156 0.526035 0.677509 0.523364 0.674721 0.523364 0.645911 0.520694 0.643123 0.520694 0.63197 0.518024 0.628253 0.518024 0.6171 0.512684 0.606877 0.512684 0.597584 0.507343 0.591078 0.507343 0.580855 0.496662 0.560409 0.496662 0.552045 0.493992 0.545539
1 0.636849 0.542751 0.631509 0.547398 0.631509 0.553903 0.643525 0.591078 0.646195 0.605948 0.659546 0.638476 0.666222 0.64684 0.666222 0.651487 0.670227 0.657063 0.676903 0.660781 0.706275 0.668216 0.753004 0.670074 0.75968 0.675651 0.7489989999999999 0.695167 0.732977 0.710967 0.734312 0.723048 0.738318 0.725836 0.746328 0.726766 0.76502 0.734201 0.7810409999999999 0.734201 0.8024029999999999 0.741636 0.814419 0.741636 0.826435 0.749071 0.826435 0.752788 0.8224300000000001 0.757435 0.8037379999999998 0.770446 0.797063 0.771375 0.789052 0.775093 0.783712 0.77974 0.783712 0.784387 0.7783710000000001 0.790892 0.7783710000000001 0.795539 0.786382 0.807621 0.8024029999999999 0.819703 0.814419 0.824349 0.8210950000000001 0.828996 0.835781 0.833643 0.8451269999999999 0.840149 0.8544729999999999 0.844796 0.861148 0.845725 0.869159 0.851301 0.881175 0.855019 0.8971960000000001 0.854089 0.902537 0.849442 0.902537 0.844796 0.8971960000000001 0.840149 0.88251 0.837361 0.873164 0.830855 0.863818 0.828996 0.851802 0.821561 0.834446 0.815056 0.82777 0.810409 0.8210950000000001 0.80855 0.8117489999999999 0.801115 0.807744 0.800186 0.8037379999999998 0.79461 0.806409 0.787175 0.817089 0.784387 0.841121 0.767658 0.849132 0.757435 0.847797 0.740706 0.8331109999999999 0.730483 0.8224300000000001 0.725836 0.810414 0.725836 0.787717 0.718401 0.773031 0.718401 0.75968 0.712825 0.76769 0.70539 0.777036 0.692379 0.782377 0.680297 0.782377 0.670074 0.7783710000000001 0.662639 0.7583439999999999 0.653346 0.7489989999999999 0.653346 0.744993 0.651487 0.738318 0.651487 0.734312 0.653346 0.719626 0.653346 0.700935 0.649628 0.688919 0.644981 0.688919 0.642193 0.682243 0.633829 0.668892 0.601301 0.666222 0.586431 0.654206 0.547398 0.646195 0.541822
1 0.004005 0.85223 0.00534 0.874535 0.012016000000000002 0.88197 0.021362 0.8829 0.029371999999999995 0.877323 0.026701999999999997 0.856877 0.030708 0.85316 0.064085 0.876394 0.068091 0.881041 0.082777 0.891264 0.09212299999999998 0.901487 0.11482 0.915428 0.12283 0.918216 0.141522 0.934015 0.165554 0.944238 0.181575 0.948885 0.190921 0.95539 0.198932 0.9563199999999998 0.21094800000000002 0.9609670000000001 0.23231000000000002 0.9609670000000001 0.238985 0.957249 0.238985 0.943309 0.236315 0.939591 0.222964 0.930297 0.225634 0.929368 0.276368 0.95539 0.319092 0.9721189999999998 0.328438 0.9721189999999998 0.336449 0.966543 0.336449 0.9581780000000001 0.324433 0.948885 0.325768 0.947955 0.375167 0.964684 0.393858 0.964684 0.40053400000000006 0.9609670000000001 0.41121500000000005 0.949814 0.440587 0.9516730000000001 0.455274 0.957249 0.480641 0.9637549999999999 0.510013 0.966543 0.53271 0.966543 0.542056 0.964684 0.566088 0.964684 0.576769 0.9609670000000001 0.639519 0.949814 0.659546 0.944238 0.672897 0.945167 0.660881 0.9544609999999999 0.662216 0.964684 0.668892 0.968401 0.6942590000000001 0.968401 0.7142860000000001 0.961896 0.7276369999999999 0.948885 0.731642 0.938662 0.738318 0.934944 0.744993 0.933086 0.766355 0.931227 0.76769 0.936803 0.773031 0.94145 0.787717 0.942379 0.793057 0.94052 0.813084 0.92658 0.8197600000000002 0.923792 0.841121 0.920074 0.895861 0.920074 0.914553 0.912639 0.9305739999999999 0.898699 0.935915 0.89684 0.94526 0.889405 0.9506010000000001 0.888476 0.955941 0.883829 0.954606 0.874535 0.947931 0.870818 0.938585 0.870818 0.923899 0.878253 0.922563 0.8829 0.911883 0.888476 0.899866 0.899628 0.889186 0.904275 0.834446 0.904275 0.813084 0.907993 0.7997330000000001 0.912639 0.787717 0.921004 0.774366 0.915428 0.754339 0.915428 0.738318 0.917286 0.722296 0.921933 0.71028 0.930297 0.70761 0.939591 0.700935 0.947026 0.699599 0.939591 0.691589 0.931227 0.680908 0.928439 0.65287 0.928439 0.632844 0.934015 0.570093 0.945167 0.559413 0.948885 0.535381 0.948885 0.516689 0.950743 0.487316 0.947955 0.461949 0.94145 0.44859800000000005 0.935874 0.424566 0.934015 0.4018689999999999 0.934015 0.38985299999999995 0.94145 0.385848 0.947026 0.381842 0.948885 0.36849099999999996 0.943309 0.331108 0.932156 0.304406 0.919145 0.28972 0.921004 0.283044 0.924721 0.280374 0.936803 0.241656 0.918216 0.21628800000000004 0.902416 0.160214 0.872677 0.153538 0.872677 0.146862 0.876394 0.145527 0.885688 0.157543 0.905204 0.193591 0.933086 0.185581 0.933086 0.156208 0.921004 0.138852 0.905204 0.129506 0.902416 0.113485 0.893123 0.078772 0.863383 0.037383 0.834572 0.020027 0.834572 0.012016000000000002 0.840149
1 0 0.879182 0 0.89684 0.009346 0.907063 0.025367 0.918216 0.030708 0.920074 0.080107 0.9563199999999998 0.10814400000000002 0.962825 0.121495 0.9702599999999999 0.130841 0.9721189999999998 0.145527 0.9795539999999999 0.170895 0.986989 0.181575 0.986989 0.18691599999999997 0.9888480000000001 0.22429900000000003 0.9888480000000001 0.245661 0.9944239999999999 0.263017 0.996283 0.300401 0.996283 0.324433 0.9916360000000001 0.336449 0.986989 0.35246999999999995 0.993494 0.367156 0.996283 0.3724970000000001 0.9990710000000002 0.43791700000000006 0.9990710000000002 0.445928 0.9925649999999999 0.464619 0.9888480000000001 0.47263 0.9888480000000001 0.493992 0.993494 0.538051 0.9981410000000001 0.59279 0.9981410000000001 0.600801 0.996283 0.635514 0.996283 0.643525 0.9944239999999999 0.70227 0.9944239999999999 0.70761 0.9925649999999999 0.719626 0.9925649999999999 0.734312 0.9888480000000001 0.754339 0.9860589999999999 0.766355 0.981413 0.786382 0.9795539999999999 0.807744 0.9721189999999998 0.818425 0.9656130000000002 0.841121 0.959108 0.8544729999999999 0.959108 0.87984 0.962825 0.899866 0.962825 0.9305739999999999 0.9544609999999999 0.938585 0.948885 0.957276 0.942379 0.991989 0.924721 0.998665 0.919145 0.998665 0.89684 0.9946599999999999 0.89684 0.987984 0.900558 0.986649 0.904275 0.966622 0.917286 0.93725 0.932156 0.925234 0.934944 0.917223 0.94052 0.893191 0.947026 0.8865149999999999 0.947026 0.862483 0.943309 0.834446 0.943309 0.8237649999999999 0.945167 0.817089 0.948885 0.805073 0.9516730000000001 0.797063 0.957249 0.789052 0.959108 0.7797059999999999 0.9637549999999999 0.75968 0.9656130000000002 0.7476639999999999 0.9702599999999999 0.7276369999999999 0.973048 0.712951 0.9767660000000001 0.700935 0.9767660000000001 0.695594 0.9786249999999999 0.636849 0.9786249999999999 0.628838 0.9804830000000001 0.594126 0.9804830000000001 0.586115 0.982342 0.544726 0.982342 0.500668 0.977695 0.480641 0.973048 0.457944 0.973048 0.444593 0.974907 0.431242 0.9795539999999999 0.423231 0.9860589999999999 0.4125499999999999 0.987918 0.3991990000000001 0.987918 0.359146 0.977695 0.344459 0.97119 0.329773 0.97119 0.313752 0.9767660000000001 0.293725 0.9804830000000001 0.257677 0.9795539999999999 0.22429900000000003 0.97119 0.217623 0.97119 0.21361800000000003 0.973048 0.193591 0.973048 0.18958599999999998 0.97119 0.17757 0.97119 0.156208 0.964684 0.141522 0.957249 0.134846 0.9563199999999998 0.128171 0.9516730000000001 0.10413899999999998 0.943309 0.097463 0.943309 0.09212299999999998 0.94145 0.05741 0.915428 0.028037 0.89684 0.010681 0.879182