0 0.289617 0.03886 0.289617 0.080311 0.311475 0.139896 0.311475 0.170984 0.303279 0.186528 0.297814 0.243523 0.300546 0.274611 0.308743 0.300518 0.319672 0.313472 0.346995 0.367876 0.34972699999999995 0.391192 0.36338800000000004 0.417098 0.368852 0.450777 0.360656 0.45595900000000006 0.63388 0.45595900000000006 0.625683 0.450777 0.636612 0.396373 0.661202 0.34715 0.661202 0.33678800000000003 0.674863 0.310881 0.685792 0.277202 0.691257 0.240933 0.68306 0.158031 0.685792 0.124352 0.702186 0.080311 0.704918 0.03886 0.669399 0.033679 0.663934 0.036269 0.65847 0.031088 0.628415 0.031088 0.606557 0.018135 0.584699 0.018135 0.57377 0.002591 0.557377 0.005181 0.562842 0.010363 0.562842 0.046632 0.576503 0.059585 0.576503 0.07513 0.590164 0.09067400000000002 0.590164 0.106218 0.606557 0.119171 0.603825 0.142487 0.620219 0.15544 0.620219 0.173575 0.54918 0.212435 0.505464 0.248705 0.486339 0.248705 0.448087 0.215026 0.4316940000000001 0.209845 0.393443 0.183938 0.385246 0.183938 0.371585 0.16839400000000002 0.371585 0.15544 0.387978 0.145078 0.39071000000000006 0.137306 0.385246 0.119171 0.398907 0.108808 0.401639 0.088083 0.412568 0.080311 0.4153009999999999 0.059585 0.42623 0.049223 0.42623 0.020725 0.434426 0.007772 0.4316940000000001 0.002591 0.420765 0.002591 0.407104 0.018135 0.39071000000000006 0.018135 0.368852 0.031088 0.322404 0.031088 0.311475 0.03886
5 0.860656 0.054404 0.827869 0.041451 0.795082 0.041451 0.7595629999999999 0.05699499999999999 0.751366 0.05699499999999999 0.7267760000000001 0.041451 0.7076500000000001 0.03886 0.704918 0.080311 0.688525 0.124352 0.685792 0.178756 0.693989 0.240933 0.688525 0.277202 0.677596 0.30829 0.724044 0.305699 0.743169 0.279793 0.765027 0.279793 0.795082 0.264249 0.8060109999999999 0.253886 0.811475 0.23575099999999996 0.8333330000000001 0.222798 0.838798 0.18911900000000004 0.857923 0.16839400000000002 0.855191 0.134715 0.8661199999999999 0.11658000000000002 0.8661199999999999 0.09067400000000002 0.871585 0.082902
5 0.128415 0.059585 0.125683 0.101036 0.128415 0.11658000000000002 0.139344 0.134715 0.136612 0.16839400000000002 0.15847 0.194301 0.161202 0.22538900000000003 0.18306 0.238342 0.18852500000000003 0.259067 0.21857900000000002 0.277202 0.251366 0.279793 0.270492 0.305699 0.311475 0.30829 0.297814 0.274611 0.295082 0.248705 0.300546 0.186528 0.308743 0.170984 0.308743 0.139896 0.286885 0.080311 0.286885 0.03886 0.270492 0.03886 0.240437 0.054404 0.196721 0.041451 0.155738 0.044041
4 0.997268 0.901554 0.986339 0.878238 0.9180329999999999 0.810881 0.901639 0.800518 0.9153010000000001 0.784974 0.912568 0.76943 0.89071 0.7512950000000002 0.8524590000000001 0.707254 0.8196720000000001 0.683938 0.81694 0.673575 0.836066 0.663212 0.830601 0.642487 0.7267760000000001 0.549223 0.73224 0.528497 0.702186 0.497409 0.674863 0.476684 0.636612 0.45595900000000006 0.360656 0.458549 0.34972699999999995 0.46113999999999994 0.295082 0.492228 0.259563 0.531088 0.259563 0.536269 0.26776 0.541451 0.262295 0.554404 0.226776 0.580311 0.163934 0.642487 0.155738 0.660622 0.163934 0.668394 0.172131 0.668394 0.177596 0.676166 0.084699 0.764249 0.079235 0.787565 0.090164 0.795337 0.090164 0.800518 0.068306 0.823834 0.062842 0.823834 0.043716000000000005 0.839378 0.005464 0.8808290000000001 0 0.893782 0 0.917098 0.010929000000000001 0.930052 0.040984 0.935233 0.07377 0.955959 0.112022 0.958549 0.13388 0.9689119999999999 0.177596 0.9689119999999999 0.193989 0.981865 0.3551909999999999 0.981865 0.393443 0.992228 0.467213 0.994819 0.47541 0.989637 0.47541 0.981865 0.48360700000000006 0.9689119999999999 0.508197 0.9689119999999999 0.516393 0.976684 0.52459 0.994819 0.535519 0.997409 0.592896 0.994819 0.639344 0.981865 0.797814 0.981865 0.8251369999999999 0.9689119999999999 0.8633880000000002 0.9689119999999999 0.877049 0.958549 0.9180329999999999 0.955959 0.9453550000000001 0.937824 0.964481 0.935233 0.994536 0.914508
7 0.36612 0.448187 0.36612 0.458549 0.428962 0.458549 0.461749 0.463731 0.631148 0.45595900000000006 0.628415 0.445596 0.554645 0.445596 0.505464 0.450777 0.407104 0.445596
2 0.42349699999999996 0.002591 0.4153009999999999 0.044041 0.401639 0.069948 0.39617499999999994 0.098446 0.37704899999999997 0.11658000000000002 0.379781 0.142487 0.36612 0.15544 0.36612 0.173575 0.398907 0.194301 0.4153009999999999 0.199482 0.439891 0.215026 0.4890709999999999 0.256477 0.513661 0.251295 0.538251 0.227979 0.581967 0.196891 0.598361 0.19170999999999996 0.606557 0.183938 0.620219 0.183938 0.625683 0.176166 0.625683 0.160622 0.606557 0.103627 0.571038 0.05181299999999999 0.571038 0.005181 0.560109 0.002591 0.557377 0.059585 0.598361 0.121762 0.598361 0.137306 0.60929 0.165803 0.565574 0.18911900000000004 0.497268 0.240933 0.472678 0.22538900000000003 0.459016 0.209845 0.43715800000000005 0.194301 0.39071000000000006 0.170984 0.382514 0.163212 0.393443 0.150259 0.393443 0.121762 0.407104 0.11398999999999998 0.407104 0.103627 0.428962 0.05181299999999999 0.4316940000000001 0.002591
2 0.603825 0.018135 0.584699 0.020725 0.581967 0.031088 0.598361 0.03886 0.617486 0.072539 0.642077 0.139896 0.661202 0.217617 0.661202 0.266839 0.647541 0.292746 0.628415 0.30829 0.595628 0.323834 0.581967 0.323834 0.54918 0.30829 0.519126 0.277202 0.505464 0.251295 0.486339 0.253886 0.43715800000000005 0.297927 0.401639 0.310881 0.371585 0.30829 0.34972699999999995 0.290155 0.338798 0.272021 0.336066 0.253886 0.338798 0.194301 0.344262 0.158031 0.352459 0.145078 0.352459 0.132124 0.360656 0.119171 0.36612 0.09585499999999998 0.398907 0.036269 0.398907 0.025907 0.387978 0.023316 0.374317 0.041451 0.352459 0.088083 0.346995 0.111399 0.338798 0.124352 0.338798 0.137306 0.330601 0.150259 0.325137 0.186528 0.325137 0.279793 0.330601 0.292746 0.352459 0.316062 0.371585 0.323834 0.420765 0.321244 0.453552 0.305699 0.4890709999999999 0.274611 0.5 0.284974 0.502732 0.282383 0.513661 0.297927 0.540984 0.321244 0.57377 0.33678800000000003 0.606557 0.33678800000000003 0.647541 0.316062 0.65847 0.305699 0.674863 0.274611 0.674863 0.209845 0.647541 0.106218 0.639344 0.09585499999999998 0.631148 0.064767
1 0.256831 0.531088 0.256831 0.53886 0.273224 0.536269 0.286885 0.556995 0.311475 0.554404 0.327869 0.564767 0.3551909999999999 0.562176 0.36338800000000004 0.567358 0.393443 0.567358 0.39617499999999994 0.554404 0.407104 0.551813 0.40983600000000003 0.567358 0.4153009999999999 0.569948 0.472678 0.569948 0.480874 0.559585 0.502732 0.556995 0.510929 0.559585 0.516393 0.569948 0.571038 0.569948 0.57377 0.556995 0.579235 0.551813 0.584699 0.554404 0.584699 0.562176 0.620219 0.562176 0.625683 0.556995 0.653005 0.559585 0.669399 0.541451 0.680328 0.551813 0.702186 0.551813 0.710383 0.541451 0.73224 0.541451 0.73224 0.533679 0.7213109999999999 0.525907 0.704918 0.525907 0.693989 0.531088 0.688525 0.523316 0.669399 0.523316 0.655738 0.531088 0.642077 0.546632 0.639344 0.536269 0.617486 0.536269 0.606557 0.551813 0.598361 0.536269 0.581967 0.536269 0.557377 0.544041 0.551913 0.556995 0.532787 0.556995 0.527322 0.546632 0.472678 0.546632 0.464481 0.549223 0.459016 0.556995 0.4316940000000001 0.556995 0.42623 0.541451 0.407104 0.536269 0.382514 0.53886 0.37704899999999997 0.546632 0.36612 0.536269 0.344262 0.536269 0.338798 0.541451 0.338798 0.549223 0.333333 0.551813 0.327869 0.546632 0.327869 0.533679 0.319672 0.528497 0.295082 0.533679 0.281421 0.523316 0.265027 0.523316
1 0.153005 0.65285 0.155738 0.663212 0.21857900000000002 0.663212 0.221311 0.665803 0.21584700000000004 0.670984 0.21584700000000004 0.678756 0.221311 0.683938 0.240437 0.689119 0.29235 0.689119 0.297814 0.676166 0.306011 0.678756 0.306011 0.7020730000000001 0.322404 0.707254 0.374317 0.707254 0.37704899999999997 0.694301 0.393443 0.694301 0.39617499999999994 0.712435 0.418033 0.717617 0.464481 0.717617 0.472678 0.712435 0.472678 0.696891 0.516393 0.696891 0.521858 0.7020730000000001 0.521858 0.709845 0.530055 0.715026 0.584699 0.717617 0.595628 0.709845 0.595628 0.696891 0.606557 0.69171 0.614754 0.704663 0.669399 0.704663 0.688525 0.699482 0.6994539999999999 0.678756 0.7076500000000001 0.689119 0.7404370000000001 0.689119 0.7540979999999999 0.683938 0.765027 0.665803 0.838798 0.660622 0.836066 0.650259 0.76776 0.650259 0.743169 0.658031 0.7404370000000001 0.670984 0.73224 0.676166 0.724044 0.673575 0.7213109999999999 0.663212 0.6994539999999999 0.663212 0.68306 0.668394 0.666667 0.678756 0.666667 0.686528 0.661202 0.69171 0.636612 0.69171 0.631148 0.676166 0.614754 0.673575 0.576503 0.686528 0.571038 0.704663 0.554645 0.704663 0.551913 0.69171 0.546448 0.686528 0.52459 0.683938 0.45082000000000005 0.686528 0.439891 0.694301 0.43715800000000005 0.704663 0.42623 0.704663 0.418033 0.699482 0.418033 0.689119 0.407104 0.681347 0.3551909999999999 0.681347 0.346995 0.696891 0.330601 0.694301 0.325137 0.689119 0.325137 0.676166 0.306011 0.663212 0.278689 0.663212 0.273224 0.678756 0.256831 0.678756 0.256831 0.660622 0.240437 0.650259 0.169399 0.647668
1 0.076503 0.76943 0.079235 0.779793 0.114754 0.782383 0.147541 0.792746 0.147541 0.7979269999999999 0.13388 0.7979269999999999 0.122951 0.803109 0.125683 0.816062 0.213115 0.831606 0.21584700000000004 0.818653 0.210383 0.813472 0.21857900000000002 0.810881 0.237705 0.816062 0.237705 0.829016 0.245902 0.834197 0.29235 0.836788 0.327869 0.84456 0.357923 0.84456 0.357923 0.831606 0.34972699999999995 0.826425 0.37704899999999997 0.823834 0.382514 0.829016 0.374317 0.834197 0.374317 0.841969 0.379781 0.84715 0.46994499999999995 0.849741 0.47541 0.836788 0.491803 0.834197 0.513661 0.836788 0.521858 0.84715 0.60929 0.84715 0.617486 0.839378 0.614754 0.826425 0.63388 0.821244 0.644809 0.821244 0.644809 0.834197 0.655738 0.841969 0.729508 0.836788 0.7540979999999999 0.829016 0.7540979999999999 0.821244 0.7404370000000001 0.816062 0.7404370000000001 0.810881 0.7732239999999999 0.803109 0.775956 0.805699 0.76776 0.813472 0.770492 0.823834 0.811475 0.823834 0.827869 0.816062 0.860656 0.810881 0.8633880000000002 0.800518 0.844262 0.795337 0.8633880000000002 0.784974 0.9153010000000001 0.7772019999999998 0.912568 0.766839 0.855191 0.7720209999999998 0.830601 0.784974 0.8196720000000001 0.795337 0.8196720000000001 0.803109 0.811475 0.80829 0.803279 0.805699 0.803279 0.790155 0.76776 0.787565 0.7213109999999999 0.803109 0.710383 0.813472 0.7076500000000001 0.823834 0.68306 0.829016 0.674863 0.826425 0.672131 0.80829 0.625683 0.80829 0.590164 0.816062 0.584699 0.821244 0.584699 0.829016 0.592896 0.834197 0.590164 0.836788 0.54918 0.836788 0.540984 0.823834 0.453552 0.823834 0.448087 0.836788 0.40983600000000003 0.836788 0.407104 0.823834 0.398907 0.816062 0.382514 0.810881 0.322404 0.810881 0.314208 0.816062 0.311475 0.826425 0.275956 0.823834 0.273224 0.810881 0.265027 0.805699 0.229508 0.7979269999999999 0.193989 0.7979269999999999 0.18852500000000003 0.803109 0.18852500000000003 0.810881 0.180328 0.813472 0.172131 0.80829 0.174863 0.795337 0.163934 0.782383 0.122951 0.76943
1 0 0.8989640000000001 0 0.911917 0.027321999999999996 0.914508 0.08743200000000001 0.9326419999999999 0.08743200000000001 0.937824 0.079235 0.937824 0.068306 0.9455959999999999 0.068306 0.955959 0.155738 0.9740929999999999 0.172131 0.9740929999999999 0.174863 0.9507769999999999 0.210383 0.9507769999999999 0.224044 0.953368 0.229508 0.958549 0.20765 0.9740929999999999 0.20765 0.981865 0.21584700000000004 0.989637 0.333333 0.992228 0.34153 0.984456 0.338798 0.971503 0.31694 0.955959 0.319672 0.953368 0.36612 0.955959 0.385246 0.966321 0.382514 0.971503 0.36612 0.976684 0.36612 0.987047 0.37704899999999997 0.997409 0.478142 0.997409 0.478142 0.987047 0.456284 0.9740929999999999 0.508197 0.9689119999999999 0.532787 0.971503 0.521858 0.984456 0.52459 0.997409 0.598361 0.997409 0.625683 0.992228 0.631148 0.987047 0.631148 0.979275 0.617486 0.9689119999999999 0.653005 0.958549 0.672131 0.96114 0.65847 0.9689119999999999 0.65847 0.981865 0.669399 0.987047 0.786885 0.987047 0.795082 0.981865 0.795082 0.9740929999999999 0.76776 0.966321 0.76776 0.958549 0.803279 0.948187 0.827869 0.9455959999999999 0.830601 0.948187 0.8196720000000001 0.955959 0.822404 0.9689119999999999 0.887978 0.9689119999999999 0.920765 0.958549 0.934426 0.948187 0.931694 0.935233 0.907104 0.937824 0.9043719999999998 0.935233 0.909836 0.930052 0.972678 0.911917 0.997268 0.911917 0.994536 0.8989640000000001 0.961749 0.8989640000000001 0.953552 0.9041450000000001 0.9043719999999998 0.914508 0.887978 0.9326419999999999 0.887978 0.943005 0.893443 0.948187 0.887978 0.953368 0.8661199999999999 0.958549 0.849727 0.955959 0.8524590000000001 0.9404149999999999 0.846995 0.935233 0.795082 0.935233 0.748634 0.9507769999999999 0.7404370000000001 0.958549 0.7404370000000001 0.971503 0.688525 0.9740929999999999 0.685792 0.971503 0.704918 0.955959 0.702186 0.9455959999999999 0.644809 0.9455959999999999 0.617486 0.9507769999999999 0.601093 0.958549 0.601093 0.979275 0.590164 0.984456 0.546448 0.987047 0.543716 0.984456 0.551913 0.976684 0.557377 0.958549 0.535519 0.955959 0.434426 0.96114 0.428962 0.966321 0.428962 0.9740929999999999 0.439891 0.984456 0.43715800000000005 0.987047 0.398907 0.987047 0.393443 0.981865 0.401639 0.9740929999999999 0.401639 0.96114 0.393443 0.9507769999999999 0.374317 0.943005 0.303279 0.9404149999999999 0.29235 0.948187 0.29235 0.958549 0.31694 0.9740929999999999 0.31694 0.979275 0.245902 0.976684 0.243169 0.9740929999999999 0.254098 0.9689119999999999 0.254098 0.955959 0.245902 0.9455959999999999 0.23224000000000003 0.9404149999999999 0.153005 0.937824 0.142077 0.9455959999999999 0.142077 0.953368 0.136612 0.955959 0.10929 0.9455959999999999 0.112022 0.9274609999999999 0.103825 0.9222799999999999 0.035519 0.901554
6 0.284153 0.036269 0.281421 0.07513 0.286885 0.101036 0.29235 0.106218 0.306011 0.150259 0.29235 0.233161 0.306011 0.23575099999999996 0.311475 0.194301 0.319672 0.170984 0.319672 0.142487 0.297814 0.080311 0.295082 0.03886
6 0.713115 0.041451 0.702186 0.044041 0.696721 0.09067400000000002 0.688525 0.106218 0.680328 0.142487 0.685792 0.217617 0.68306 0.227979 0.688525 0.23575099999999996 0.6994539999999999 0.233161 0.693989 0.150259 0.713115 0.085492
6 0.23497300000000002 0.05699499999999999 0.23497300000000002 0.098446 0.251366 0.137306 0.275956 0.173575 0.29235 0.207254 0.29235 0.233161 0.303279 0.233161 0.303279 0.19170999999999996 0.26776 0.134715 0.248634 0.09067400000000002 0.245902 0.059585
6 0.7595629999999999 0.054404 0.748634 0.05699499999999999 0.743169 0.101036 0.691257 0.196891 0.691257 0.215026 0.685792 0.220207 0.688525 0.23056999999999997 0.696721 0.23056999999999997 0.704918 0.222798 0.704918 0.204663 0.756831 0.108808 0.762295 0.072539