0 0.266821 0.029254999999999996 0.269142 0.138298 0.273782 0.148936 0.271462 0.170213 0.276102 0.204787 0.290023 0.25 0.290023 0.263298 0.296984 0.287234 0.303944 0.375 0.315545 0.38297899999999996 0.341067 0.41223399999999993 0.3596289999999999 0.46010599999999996 0.36891 0.473404 0.37123 0.486702 0.408353 0.529255 0.422274 0.539894 0.473318 0.56383 0.545244 0.56383 0.587007 0.542553 0.6102090000000001 0.518617 0.62413 0.494681 0.633411 0.486702 0.649652 0.430851 0.668213 0.39893599999999996 0.693735 0.37766 0.709977 0.356383 0.709977 0.25266 0.723898 0.20744700000000002 0.723898 0.18617 0.735499 0.130319 0.733179 0.026596 0.696056 0.005319 0.679814 0.00266 0.575406 0.031915 0.482599 0.039894 0.415313 0.031915 0.33178699999999994 0.010638 0.327146 0.005319 0.310905 0.00266
5 0.167053 0.00266 0.155452 0.007979 0.148492 0.018617 0.12993 0.074468 0.109049 0.109043 0.078886 0.146277 0.062645 0.183511 0.060325 0.244681 0.064965 0.25 0.067285 0.263298 0.08816700000000001 0.300532 0.104408 0.31383 0.118329 0.316489 0.12529 0.327128 0.12529 0.335106 0.106729 0.390957 0.106729 0.401596 0.102088 0.406915 0.09976800000000001 0.42819100000000004 0.090487 0.43883 0.074246 0.494681 0.058005 0.521277 0.055684 0.539894 0.00232 0.694149 0 0.723404 0.00232 0.763298 0.025522 0.81117 0.025522 0.819149 0.034803 0.8244679999999999 0.048724 0.845745 0.095128 0.845745 0.102088 0.851064 0.09976800000000001 0.8590429999999999 0.078886 0.875 0.055684 0.901596 0.030162 0.93883 0.025522 0.9521280000000001 0.030162 0.9521280000000001 0.051044 0.970745 0.069606 0.968085 0.090487 0.973404 0.118329 0.992021 0.143852 0.994681 0.174014 0.978723 0.197216 0.978723 0.222738 0.989362 0.243619 0.989362 0.2529 0.973404 0.296984 0.9547869999999999 0.276102 0.912234 0.236659 0.851064 0.241299 0.843085 0.271462 0.8244679999999999 0.280742 0.81117 0.290023 0.776596 0.290023 0.75266 0.294664 0.739362 0.294664 0.486702 0.287703 0.41223399999999993 0.287703 0.348404 0.292343 0.332447 0.294664 0.287234 0.287703 0.263298 0.287703 0.25 0.273782 0.204787 0.269142 0.170213 0.271462 0.148936 0.266821 0.138298 0.264501 0.037234 0.257541 0.031915 0.257541 0.026596 0.220418 0.021277 0.208817 0.013298
5 0.832947 0 0.809745 0.005319 0.7981440000000001 0.013298 0.788863 0.010638 0.779582 0.018617 0.763341 0.018617 0.75174 0.029254999999999996 0.733179 0.026596 0.740139 0.042553 0.7378190000000001 0.130319 0.726218 0.18617 0.726218 0.20744700000000002 0.712297 0.25266 0.709977 0.324468 0.714617 0.393617 0.707657 0.42819100000000004 0.707657 0.515957 0.703016 0.537234 0.703016 0.648936 0.707657 0.74734 0.7053360000000001 0.7659570000000001 0.707657 0.781915 0.712297 0.784574 0.714617 0.803191 0.721578 0.819149 0.74942 0.837766 0.7540599999999998 0.845745 0.756381 0.843085 0.761021 0.851064 0.733179 0.8909570000000001 0.703016 0.944149 0.700696 0.9547869999999999 0.74478 0.973404 0.756381 0.989362 0.781903 0.986702 0.795824 0.978723 0.821346 0.978723 0.837587 0.9840429999999999 0.8468679999999998 0.992021 0.87703 0.992021 0.902552 0.973404 0.921114 0.968085 0.948956 0.968085 0.972158 0.9494679999999999 0.9582370000000001 0.9228719999999999 0.895592 0.851064 0.902552 0.851064 0.911833 0.843085 0.939675 0.845745 0.9535959999999999 0.837766 0.969838 0.819149 0.99536 0.757979 0.99536 0.6994679999999999 0.962877 0.587766 0.935035 0.521277 0.930394 0.49734 0.914153 0.465426 0.911833 0.44680899999999996 0.902552 0.43617 0.900232 0.420213 0.888631 0.393617 0.888631 0.38297899999999996 0.87935 0.369681 0.87239 0.343085 0.87239 0.319149 0.8979120000000002 0.31117 0.911833 0.297872 0.930394 0.265957 0.935035 0.228723 0.932715 0.178191 0.923434 0.151596 0.911833 0.140957 0.867749 0.069149 0.851508 0.021277
2 0.262181 0.039894 0.273782 0.039894 0.294664 0.021277 0.317865 0.007979 0.327146 0.007979 0.33178699999999994 0.013298 0.354988 0.021277 0.37355 0.021277 0.382831 0.026596 0.410673 0.029254999999999996 0.4315550000000001 0.037234 0.45939700000000006 0.037234 0.482599 0.042553 0.547564 0.042553 0.570766 0.037234 0.596288 0.037234 0.645012 0.021277 0.658933 0.021277 0.684455 0.007979 0.714617 0.021277 0.733179 0.037234 0.740139 0.037234 0.742459 0.026596 0.733179 0.015957 0.707657 0 0.6705340000000001 0 0.62181 0.015957 0.6102090000000001 0.015957 0.589327 0.023936 0.563805 0.023936 0.552204 0.029254999999999996 0.477958 0.029254999999999996 0.4663570000000001 0.023936 0.438515 0.023936 0.417633 0.015957 0.37123 0.010638 0.348028 0 0.301624 0 0.266821 0.023936
7 0.712297 0.359043 0.6983759999999999 0.356383 0.672854 0.38297899999999996 0.668213 0.39627699999999993 0.638051 0.444149 0.62645 0.484043 0.587007 0.531915 0.568445 0.545213 0.538283 0.553191 0.531323 0.558511 0.475638 0.553191 0.4408349999999999 0.539894 0.4315550000000001 0.531915 0.424594 0.531915 0.382831 0.484043 0.38051 0.473404 0.37355 0.465426 0.37355 0.457447 0.361949 0.444149 0.33874699999999996 0.39627699999999993 0.322506 0.37766 0.310905 0.37234 0.303944 0.37234 0.301624 0.38297899999999996 0.322506 0.39893599999999996 0.322506 0.404255 0.345708 0.43617 0.35266800000000004 0.457447 0.37355 0.49734 0.396752 0.526596 0.415313 0.542553 0.45939700000000006 0.56383 0.524362 0.571809 0.563805 0.56383 0.598608 0.542553 0.63109 0.50266 0.656613 0.43883 0.6658929999999998 0.42819100000000004 0.6821350000000002 0.39627699999999993 0.712297 0.36702100000000004
6 0.160093 0 0.160093 0.007979 0.169374 0.013298 0.208817 0.021277 0.225058 0.031915 0.25522 0.039894 0.259861 0.047872 0.259861 0.09574499999999998 0.269142 0.098404 0.273782 0.093085 0.273782 0.058511 0.269142 0.053190999999999995 0.266821 0.029254999999999996 0.197216 0.00266
6 0.844548 0 0.8051039999999999 0.005319 0.7656609999999999 0.021277 0.7378190000000001 0.026596 0.730858 0.053190999999999995 0.730858 0.098404 0.742459 0.098404 0.742459 0.045213 0.74942 0.037234 0.772622 0.034574 0.807425 0.018617 0.842227 0.013298
6 0.12297 0.327128 0.12297 0.335106 0.157773 0.343085 0.213457 0.348404 0.280742 0.361702 0.292343 0.359043 0.290023 0.348404 0.269142 0.343085 0.208817 0.337766 0.148492 0.324468
6 0.24594 0.835106 0.241299 0.8297869999999999 0.234339 0.8297869999999999 0.232019 0.840426 0.215777 0.851064 0.169374 0.853723 0.102088 0.843085 0.09976800000000001 0.853723 0.106729 0.8590429999999999 0.134571 0.864362 0.222738 0.864362 0.24594 0.851064
6 0.87935 0.321809 0.863109 0.316489 0.8584689999999999 0.324468 0.837587 0.329787 0.7587010000000001 0.340426 0.709977 0.356383 0.707657 0.36702100000000004 0.723898 0.369681 0.786543 0.348404 0.853828 0.340426 0.87703 0.332447
6 0.900232 0.840426 0.87239 0.843085 0.853828 0.851064 0.816705 0.851064 0.761021 0.843085 0.7587010000000001 0.853723 0.809745 0.864362 0.860789 0.864362 0.87935 0.8563829999999999 0.900232 0.853723