0 0.592995 0.084635 0.589372 0.08724 0.585749 0.085938 0.576087 0.088542 0.550725 0.088542 0.541063 0.082031 0.532609 0.082031 0.501208 0.091146 0.490338 0.09244800000000002 0.438406 0.089844 0.434783 0.08724 0.413043 0.084635 0.4057970000000001 0.089844 0.407005 0.09505199999999998 0.380435 0.138021 0.375604 0.143229 0.374396 0.139323 0.370773 0.140625 0.36715000000000003 0.14974 0.35990300000000003 0.160156 0.35990300000000003 0.164062 0.369565 0.196615 0.369565 0.201823 0.378019 0.21875 0.384058 0.239583 0.384058 0.25651 0.388889 0.25651 0.3925120000000001 0.266927 0.399758 0.304688 0.400966 0.3736979999999999 0.39613499999999996 0.39974 0.60628 0.39974 0.602657 0.390625 0.600242 0.372396 0.600242 0.308594 0.603865 0.296875 0.608696 0.266927 0.618357 0.244792 0.618357 0.235677 0.624396 0.220052 0.626812 0.204427 0.636473 0.178385 0.636473 0.167969 0.640097 0.158854 0.621981 0.140625 0.605072 0.115885 0.594203 0.09505199999999998 0.595411 0.088542
4 0 0.821615 0.001208 0.828125 0.009662000000000002 0.834635 0.03744 0.834635 0.061594 0.84375 0.074879 0.84375 0.094203 0.833333 0.097826 0.833333 0.109903 0.8463540000000002 0.107488 0.854167 0.107488 0.8723959999999998 0.114734 0.882812 0.115942 0.89974 0.12439599999999999 0.9101560000000001 0.131643 0.915365 0.13285 0.9244790000000002 0.135266 0.928385 0.146135 0.932292 0.160628 0.9257810000000001 0.169082 0.9257810000000001 0.177536 0.93099 0.187198 0.929688 0.19444399999999998 0.923177 0.20169099999999998 0.907552 0.208937 0.901042 0.222222 0.914062 0.22343 0.942708 0.229469 0.9505209999999998 0.240338 0.953125 0.24879199999999999 0.967448 0.278986 0.967448 0.286232 0.963542 0.299517 0.963542 0.304348 0.9648439999999999 0.312802 0.97526 0.316425 0.983073 0.32729500000000006 0.99349 0.370773 0.99349 0.378019 0.998698 0.386473 0.9973959999999998 0.400966 0.979167 0.411836 0.976562 0.42029 0.977865 0.425121 0.983073 0.429952 0.99349 0.433575 0.9973959999999998 0.438406 0.998698 0.44565199999999994 0.9960939999999999 0.451691 0.990885 0.471014 0.989583 0.491546 0.998698 0.496377 0.998698 0.501208 0.99349 0.5 0.970052 0.503623 0.9661459999999998 0.516908 0.985677 0.539855 0.9973959999999998 0.568841 0.9960939999999999 0.574879 0.990885 0.577295 0.9817709999999998 0.580918 0.976562 0.597826 0.979167 0.608696 0.99349 0.615942 0.9973959999999998 0.623188 0.9973959999999998 0.629227 0.99349 0.6376809999999999 0.99349 0.6413039999999999 0.9960939999999999 0.669082 0.994792 0.681159 0.984375 0.693237 0.9648439999999999 0.7101450000000001 0.963542 0.718599 0.967448 0.751208 0.9661459999999998 0.759662 0.954427 0.769324 0.9505209999999998 0.774155 0.945312 0.77657 0.9375 0.77657 0.91276 0.7862319999999999 0.90625 0.78744 0.898438 0.7898549999999999 0.895833 0.799517 0.911458 0.80314 0.921875 0.81401 0.93099 0.821256 0.93099 0.82971 0.9257810000000001 0.8369569999999998 0.9257810000000001 0.847826 0.93099 0.861111 0.929688 0.8647340000000001 0.9257810000000001 0.868357 0.914062 0.879227 0.90625 0.88285 0.898438 0.88285 0.882812 0.8913039999999999 0.869792 0.8913039999999999 0.8567709999999998 0.888889 0.8463540000000002 0.899758 0.834635 0.9082129999999999 0.835938 0.92029 0.84375 0.9335750000000002 0.84375 0.94686 0.83724 0.955314 0.83724 0.96256 0.834635 0.987923 0.835938 0.995169 0.833333 0.998792 0.828125 0.996377 0.8151040000000002 0.96256 0.773438 0.96256 0.7526040000000002 0.927536 0.720052 0.90942 0.7070310000000001 0.898551 0.695312 0.896135 0.682292 0.899758 0.678385 0.922705 0.677083 0.925121 0.673177 0.922705 0.666667 0.903382 0.648438 0.876812 0.628906 0.830918 0.589844 0.766908 0.544271 0.751208 0.535156 0.6871980000000001 0.484375 0.640097 0.440104 0.607488 0.403646 0.607488 0.40104200000000007 0.39613499999999996 0.40104200000000007 0.368357 0.43229200000000007 0.31038600000000005 0.488281 0.271739 0.519531 0.204106 0.565104 0.161836 0.598958 0.125604 0.625 0.080918 0.664062 0.077295 0.6692709999999998 0.077295 0.673177 0.085749 0.679688 0.102657 0.68099 0.10628000000000001 0.6848959999999998 0.103865 0.69401 0.08816399999999999 0.710938 0.060386 0.7317709999999998 0.038647 0.7539060000000001 0.03744 0.773438 0.002415 0.8151040000000002
5 0.7343000000000001 0.128906 0.721014 0.128906 0.708937 0.119792 0.693237 0.119792 0.68599 0.12369800000000002 0.677536 0.121094 0.653382 0.122396 0.6413039999999999 0.134115 0.624396 0.140625 0.6413039999999999 0.158854 0.6376809999999999 0.167969 0.6376809999999999 0.178385 0.625604 0.21224 0.625604 0.220052 0.619565 0.235677 0.619565 0.242188 0.612319 0.252604 0.612319 0.257812 0.618357 0.25651 0.624396 0.259115 0.63285 0.27474 0.649758 0.28125 0.65942 0.290365 0.669082 0.290365 0.678744 0.283854 0.699275 0.28776 0.711353 0.277344 0.722222 0.276042 0.728261 0.270833 0.741546 0.273438 0.75 0.270833 0.753623 0.266927 0.753623 0.264323 0.7826090000000001 0.235677 0.7826090000000001 0.210938 0.762077 0.192708 0.729469 0.175781 0.725845 0.171875 0.724638 0.154948 0.733092 0.144531 0.737923 0.134115
5 0.266908 0.128906 0.263285 0.132812 0.263285 0.138021 0.278986 0.158854 0.278986 0.164062 0.270531 0.175781 0.252415 0.183594 0.22584500000000002 0.201823 0.218599 0.209635 0.216184 0.22526 0.217391 0.234375 0.231884 0.25 0.240338 0.255208 0.252415 0.270833 0.257246 0.273438 0.271739 0.270833 0.280193 0.276042 0.288647 0.277344 0.301932 0.28776 0.307971 0.28776 0.312802 0.283854 0.322464 0.283854 0.333333 0.290365 0.341787 0.289062 0.350242 0.28125 0.365942 0.276042 0.381643 0.25651 0.385266 0.25651 0.38284999999999997 0.252604 0.38284999999999997 0.235677 0.368357 0.201823 0.368357 0.196615 0.362319 0.178385 0.363527 0.158854 0.368357 0.145833 0.374396 0.139323 0.368357 0.139323 0.34661800000000004 0.122396 0.31401 0.12369800000000002 0.306763 0.119792 0.294686 0.119792 0.280193 0.128906
2 0.602657 0.080729 0.599034 0.078125 0.57971 0.078125 0.573671 0.080729 0.554348 0.080729 0.541063 0.083333 0.509662 0.083333 0.504831 0.085938 0.474638 0.085938 0.471014 0.083333 0.42270499999999994 0.083333 0.41908200000000007 0.080729 0.413043 0.080729 0.40941999999999995 0.083333 0.408213 0.089844 0.410628 0.09375 0.41908200000000007 0.097656 0.544686 0.097656 0.550725 0.09505199999999998 0.586957 0.09244800000000002 0.589372 0.09505199999999998 0.597826 0.09505199999999998 0.602657 0.089844
1 0.078502 0.670573 0.07971 0.677083 0.083333 0.679688 0.08937199999999998 0.679688 0.100242 0.6757810000000001 0.103865 0.677083 0.103865 0.6835939999999999 0.097826 0.708333 0.097826 0.740885 0.105072 0.7695310000000001 0.11352699999999999 0.7786459999999998 0.121981 0.782552 0.142512 0.782552 0.164251 0.7695310000000001 0.176329 0.8098959999999998 0.193237 0.829427 0.213768 0.838542 0.228261 0.838542 0.236715 0.833333 0.245169 0.81901 0.245169 0.8098959999999998 0.240338 0.795573 0.229469 0.773438 0.229469 0.7682290000000002 0.236715 0.760417 0.236715 0.7526040000000002 0.274155 0.7526040000000002 0.292271 0.744792 0.304348 0.735677 0.321256 0.7617189999999999 0.34661800000000004 0.790365 0.342995 0.7942709999999998 0.338164 0.807292 0.328502 0.8085939999999999 0.304348 0.802083 0.291063 0.7942709999999998 0.272947 0.7773439999999999 0.262077 0.77474 0.252415 0.7838540000000002 0.252415 0.804688 0.269324 0.8307290000000002 0.280193 0.8411459999999998 0.300725 0.851562 0.334541 0.851562 0.35628 0.84375 0.363527 0.851562 0.365942 0.859375 0.373188 0.869792 0.380435 0.876302 0.3925120000000001 0.88151 0.413043 0.88151 0.431159 0.884115 0.451691 0.884115 0.454106 0.8789060000000001 0.454106 0.869792 0.442029 0.8619790000000002 0.429952 0.859375 0.42029 0.85026 0.429952 0.838542 0.429952 0.8320310000000001 0.42632899999999996 0.826823 0.416667 0.8255209999999998 0.40338199999999996 0.8307290000000002 0.388889 0.8307290000000002 0.369565 0.8242189999999999 0.376812 0.81901 0.385266 0.822917 0.407005 0.822917 0.428744 0.8125 0.438406 0.803385 0.450483 0.821615 0.483092 0.842448 0.492754 0.845052 0.535024 0.8476560000000001 0.53744 0.85026 0.52657 0.8567709999999998 0.525362 0.867188 0.532609 0.876302 0.543478 0.882812 0.549517 0.884115 0.59058 0.884115 0.614734 0.8789060000000001 0.634058 0.8632810000000001 0.6352659999999999 0.858073 0.653382 0.842448 0.666667 0.842448 0.678744 0.8463540000000002 0.711353 0.845052 0.719807 0.8398439999999999 0.728261 0.828125 0.729469 0.813802 0.733092 0.802083 0.733092 0.789062 0.730676 0.7851560000000001 0.724638 0.7838540000000002 0.705314 0.798177 0.6908209999999999 0.804688 0.67029 0.804688 0.6618359999999999 0.802083 0.657005 0.796875 0.655797 0.786458 0.6618359999999999 0.77474 0.6678739999999999 0.7682290000000002 0.672705 0.755208 0.6884059999999999 0.75651 0.716184 0.7473959999999998 0.757246 0.7473959999999998 0.77657 0.744792 0.788647 0.740885 0.792271 0.742188 0.78744 0.7526040000000002 0.778986 0.7617189999999999 0.769324 0.7682290000000002 0.758454 0.786458 0.748792 0.8125 0.748792 0.8307290000000002 0.751208 0.835938 0.754831 0.838542 0.768116 0.83724 0.7826090000000001 0.829427 0.793478 0.817708 0.80314 0.7942709999999998 0.804348 0.7773439999999999 0.828502 0.78125 0.85628 0.779948 0.8647340000000001 0.776042 0.876812 0.75651 0.881643 0.7382810000000001 0.8913039999999999 0.7226560000000001 0.89372 0.7161459999999998 0.89372 0.7070310000000001 0.896135 0.703125 0.896135 0.69401 0.905797 0.686198 0.916667 0.686198 0.92029 0.6835939999999999 0.92029 0.6744790000000002 0.90942 0.670573 0.903382 0.670573 0.8852659999999999 0.682292 0.879227 0.7148439999999999 0.873188 0.7226560000000001 0.865942 0.740885 0.865942 0.7460939999999999 0.85628 0.7630209999999998 0.852657 0.765625 0.8321260000000001 0.766927 0.806763 0.764323 0.800725 0.7617189999999999 0.799517 0.759115 0.8055560000000002 0.748698 0.807971 0.734375 0.804348 0.729167 0.795894 0.72526 0.753623 0.733073 0.708937 0.734375 0.6847829999999999 0.742188 0.679952 0.742188 0.671498 0.7369790000000002 0.666667 0.7369790000000002 0.6630430000000002 0.739583 0.657005 0.757812 0.642512 0.78125 0.642512 0.7929689999999999 0.646135 0.807292 0.650966 0.8125 0.6630430000000002 0.817708 0.698068 0.817708 0.716184 0.8085939999999999 0.7173909999999999 0.8151040000000002 0.7137680000000001 0.8242189999999999 0.704106 0.8320310000000001 0.682367 0.8320310000000001 0.666667 0.828125 0.650966 0.828125 0.636473 0.835938 0.625604 0.8463540000000002 0.623188 0.852865 0.609903 0.864583 0.577295 0.8710939999999999 0.559179 0.8710939999999999 0.548309 0.86849 0.543478 0.865885 0.543478 0.8632810000000001 0.551932 0.859375 0.586957 0.858073 0.612319 0.852865 0.63285 0.8307290000000002 0.634058 0.821615 0.629227 0.8151040000000002 0.613527 0.803385 0.602657 0.7994790000000002 0.597826 0.7994790000000002 0.589372 0.803385 0.582126 0.813802 0.568841 0.826823 0.551932 0.83724 0.544686 0.83724 0.539855 0.8320310000000001 0.490338 0.829427 0.46256 0.8125 0.454106 0.802083 0.448068 0.790365 0.440821 0.7838540000000002 0.434783 0.7851560000000001 0.42029 0.8007810000000001 0.40338199999999996 0.8085939999999999 0.370773 0.80599 0.361111 0.811198 0.352657 0.81901 0.351449 0.8307290000000002 0.34661800000000004 0.8307290000000002 0.34058000000000005 0.834635 0.33091799999999993 0.83724 0.304348 0.83724 0.28744 0.828125 0.275362 0.8151040000000002 0.266908 0.802083 0.266908 0.791667 0.275362 0.8007810000000001 0.297101 0.8151040000000002 0.324879 0.822917 0.339372 0.822917 0.349034 0.81901 0.352657 0.813802 0.35386500000000004 0.804688 0.364734 0.7929689999999999 0.362319 0.7838540000000002 0.332126 0.7526040000000002 0.31763299999999994 0.7317709999999998 0.315217 0.7213540000000002 0.31038600000000005 0.7161459999999998 0.305556 0.7161459999999998 0.295894 0.7213540000000002 0.278986 0.735677 0.259662 0.739583 0.228261 0.735677 0.19927500000000004 0.723958 0.192029 0.726562 0.190821 0.734375 0.19927500000000004 0.7460939999999999 0.213768 0.751302 0.21980699999999997 0.75651 0.216184 0.7630209999999998 0.216184 0.7773439999999999 0.22343 0.790365 0.231884 0.8151040000000002 0.229469 0.820312 0.22343 0.8242189999999999 0.213768 0.822917 0.20652200000000004 0.817708 0.202899 0.817708 0.187198 0.7994790000000002 0.17874399999999996 0.7630209999999998 0.173913 0.7526040000000002 0.164251 0.751302 0.147343 0.764323 0.135266 0.7695310000000001 0.128019 0.7695310000000001 0.11715 0.760417 0.11352699999999999 0.7526040000000002 0.111111 0.7369790000000002 0.111111 0.71224 0.11352699999999999 0.696615 0.11715 0.6875 0.11715 0.679688 0.12439599999999999 0.665365 0.12439599999999999 0.654948 0.11715 0.652344 0.108696 0.658854 0.083333 0.665365
1 0 0.81901 0 0.8307290000000002 0.016908 0.8398439999999999 0.030193 0.84375 0.04106300000000001 0.845052 0.045894 0.8476560000000001 0.07971 0.8476560000000001 0.09541099999999998 0.84375 0.100242 0.845052 0.103865 0.851562 0.103865 0.880208 0.107488 0.8880209999999998 0.108696 0.897135 0.11835699999999999 0.915365 0.12439599999999999 0.9179689999999999 0.130435 0.9244790000000002 0.136473 0.9244790000000002 0.148551 0.93099 0.18357500000000002 0.93099 0.188406 0.9257810000000001 0.20652200000000004 0.915365 0.210145 0.916667 0.217391 0.923177 0.22101399999999996 0.929688 0.222222 0.942708 0.22584500000000002 0.951823 0.236715 0.960938 0.25 0.963542 0.257246 0.97526 0.262077 0.977865 0.275362 0.977865 0.28744 0.9713540000000002 0.30314 0.9713540000000002 0.311594 0.9817709999999998 0.31763299999999994 0.985677 0.320048 0.990885 0.335749 0.998698 0.385266 0.998698 0.398551 0.990885 0.40338199999999996 0.990885 0.410628 0.9869790000000002 0.42029 0.989583 0.423913 0.994792 0.433575 0.998698 0.456522 0.998698 0.461353 0.9960939999999999 0.46859900000000004 0.9960939999999999 0.47343 0.998698 0.507246 0.998698 0.509662 0.9882810000000001 0.532609 0.998698 0.570048 0.998698 0.591787 0.984375 0.605072 0.992188 0.621981 0.998698 0.6642509999999999 0.998698 0.671498 0.9960939999999999 0.6908209999999999 0.977865 0.701691 0.9713540000000002 0.759662 0.9713540000000002 0.769324 0.967448 0.774155 0.960938 0.777778 0.9505209999999998 0.778986 0.9192709999999998 0.7850240000000002 0.907552 0.795894 0.923177 0.804348 0.929688 0.8164249999999998 0.9348959999999998 0.847826 0.9335939999999999 0.857488 0.928385 0.868357 0.927083 0.875604 0.920573 0.884058 0.90625 0.8852659999999999 0.880208 0.89372 0.848958 0.900966 0.8398439999999999 0.9106280000000001 0.845052 0.9371980000000001 0.845052 0.948068 0.8398439999999999 0.9637680000000001 0.835938 0.9843000000000001 0.834635 0.998792 0.8307290000000002 0.997585 0.817708 0.955314 0.822917 0.9335750000000002 0.8307290000000002 0.9142509999999999 0.8307290000000002 0.903382 0.8242189999999999 0.894928 0.8242189999999999 0.8852659999999999 0.833333 0.880435 0.842448 0.876812 0.864583 0.871981 0.876302 0.871981 0.898438 0.8623190000000001 0.91276 0.853865 0.91276 0.844203 0.9192709999999998 0.820048 0.920573 0.8128019999999999 0.9179689999999999 0.799517 0.904948 0.793478 0.890625 0.7898549999999999 0.8867189999999999 0.783816 0.885417 0.772947 0.897135 0.766908 0.91276 0.766908 0.936198 0.7632849999999999 0.9505209999999998 0.759662 0.9557290000000002 0.751208 0.958333 0.733092 0.958333 0.727053 0.9557290000000002 0.698068 0.9570310000000001 0.681159 0.9661459999999998 0.675121 0.973958 0.6606280000000001 0.984375 0.625604 0.984375 0.608696 0.977865 0.596618 0.967448 0.589372 0.967448 0.568841 0.983073 0.557971 0.985677 0.536232 0.984375 0.518116 0.976562 0.503623 0.9648439999999999 0.498792 0.9648439999999999 0.493961 0.970052 0.493961 0.976562 0.496377 0.9817709999999998 0.495169 0.9869790000000002 0.477053 0.983073 0.437198 0.984375 0.415459 0.9713540000000002 0.408213 0.9713540000000002 0.380435 0.984375 0.345411 0.985677 0.335749 0.983073 0.312802 0.959635 0.301932 0.9557290000000002 0.280193 0.958333 0.268116 0.9648439999999999 0.2657 0.96224 0.264493 0.9557290000000002 0.26087 0.951823 0.242754 0.947917 0.23792300000000002 0.94401 0.2343 0.936198 0.23309199999999997 0.921875 0.222222 0.90625 0.214976 0.9023439999999999 0.20169099999999998 0.901042 0.175121 0.9179689999999999 0.155797 0.9179689999999999 0.142512 0.911458 0.137681 0.911458 0.126812 0.9023439999999999 0.121981 0.891927 0.11715 0.875 0.11715 0.8476560000000001 0.11231900000000002 0.83724 0.102657 0.828125 0.092995 0.828125 0.071256 0.834635 0.055556 0.834635 0.04468599999999999 0.8307290000000002 0.027778 0.828125 0.007246 0.817708
6 0.371981 0.138021 0.368357 0.140625 0.35628 0.16276 0.35628 0.173177 0.371981 0.209635 0.371981 0.217448 0.378019 0.229167 0.378019 0.235677 0.384058 0.252604 0.394928 0.253906 0.397343 0.25 0.397343 0.242188 0.3925120000000001 0.235677 0.391304 0.223958 0.385266 0.21224 0.385266 0.20572899999999997 0.370773 0.171875 0.371981 0.161458 0.380435 0.148438 0.379227 0.140625
6 0.628019 0.141927 0.621981 0.143229 0.619565 0.151042 0.623188 0.15625 0.636473 0.164062 0.625604 0.19010399999999997 0.620773 0.196615 0.619565 0.20572899999999997 0.614734 0.21614600000000003 0.613527 0.226562 0.608696 0.235677 0.607488 0.24349 0.602657 0.248698 0.603865 0.255208 0.607488 0.257812 0.614734 0.257812 0.619565 0.253906 0.619565 0.24739600000000003 0.626812 0.23177100000000003 0.626812 0.22526 0.629227 0.21614600000000003 0.63285 0.210938 0.63285 0.20572899999999997 0.649758 0.167969 0.648551 0.152344 0.644928 0.14974 0.640097 0.14974
6 0.278986 0.16276 0.281401 0.170573 0.299517 0.175781 0.31401 0.175781 0.339372 0.179688 0.362319 0.179688 0.365942 0.177083 0.365942 0.167969 0.358696 0.164062 0.324879 0.164062 0.318841 0.161458 0.30314 0.161458 0.291063 0.157552 0.283816 0.157552
6 0.727053 0.16276 0.72343 0.157552 0.718599 0.154948 0.711353 0.154948 0.707729 0.157552 0.646135 0.157552 0.642512 0.160156 0.6413039999999999 0.166667 0.64372 0.170573 0.724638 0.170573