0 0.769444 0.065491 0.761111 0.065491 0.747222 0.055416 0.727778 0.055416 0.705556 0.045340000000000005 0.675 0.040302 0.65 0.030227 0.638889 0.020151 0.636111 0.022670000000000003 0.633333 0.015113 0.591667 0.002519 0.438889 0.007557 0.386111 0.005038 0.333333 0.020151 0.286111 0.047859 0.238889 0.060453 0.230556 0.06801 0.211111 0.075567 0.197222 0.075567 0.20277800000000004 0.08060500000000001 0.2 0.093199 0.205556 0.11586900000000001 0.225 0.143577 0.222222 0.156171 0.269444 0.20906799999999998 0.302778 0.23677599999999996 0.338889 0.342569 0.338889 0.372796 0.347222 0.410579 0.352778 0.415617 0.352778 0.433249 0.497222 0.43576800000000004 0.569444 0.433249 0.630556 0.42569300000000004 0.627778 0.395466 0.633333 0.39042799999999994 0.641667 0.36272000000000004 0.65 0.302267 0.666667 0.279597 0.666667 0.239295 0.677778 0.221662 0.688889 0.21662500000000004 0.694444 0.201511 0.730556 0.166247 0.738889 0.141058 0.755556 0.125945 0.755556 0.11586900000000001 0.769444 0.088161
4 0.630556 0.43073 0.597222 0.42569300000000004 0.569444 0.43576800000000004 0.497222 0.438287 0.352778 0.433249 0.283333 0.556675 0.258333 0.624685 0.277778 0.644836 0.294444 0.652393 0.3 0.763224 0.308333 0.770781 0.316667 0.838791 0.313889 0.8790930000000001 0.316667 0.90932 0.322222 0.921914 0.325 0.984887 0.336111 0.994962 0.575 0.997481 0.613889 0.992443 0.636111 0.994962 0.652778 0.987406 0.669444 0.987406 0.669444 0.944584 0.677778 0.906801 0.694444 0.707809 0.691667 0.654912 0.725 0.624685 0.7222220000000001 0.604534 0.702778 0.574307 0.702778 0.564232 0.694444 0.559194 0.644444 0.468514 0.641667 0.455919 0.627778 0.440806
5 0.21944400000000003 0.151134 0.216667 0.176322 0.20833299999999996 0.188917 0.19166699999999998 0.259446 0.169444 0.299748 0.169444 0.309824 0.158333 0.332494 0.133333 0.423174 0.136111 0.433249 0.097222 0.536524 0.069444 0.564232 0.063889 0.564232 0.052778 0.576826 0.044444 0.579345 0.013889 0.604534 0.005556 0.604534 0.002778 0.609572 0.005556 0.627204 0.016667 0.634761 0.06111099999999999 0.634761 0.066667 0.639798 0.063889 0.65995 0.077778 0.664987 0.09166700000000001 0.6775820000000001 0.133333 0.6700250000000001 0.152778 0.6851390000000002 0.186111 0.687657 0.20277800000000004 0.68262 0.205556 0.6775820000000001 0.194444 0.657431 0.197222 0.63728 0.188889 0.627204 0.18333300000000002 0.559194 0.205556 0.513854 0.22777799999999998 0.43576800000000004 0.24444399999999997 0.40806 0.255556 0.367758 0.272222 0.335013 0.286111 0.284635 0.286111 0.269521 0.3 0.23677599999999996 0.247222 0.188917 0.247222 0.183879 0.21944400000000003 0.156171
5 0.752778 0.130982 0.741667 0.141058 0.733333 0.166247 0.697222 0.201511 0.694444 0.211587 0.677778 0.219144 0.686111 0.22670000000000004 0.725 0.335013 0.741667 0.3702770000000001 0.752778 0.382872 0.775 0.450882 0.772222 0.465995 0.7777779999999999 0.486146 0.8055559999999999 0.549118 0.8055559999999999 0.581864 0.8 0.586902 0.8027780000000001 0.609572 0.7916669999999999 0.63728 0.7888889999999998 0.65995 0.794444 0.664987 0.8138890000000001 0.6624689999999999 0.8277780000000001 0.667506 0.861111 0.667506 0.875 0.657431 0.905556 0.6624689999999999 0.908333 0.654912 0.9277780000000001 0.647355 0.9305559999999999 0.634761 0.9361109999999999 0.629723 0.969444 0.629723 0.977778 0.619647 0.983333 0.619647 0.991667 0.609572 0.997222 0.59194 0.963889 0.579345 0.9388890000000001 0.564232 0.883333 0.513854 0.852778 0.41813599999999995 0.852778 0.40806 0.8333330000000001 0.3702770000000001 0.8111109999999999 0.277078 0.763889 0.15869 0.758333 0.130982
7 0.627778 0.42569300000000004 0.602778 0.423174 0.575 0.43073 0.452778 0.433249 0.355556 0.42569300000000004 0.352778 0.43576800000000004 0.41944400000000004 0.445844 0.583333 0.4433250000000001 0.625 0.43576800000000004
2 0.583333 0.002519 0.569444 0.005038 0.563889 0.088161 0.538889 0.173804 0.516667 0.21662500000000004 0.48611100000000007 0.261965 0.45 0.211587 0.4416669999999999 0.183879 0.430556 0.168766 0.430556 0.161209 0.41944400000000004 0.141058 0.41111099999999995 0.100756 0.397222 0.070529 0.394444 0.010076 0.380556 0.010076 0.383333 0.08060500000000001 0.397222 0.108312 0.397222 0.120907 0.40833299999999995 0.156171 0.45 0.244332 0.48611100000000007 0.282116 0.494444 0.282116 0.5 0.277078 0.505556 0.259446 0.513889 0.251889 0.530556 0.219144 0.544444 0.201511 0.544444 0.191436 0.55 0.186398 0.566667 0.143577 0.580556 0.078086 0.586111 0.012594
1 0.327778 0.987406 0.330556 0.997481 0.672222 0.994962 0.669444 0.984887 0.458333 0.984887 0.430556 0.9899240000000001 0.369444 0.9899240000000001 0.347222 0.984887
6 0.21944400000000003 0.151134 0.216667 0.161209 0.277778 0.221662 0.275 0.23173800000000003 0.308333 0.23677599999999996 0.311111 0.22670000000000004 0.230556 0.151134
6 0.755556 0.125945 0.747222 0.125945 0.738889 0.133501 0.7222220000000001 0.161209 0.686111 0.206549 0.672222 0.211587 0.675 0.221662 0.694444 0.221662 0.708333 0.206549 0.755556 0.141058
6 0.097222 0.534005 0.097222 0.544081 0.116667 0.554156 0.152778 0.564232 0.188889 0.561713 0.186111 0.551637 0.152778 0.549118 0.125 0.541562 0.108333 0.531486
6 0.894444 0.518892 0.877778 0.516373 0.866667 0.526448 0.8111109999999999 0.541562 0.8055559999999999 0.546599 0.8055559999999999 0.554156 0.8277780000000001 0.554156 0.888889 0.534005 0.894444 0.528967