0 0.323944 0.117936 0.319249 0.130221 0.319249 0.154791 0.333333 0.179361 0.340376 0.203931 0.34507 0.2457 0.356808 0.29484 0.361502 0.302211 0.370892 0.363636 0.37558700000000006 0.371007 0.39201899999999995 0.373464 0.396714 0.378378 0.39201899999999995 0.380835 0.403756 0.380835 0.415493 0.373464 0.492958 0.37592099999999995 0.58216 0.36855000000000004 0.605634 0.373464 0.617371 0.366093 0.638498 0.253071 0.659624 0.19901700000000003 0.664319 0.174447 0.664319 0.144963 0.6737090000000001 0.127764 0.6737090000000001 0.12285 0.659624 0.108108 0.631455 0.10565099999999998 0.610329 0.09828 0.591549 0.09828 0.553991 0.088452 0.535211 0.088452 0.516432 0.09582299999999999 0.495305 0.115479 0.488263 0.115479 0.455399 0.090909 0.438967 0.085995 0.413146 0.085995 0.399061 0.090909 0.382629 0.090909 0.342723 0.103194
5 0.992958 0.208845 0.9812210000000001 0.208845 0.91784 0.159705 0.924883 0.157248 0.899061 0.135135 0.889671 0.135135 0.868545 0.115479 0.859155 0.11302200000000001 0.842723 0.100737 0.838028 0.093366 0.830986 0.090909 0.833333 0.088452 0.8286379999999999 0.081081 0.819249 0.083538 0.819249 0.078624 0.800469 0.071253 0.793427 0.063882 0.800469 0.058968 0.795775 0.044226 0.802817 0.034398 0.793427 0.034398 0.755869 0.004914 0.741784 0.007371 0.730047 0.014742 0.643192 0.046683 0.605634 0.056511000000000006 0.600939 0.061425 0.537559 0.085995 0.553991 0.085995 0.591549 0.09582299999999999 0.610329 0.09582299999999999 0.631455 0.103194 0.659624 0.10565099999999998 0.6760560000000001 0.12285 0.666667 0.144963 0.666667 0.16953299999999996 0.6713620000000001 0.179361 0.661972 0.203931 0.669014 0.208845 0.6713620000000001 0.218673 0.669014 0.262899 0.65493 0.36117900000000003 0.661972 0.363636 0.704225 0.36117900000000003 0.725352 0.36855000000000004 0.739437 0.366093 0.7863849999999999 0.348894 0.79108 0.34398 0.7863849999999999 0.341523 0.7887319999999999 0.336609 0.8239439999999999 0.336609 0.835681 0.331695 0.85446 0.312039 0.856808 0.316953 0.859155 0.312039 0.884977 0.309582 0.901408 0.299754 0.920188 0.280098 0.92723 0.260442 0.93662 0.250614 0.962441 0.243243 0.9835680000000001 0.230958 0.992958 0.216216
5 0.2277 0.002457 0.225352 0.012285 0.19483599999999998 0.039312 0.171362 0.04914 0.185446 0.063882 0.183099 0.068796 0.171362 0.068796 0.159624 0.083538 0.161972 0.085995 0.140845 0.108108 0.08450700000000001 0.152334 0.070423 0.157248 0.07277 0.159705 0.065728 0.167076 0.061033 0.164619 0.06338 0.167076 0.046948000000000004 0.18427500000000002 0.00939 0.213759 0.004695 0.213759 0.002347 0.22604400000000002 0.028169 0.253071 0.056338 0.265356 0.093897 0.316953 0.119718 0.324324 0.126761 0.309582 0.15493 0.3390659999999999 0.187793 0.353808 0.201878 0.353808 0.211268 0.36117900000000003 0.211268 0.366093 0.23708900000000002 0.37592099999999995 0.258216 0.37592099999999995 0.267606 0.36117900000000003 0.276995 0.366093 0.309859 0.371007 0.333333 0.36117900000000003 0.333333 0.3390659999999999 0.328638 0.3390659999999999 0.330986 0.316953 0.321596 0.277641 0.321596 0.24078600000000003 0.314554 0.19901700000000003 0.314554 0.144963 0.319249 0.12285 0.333333 0.10565099999999998 0.356808 0.09582299999999999 0.413146 0.083538 0.43662 0.083538 0.413146 0.076167 0.333333 0.039312
4 0.373239 0.36855000000000004 0.361502 0.388206 0.328638 0.493857 0.314554 0.562654 0.309859 0.619165 0.305164 0.63145 0.309859 0.980344 0.316901 0.985258 0.382629 0.9901720000000002 0.420188 0.987715 0.43192499999999995 0.992629 0.446009 0.987715 0.453052 0.992629 0.50939 0.992629 0.577465 0.985258 0.629108 0.985258 0.652582 0.980344 0.6737090000000001 0.9828010000000001 0.690141 0.977887 0.690141 0.714988 0.680751 0.574939 0.664319 0.496314 0.624413 0.378378 0.617371 0.371007 0.605634 0.37592099999999995 0.584507 0.371007 0.551643 0.37592099999999995 0.495305 0.37592099999999995 0.49060999999999994 0.371007 0.488263 0.37592099999999995 0.478873 0.378378 0.415493 0.37592099999999995 0.403756 0.38329199999999997 0.39201899999999995 0.38329199999999997 0.39201899999999995 0.37592099999999995 0.380282 0.37592099999999995
2 0.309859 0.132678 0.321596 0.135135 0.349765 0.110565 0.403756 0.093366 0.42723 0.09582299999999999 0.462441 0.110565 0.47183100000000006 0.110565 0.488263 0.12039300000000001 0.5 0.12039300000000001 0.50939 0.110565 0.537559 0.100737 0.596244 0.10565099999999998 0.603286 0.110565 0.626761 0.110565 0.643192 0.115479 0.647887 0.12285 0.657277 0.12285 0.661972 0.117936 0.661972 0.108108 0.657277 0.103194 0.643192 0.103194 0.624413 0.09582299999999999 0.553991 0.088452 0.514085 0.090909 0.492958 0.10565099999999998 0.478873 0.09582299999999999 0.464789 0.09582299999999999 0.460094 0.090909 0.43662 0.083538 0.396714 0.081081 0.359155 0.090909 0.352113 0.09582299999999999 0.342723 0.09582299999999999 0.309859 0.127764
7 0.622066 0.366093 0.584507 0.363636 0.481221 0.371007 0.39201899999999995 0.371007 0.382629 0.366093 0.370892 0.366093 0.366197 0.37592099999999995 0.380282 0.38329199999999997 0.577465 0.380835 0.591549 0.37592099999999995 0.619718 0.378378
1 0.690141 0.972973 0.683099 0.965602 0.678404 0.965602 0.6737090000000001 0.970516 0.600939 0.972973 0.58216 0.977887 0.50939 0.980344 0.49060999999999994 0.985258 0.356808 0.985258 0.309859 0.977887 0.305164 0.987715 0.312207 0.992629 0.328638 0.992629 0.340376 0.997543 0.5 0.997543 0.516432 0.992629 0.561033 0.992629 0.643192 0.9828010000000001 0.690141 0.9828010000000001
6 0.450704 0.081081 0.443662 0.076167 0.41784 0.076167 0.366197 0.090909 0.35446 0.090909 0.333333 0.10565099999999998 0.316901 0.12285 0.312207 0.137592 0.323944 0.140049 0.333333 0.125307 0.366197 0.103194 0.389671 0.100737 0.39436599999999994 0.09582299999999999 0.424883 0.088452 0.450704 0.093366
6 0.514085 0.09582299999999999 0.516432 0.103194 0.551643 0.103194 0.598592 0.110565 0.607981 0.115479 0.6338030000000001 0.115479 0.650235 0.12285 0.669014 0.12285 0.669014 0.11302200000000001 0.661972 0.10565099999999998 0.647887 0.108108 0.640845 0.103194 0.617371 0.103194 0.570423 0.090909 0.518779 0.090909
6 0.171362 0.058968 0.171362 0.063882 0.187793 0.078624 0.23708900000000002 0.103194 0.244131 0.103194 0.253521 0.110565 0.260563 0.110565 0.284038 0.12285 0.323944 0.125307 0.321596 0.11302200000000001 0.29108 0.110565 0.241784 0.085995 0.213615 0.076167 0.180751 0.054054
6 0.800469 0.044226 0.7887319999999999 0.041769 0.762911 0.058968 0.7488259999999999 0.061425 0.6713620000000001 0.100737 0.664319 0.108108 0.664319 0.11302200000000001 0.678404 0.115479 0.725352 0.088452 0.767606 0.07371 0.798122 0.056511000000000006
7 0 0.216216 0 0.228501 0.018779 0.250614 0.039906 0.260442 0.065728 0.287469 0.08216 0.312039 0.103286 0.329238 0.119718 0.329238 0.126761 0.324324 0.15493 0.348894 0.161972 0.348894 0.16666700000000004 0.353808 0.19718299999999997 0.353808 0.213615 0.36855000000000004 0.244131 0.38329199999999997 0.258216 0.38329199999999997 0.269953 0.373464 0.307512 0.37592099999999995 0.33568100000000006 0.36855000000000004 0.33568100000000006 0.351351 0.330986 0.34643699999999994 0.326291 0.34643699999999994 0.319249 0.358722 0.279343 0.36117900000000003 0.274648 0.356265 0.265258 0.356265 0.253521 0.36855000000000004 0.220657 0.356265 0.206573 0.341523 0.176056 0.341523 0.164319 0.336609 0.147887 0.324324 0.131455 0.304668 0.122066 0.304668 0.112676 0.314496 0.107981 0.314496 0.09154900000000002 0.299754 0.075117 0.275184 0.056338 0.255528 0.028169 0.238329 0.007042 0.213759
7 0.995305 0.208845 0.988263 0.206388 0.962441 0.235872 0.953052 0.235872 0.92723 0.248157 0.889671 0.297297 0.880282 0.302211 0.852113 0.304668 0.840376 0.32186700000000007 0.7887319999999999 0.329238 0.7723 0.341523 0.737089 0.356265 0.723005 0.356265 0.71831 0.351351 0.65493 0.351351 0.650235 0.36117900000000003 0.7488259999999999 0.36855000000000004 0.7535210000000001 0.363636 0.78169 0.353808 0.795775 0.341523 0.842723 0.336609 0.861502 0.316953 0.877934 0.316953 0.899061 0.309582 0.93662 0.260442 0.971831 0.248157 0.995305 0.22113