0 0.799337 0.080846 0.784411 0.073383 0.771144 0.070896 0.764511 0.067164 0.711443 0.060945 0.701493 0.05597 0.68325 0.053483 0.676617 0.050995 0.646766 0.026119 0.630182 0.016169 0.603648 0.004975 0.568823 0.0024880000000000006 0.519071 0.0024880000000000006 0.480929 0.006219 0.47263700000000003 0.011194 0.46434500000000006 0.011194 0.452736 0.022388 0.442786 0.039801 0.431177 0.048507 0.421227 0.050995 0.414594 0.05597 0.383085 0.05597 0.374793 0.059701 0.363184 0.060945 0.349917 0.06592 0.343284 0.06592 0.3466 0.072139 0.3466 0.095771 0.343284 0.10199 0.343284 0.11194 0.3466 0.118159 0.3466 0.164179 0.349917 0.192786 0.353234 0.19900499999999996 0.354892 0.256219 0.359867 0.274876 0.361526 0.302239 0.371476 0.314677 0.371476 0.324627 0.374793 0.328358 0.379768 0.354478 0.386401 0.369403 0.386401 0.40547300000000003 0.376451 0.427861 0.38806 0.44154200000000005 0.38806 0.46393 0.399668 0.475124 0.416252 0.471393 0.568823 0.468905 0.585406 0.462687 0.610282 0.460199 0.625207 0.456468 0.689884 0.456468 0.689884 0.446517 0.696517 0.4340800000000001 0.713101 0.421642 0.728027 0.41791 0.733002 0.40796 0.731343 0.365672 0.73466 0.359453 0.736318 0.338308 0.742952 0.323383 0.746269 0.303483 0.757877 0.28607 0.754561 0.278607 0.754561 0.237562 0.761194 0.187811 0.769486 0.169154 0.771144 0.155473 0.782753 0.131841 0.789386 0.106965 0.799337 0.094527 0.809287 0.08830799999999998
5 0.338308 0.067164 0.3267 0.077114 0.318408 0.077114 0.306799 0.087065 0.298507 0.100746 0.295191 0.116915 0.290216 0.123134 0.290216 0.144279 0.283582 0.162935 0.283582 0.17537299999999997 0.271973 0.202736 0.268657 0.22761200000000004 0.260365 0.246269 0.25539 0.272388 0.250415 0.279851 0.24543900000000002 0.302239 0.222222 0.3569649999999999 0.22056399999999998 0.366915 0.180763 0.436567 0.180763 0.44154200000000005 0.175788 0.450249 0.175788 0.468905 0.162521 0.4801 0.155887 0.4801 0.144279 0.49005 0.097844 0.574627 0.086235 0.585821 0.072968 0.606965 0.031509 0.645522 0.013267 0.670398 0.001658 0.681592 0.001658 0.685323 0.006633 0.689055 0.011609 0.689055 0.026534 0.697761 0.066335 0.7014929999999999 0.079602 0.7139299999999998 0.114428 0.731343 0.144279 0.733831 0.15257 0.728856 0.167496 0.725124 0.172471 0.726368 0.18408 0.735075 0.18408 0.7450250000000002 0.189055 0.75 0.197347 0.752488 0.21890499999999996 0.752488 0.23383099999999998 0.7574630000000001 0.24875599999999998 0.7574630000000001 0.266998 0.751244 0.270315 0.753731 0.28524 0.75 0.288557 0.7450250000000002 0.288557 0.736318 0.298507 0.7139299999999998 0.300166 0.68408 0.308458 0.6604480000000001 0.308458 0.639303 0.311774 0.633085 0.315091 0.599502 0.328358 0.562189 0.328358 0.552239 0.333333 0.539801 0.334992 0.522388 0.341625 0.501244 0.341625 0.48258700000000004 0.351575 0.457711 0.351575 0.446517 0.356551 0.436567 0.356551 0.42039800000000005 0.364842 0.39179099999999994 0.364842 0.3768659999999999 0.369818 0.364428 0.369818 0.314677 0.359867 0.302239 0.358209 0.274876 0.353234 0.256219 0.351575 0.19900499999999996 0.348259 0.192786 0.344942 0.164179 0.344942 0.118159 0.341625 0.11194 0.341625 0.10199 0.344942 0.095771 0.344942 0.072139 0.343284 0.069652 0.338308 0.072139
5 0.807629 0.090796 0.800995 0.094527 0.791045 0.106965 0.784411 0.131841 0.772803 0.155473 0.771144 0.169154 0.762852 0.187811 0.756219 0.237562 0.756219 0.278607 0.759536 0.282338 0.766169 0.283582 0.769486 0.298507 0.776119 0.308458 0.779436 0.319652 0.794362 0.34204 0.797678 0.355721 0.809287 0.365672 0.819237 0.380597 0.822554 0.381841 0.825871 0.394279 0.835821 0.40547300000000003 0.837479 0.410448 0.822554 0.427861 0.812604 0.449005 0.807629 0.451493 0.792703 0.473881 0.774461 0.491294 0.751244 0.523632 0.746269 0.534826 0.726368 0.557214 0.718076 0.572139 0.684909 0.61194 0.668325 0.625622 0.658375 0.640547 0.650083 0.64801 0.640133 0.670398 0.646766 0.682836 0.651741 0.686567 0.679934 0.695274 0.706468 0.708955 0.723051 0.7139299999999998 0.741294 0.726368 0.751244 0.7301 0.764511 0.731343 0.789386 0.7425369999999999 0.802653 0.7437809999999999 0.812604 0.747512 0.829187 0.75995 0.834163 0.767413 0.834163 0.773632 0.8606970000000002 0.778607 0.873964 0.7835819999999999 0.8988389999999999 0.7848259999999999 0.912106 0.789801 0.922056 0.7873130000000002 0.9270319999999999 0.782338 0.9270319999999999 0.761194 0.923715 0.752488 0.922056 0.726368 0.913765 0.695274 0.9104479999999999 0.690299 0.9104479999999999 0.666667 0.925373 0.633085 0.932007 0.609453 0.970149 0.531095 0.985075 0.485075 0.99005 0.458955 0.9966830000000001 0.44403 0.998342 0.380597 0.995025 0.374378 0.9933670000000001 0.35820900000000006 0.981758 0.34204 0.981758 0.33706500000000006 0.973466 0.320896 0.9552239999999999 0.293532 0.930348 0.262438 0.912106 0.233831 0.9038140000000001 0.226368 0.893864 0.205224 0.882255 0.191542 0.873964 0.17537299999999997 0.86733 0.170398 0.8557209999999998 0.152985 0.84743 0.134328 0.819237 0.099502
4 0.694859 0.45398 0.691542 0.452736 0.689884 0.457711 0.625207 0.457711 0.610282 0.46144300000000005 0.585406 0.46393 0.568823 0.470149 0.416252 0.472637 0.399668 0.47636800000000007 0.393035 0.470149 0.384743 0.477612 0.381426 0.477612 0.379768 0.483831 0.366501 0.501244 0.361526 0.514925 0.354892 0.523632 0.351575 0.544776 0.343284 0.559701 0.343284 0.56592 0.3267 0.597015 0.325041 0.610697 0.318408 0.625622 0.315091 0.644279 0.310116 0.652985 0.303483 0.68408 0.298507 0.690299 0.296849 0.7002489999999999 0.288557 0.7126869999999998 0.281924 0.733831 0.270315 0.751244 0.270315 0.763682 0.266998 0.767413 0.262023 0.7835819999999999 0.243781 0.808458 0.205638 0.84204 0.199005 0.855721 0.189055 0.8681589999999999 0.185738 0.883085 0.167496 0.9092039999999999 0.165837 0.919154 0.154229 0.930348 0.154229 0.937811 0.187396 0.957711 0.21393000000000004 0.9664180000000001 0.230514 0.970149 0.257048 0.971393 0.296849 0.9912939999999999 0.331675 0.9912939999999999 0.343284 0.986318 0.349917 0.976368 0.361526 0.975124 0.40796 0.9925369999999999 0.422886 0.996269 0.461028 0.997512 0.490879 0.983831 0.504146 0.981343 0.537313 0.982587 0.573798 0.9925369999999999 0.61194 0.9925369999999999 0.643449 0.982587 0.660033 0.970149 0.671642 0.971393 0.696517 0.982587 0.708126 0.982587 0.711443 0.972637 0.716418 0.968905 0.756219 0.976368 0.830846 0.976368 0.8557209999999998 0.971393 0.8905469999999999 0.957711 0.930348 0.925373 0.9834159999999998 0.89801 0.9834159999999998 0.894279 0.9684910000000001 0.871891 0.946932 0.848259 0.8988389999999999 0.808458 0.8988389999999999 0.804726 0.8905469999999999 0.794776 0.8872309999999999 0.7860700000000002 0.87728 0.774876 0.85738 0.718905 0.8507459999999999 0.708955 0.849088 0.697761 0.842454 0.689055 0.840796 0.679104 0.827529 0.6604480000000001 0.825871 0.652985 0.80597 0.626866 0.804312 0.618159 0.792703 0.598259 0.787728 0.583333 0.757877 0.539801 0.731343 0.493781 0.72471 0.487562 0.719735 0.477612 0.703151 0.46393
7 0.699834 0.451493 0.694859 0.449005 0.613599 0.450249 0.608624 0.452736 0.588723 0.45398 0.578773 0.457711 0.553897 0.460199 0.522388 0.460199 0.517413 0.462687 0.502488 0.462687 0.4941960000000001 0.460199 0.474295 0.458955 0.396352 0.458955 0.391376 0.46144300000000005 0.389718 0.468905 0.399668 0.477612 0.573798 0.477612 0.588723 0.473881 0.61194 0.471393 0.635158 0.471393 0.638474 0.468905 0.684909 0.468905 0.694859 0.466418 0.699834 0.46144300000000005
6 0.812604 0.083333 0.802653 0.084577 0.789386 0.094527 0.78607 0.10323400000000002 0.777778 0.113184 0.771144 0.139303 0.762852 0.156716 0.761194 0.171642 0.756219 0.179104 0.752902 0.201493 0.747927 0.211443 0.746269 0.233831 0.742952 0.238806 0.747927 0.279851 0.752902 0.287313 0.767828 0.28607 0.767828 0.2699 0.762852 0.243781 0.766169 0.233831 0.766169 0.220149 0.772803 0.205224 0.774461 0.18656700000000004 0.781095 0.17537299999999997 0.781095 0.164179 0.791045 0.144279 0.797678 0.118159 0.80597 0.10572100000000001 0.817579 0.095771 0.817579 0.085821
6 0.3466 0.063433 0.339967 0.06592 0.33665 0.069652 0.33665 0.114428 0.343284 0.151741 0.3466 0.232587 0.349917 0.237562 0.351575 0.251244 0.351575 0.287313 0.354892 0.291045 0.368159 0.291045 0.373134 0.284826 0.373134 0.274876 0.369818 0.271144 0.366501 0.191542 0.363184 0.187811 0.361526 0.17786099999999996 0.361526 0.13806 0.356551 0.12437800000000002 0.354892 0.10323400000000002 0.356551 0.079602 0.359867 0.075871 0.359867 0.068408 0.356551 0.064677
2 0.636816 0.018657 0.623549 0.021144 0.610282 0.029851 0.575456 0.043531999999999994 0.563847 0.04602 0.557214 0.05223900000000001 0.548922 0.05472599999999999 0.547264 0.06218900000000001 0.552239 0.070896 0.547264 0.118159 0.538972 0.136816 0.538972 0.145522 0.53068 0.155473 0.525705 0.180348 0.522388 0.18408 0.52073 0.146766 0.517413 0.136816 0.517413 0.094527 0.52073 0.083333 0.52073 0.069652 0.524046 0.067164 0.524046 0.05223900000000001 0.510779 0.044776 0.482587 0.023632 0.47595400000000004 0.014925 0.46600300000000006 0.013682 0.45937 0.018657 0.45937 0.026119 0.46600300000000006 0.033582 0.504146 0.060945 0.499171 0.084577 0.499171 0.144279 0.502488 0.154229 0.502488 0.191542 0.505804 0.195274 0.507463 0.220149 0.510779 0.223881 0.525705 0.223881 0.535655 0.211443 0.535655 0.200249 0.543947 0.187811 0.55058 0.160448 0.557214 0.154229 0.557214 0.144279 0.562189 0.136816 0.562189 0.130597 0.565506 0.126866 0.565506 0.114428 0.568823 0.110697 0.570481 0.06218900000000001 0.618574 0.043531999999999994 0.626866 0.04228900000000001 0.630182 0.037313 0.638474 0.034826 0.641791 0.032338 0.641791 0.021144
2 0.431177 0.047264 0.429519 0.058458 0.43615300000000007 0.068408 0.442786 0.069652 0.462687 0.080846 0.474295 0.083333 0.489221 0.094527 0.510779 0.093284 0.510779 0.083333 0.505804 0.079602 0.49585399999999996 0.077114 0.489221 0.070896 0.461028 0.060945 0.44941999999999993 0.053483 0.446103 0.04602 0.43615300000000007 0.044776
2 0.6733 0.050995 0.66335 0.044776 0.6534 0.04602 0.650083 0.049751 0.651741 0.05597 0.643449 0.06218900000000001 0.606965 0.074627 0.58209 0.079602 0.573798 0.083333 0.560531 0.084577 0.557214 0.08830799999999998 0.558872 0.095771 0.583748 0.097015 0.597015 0.09204 0.613599 0.089552 0.625207 0.084577 0.633499 0.084577 0.666667 0.068408 0.6733 0.06218900000000001
2 0.699834 0.422886 0.694859 0.42039800000000005 0.658375 0.42039800000000005 0.643449 0.421642 0.636816 0.424129 0.608624 0.424129 0.583748 0.429104 0.409619 0.429104 0.38806 0.431592 0.384743 0.43532300000000007 0.384743 0.44029900000000005 0.38806 0.44403 0.598673 0.442786 0.61194 0.439055 0.66335 0.436567 0.668325 0.4340800000000001 0.694859 0.436567 0.699834 0.4340800000000001
7 0.885572 0.774876 0.8805970000000001 0.772388 0.86733 0.772388 0.859038 0.777363 0.849088 0.778607 0.837479 0.7848259999999999 0.817579 0.789801 0.799337 0.7972639999999999 0.792703 0.7972639999999999 0.776119 0.803483 0.741294 0.809701 0.645108 0.813433 0.605307 0.809701 0.562189 0.810945 0.545605 0.817164 0.538972 0.817164 0.517413 0.8271139999999999 0.49585399999999996 0.829602 0.446103 0.824627 0.429519 0.817164 0.404643 0.814677 0.364842 0.814677 0.354892 0.817164 0.339967 0.817164 0.3267 0.813433 0.28524 0.809701 0.257048 0.7997510000000001 0.24543900000000002 0.800995 0.242123 0.804726 0.242123 0.809701 0.24543900000000002 0.813433 0.278607 0.824627 0.295191 0.824627 0.328358 0.830846 0.364842 0.830846 0.393035 0.8283580000000001 0.419569 0.830846 0.43449400000000005 0.838308 0.454395 0.8395519999999999 0.46600300000000006 0.843284 0.512438 0.843284 0.517413 0.8407960000000001 0.527363 0.8407960000000001 0.548922 0.830846 0.557214 0.830846 0.573798 0.824627 0.59204 0.823383 0.633499 0.8258709999999999 0.638474 0.8283580000000001 0.6733 0.8283580000000001 0.678275 0.8258709999999999 0.747927 0.824627 0.759536 0.820896 0.776119 0.819652 0.802653 0.810945 0.810945 0.810945 0.839138 0.7997510000000001 0.845771 0.7997510000000001 0.85738 0.793532 0.883914 0.7873130000000002
1 0.995025 0.891791 0.988391 0.88806 0.981758 0.88806 0.970149 0.895522 0.941957 0.906716 0.9104479999999999 0.926617 0.885572 0.946517 0.86733 0.956468 0.84743 0.9639299999999998 0.834163 0.9639299999999998 0.809287 0.968905 0.79602 0.968905 0.774461 0.9639299999999998 0.749585 0.9639299999999998 0.742952 0.961443 0.71476 0.958955 0.709784 0.961443 0.699834 0.973881 0.689884 0.971393 0.68325 0.9664180000000001 0.674959 0.9639299999999998 0.651741 0.9639299999999998 0.636816 0.973881 0.613599 0.985075 0.597015 0.988806 0.562189 0.983831 0.515755 0.971393 0.49585399999999996 0.971393 0.461028 0.983831 0.432836 0.988806 0.41791 0.988806 0.399668 0.983831 0.381426 0.973881 0.363184 0.967662 0.353234 0.967662 0.338308 0.971393 0.333333 0.976368 0.333333 0.9801 0.328358 0.983831 0.311774 0.983831 0.290216 0.968905 0.266998 0.9639299999999998 0.235489 0.9639299999999998 0.210614 0.9539800000000002 0.197347 0.945274 0.175788 0.939055 0.160862 0.927861 0.147595 0.929104 0.144279 0.932836 0.144279 0.937811 0.160862 0.9514929999999999 0.182421 0.957711 0.185738 0.961443 0.192371 0.9626869999999998 0.205638 0.971393 0.210614 0.971393 0.22388100000000002 0.977612 0.257048 0.977612 0.262023 0.9801 0.27529 0.981343 0.293532 0.9950250000000002 0.305141 0.998756 0.33665 0.998756 0.348259 0.9925369999999999 0.354892 0.982587 0.368159 0.986318 0.376451 0.9925369999999999 0.393035 0.998756 0.46931999999999996 0.998756 0.502488 0.986318 0.510779 0.986318 0.52073 0.99005 0.532338 0.9912939999999999 0.555556 0.998756 0.625207 0.998756 0.6534 0.985075 0.66335 0.977612 0.689884 0.988806 0.708126 0.988806 0.71476 0.986318 0.726368 0.975124 0.737977 0.977612 0.764511 0.977612 0.769486 0.9801 0.78607 0.982587 0.819237 0.982587 0.839138 0.9801 0.844113 0.977612 0.8623549999999999 0.976368 0.8888890000000002 0.9651740000000001 0.946932 0.9241290000000001 0.9933670000000001 0.904229
6 0.084577 0.58209 0.084577 0.587065 0.089552 0.59204 0.169154 0.625622 0.192371 0.633085 0.207297 0.634328 0.21890499999999996 0.63806 0.276949 0.63806 0.290216 0.636816 0.31675 0.629353 0.31675 0.619403 0.311774 0.616915 0.296849 0.616915 0.283582 0.621891 0.271973 0.621891 0.263682 0.624378 0.23383099999999998 0.624378 0.210614 0.620647 0.170813 0.608209 0.150912 0.598259 0.135987 0.594527 0.106136 0.579602 0.091211 0.577114
6 0.718076 0.577114 0.716418 0.584577 0.72471 0.590796 0.766169 0.603234 0.779436 0.610697 0.802653 0.615672 0.844113 0.634328 0.8756220000000001 0.654229 0.8805970000000001 0.6604480000000001 0.8888890000000002 0.665423 0.8905469999999999 0.670398 0.897181 0.676617 0.913765 0.677861 0.9170810000000001 0.675373 0.9170810000000001 0.665423 0.907131 0.65796 0.905473 0.654229 0.8606970000000002 0.623134 0.835821 0.613184 0.820896 0.604478 0.791045 0.597015 0.782753 0.59204 0.731343 0.574627 0.723051 0.574627