0 0.691649 0.005302 0.633833 0.007423 0.625268 0.006363 0.616702 0.009544 0.554604 0.075292 0.537473 0.083775 0.539615 0.085896 0.535332 0.09013800000000001 0.513919 0.102863 0.509636 0.102863 0.488223 0.092259 0.4646680000000001 0.068929 0.421842 0.032874 0.417559 0.026511 0.396146 0.011665 0.391863 0.013786 0.374732 0.012725 0.342612 0.015907 0.336188 0.018028 0.325482 0.018028 0.319058 0.015907 0.329764 0.029692 0.33833 0.053022 0.340471 0.050901 0.342612 0.051962 0.340471 0.057264 0.346895 0.073171 0.35546 0.082715 0.374732 0.125133 0.379015 0.129374 0.381156 0.127253 0.383298 0.128314 0.383298 0.13891799999999999 0.391863 0.15482499999999996 0.389722 0.159067 0.394004 0.161188 0.394004 0.16755 0.400428 0.178155 0.398287 0.183457 0.404711 0.188759 0.404711 0.218452 0.423983 0.222694 0.453961 0.224814 0.479657 0.230117 0.513919 0.230117 0.531049 0.233298 0.552463 0.233298 0.569593 0.230117 0.620985 0.230117 0.620985 0.220573 0.635974 0.18027600000000002 0.640257 0.179215 0.642398 0.172853 0.650964 0.16649 0.659529 0.152704 0.674518 0.141039 0.670236 0.127253 0.670236 0.069989 0.67666 0.056204 0.678801 0.034995 0.685225 0.025451
5 0.314775 0.014846 0.312634 0.015907 0.293362 0.013786 0.293362 0.015907 0.276231 0.026511 0.261242 0.045599 0.250535 0.05408299999999999 0.201285 0.129374 0.190578 0.137858 0.184154 0.151644 0.156317 0.186638 0.12848 0.233298 0.098501 0.268293 0.09636 0.269353 0.094218 0.267232 0.089936 0.271474 0.092077 0.279958 0.085653 0.289502 0.085653 0.31071 0.104925 0.331919 0.126338 0.346766 0.141328 0.353128 0.141328 0.396607 0.14346900000000004 0.402969 0.156317 0.406151 0.220557 0.40403 0.229122 0.377519 0.231263 0.348887 0.235546 0.346766 0.235546 0.343584 0.252677 0.33298 0.261242 0.321315 0.267666 0.291622 0.271949 0.288441 0.269807 0.273595 0.276231 0.267232 0.2869380000000001 0.233298 0.293362 0.221633 0.297645 0.221633 0.297645 0.21315 0.301927 0.21315 0.301927 0.200424 0.321199 0.159067 0.321199 0.15376500000000004 0.331906 0.133616 0.344754 0.124072 0.344754 0.11983 0.35546 0.109226 0.35546 0.106045 0.364026 0.104984 0.35546 0.092259 0.35331900000000005 0.082715 0.344754 0.073171 0.33833 0.057264 0.340471 0.051962 0.33833 0.05408299999999999 0.336188 0.053022 0.327623 0.029692 0.321199 0.020148 0.314775 0.020148
5 0.700214 0.003181 0.69379 0.004242 0.695931 0.005302 0.691649 0.008484 0.691649 0.014846 0.680942 0.034995 0.678801 0.056204 0.672377 0.069989 0.672377 0.127253 0.67666 0.141039 0.674518 0.144221 0.678801 0.146341 0.678801 0.151644 0.685225 0.156946 0.689507 0.168611 0.710921 0.200424 0.713062 0.21739100000000003 0.721627 0.224814 0.719486 0.246023 0.708779 0.283139 0.708779 0.31071 0.713062 0.312831 0.719486 0.324496 0.72591 0.329799 0.723769 0.33404 0.734475 0.342524 0.734475 0.361612 0.730193 0.372216 0.728051 0.396607 0.751606 0.397667 0.762313 0.399788 0.802998 0.39872699999999994 0.813704 0.384942 0.813704 0.378579 0.820128 0.370095 0.824411 0.355249 0.835118 0.346766 0.85439 0.339343 0.852248 0.337222 0.860814 0.33298 0.87152 0.321315 0.87152 0.30859 0.877944 0.296925 0.8800859999999999 0.259809 0.873662 0.253446 0.87152 0.239661 0.860814 0.223754 0.860814 0.21739100000000003 0.852248 0.21208900000000003 0.850107 0.204666 0.843683 0.198303 0.843683 0.188759 0.820128 0.146341 0.817987 0.130435 0.811563 0.115589 0.785867 0.09544 0.781585 0.082715 0.766595 0.061506 0.760171 0.043478 0.747323 0.025451 0.747323 0.015907 0.728051 0.003181
4 0.220557 0.396607 0.216274 0.40403 0.220557 0.402969 0.263383 0.313892 0.263383 0.316013 0.261242 0.317073 0.261242 0.320255 0.259101 0.321315 0.259101 0.324496 0.256959 0.325557 0.256959 0.327678 0.256959 0.325557 0.259101 0.324496 0.259101 0.322375 0.261242 0.321315 0.261242 0.319194 0.263383 0.318134 0.40257 0.216331 0.366167 0.239661 0.34903600000000007 0.257688 0.33833 0.265111 0.304069 0.303287 0.289079 0.327678 0.271949 0.344645 0.265525 0.364793 0.256959 0.374337 0.254818 0.389183 0.24197 0.407211 0.231263 0.431601 0.207709 0.505832 0.188437 0.534464 0.184154 0.5546129999999999 0.171306 0.576882 0.171306 0.586426 0.152034 0.625663 0.152034 0.634146 0.130621 0.68929 0.124197 0.7179219999999998 0.115632 0.730647 0.111349 0.753977 0.104925 0.764581 0.104925 0.779427 0.094218 0.787911 0.09636 0.808059 0.089936 0.8176030000000001 0.089936 0.822906 0.085653 0.826087 0.083512 0.835631 0.077088 0.840933 0.074946 0.858961 0.059957 0.88017 0.059957 0.886532 0.004283 0.9575820000000002 0.017131 0.966066 0.034261 0.970308 0.047109 0.97667 0.068522 0.981972 0.092077 0.980912 0.104925 0.985154 0.134904 0.986214 0.152034 0.97667 0.17773 0.9745489999999999 0.186296 0.97667 0.194861 0.983033 0.203426 0.983033 0.216274 0.986214 0.250535 0.984093 0.271949 0.97561 0.293362 0.9745489999999999 0.312634 0.984093 0.325482 0.983033 0.33833 0.986214 0.35546 0.984093 0.37045 0.985154 0.383298 0.988335 0.40257 0.996819 0.421842 0.996819 0.43469 0.99894 0.45182 0.992577 0.479657 0.992577 0.492505 0.995758 0.539615 0.9946980000000001 0.550321 0.996819 0.563169 0.993637 0.569593 0.995758 0.605996 0.978791 0.653105 0.978791 0.670236 0.986214 0.72591 0.986214 0.743041 0.983033 0.768737 0.983033 0.779443 0.97561 0.817987 0.961824 0.845824 0.962884 0.856531 0.967126 0.901499 0.966066 0.912206 0.961824 0.91863 0.961824 0.93576 0.954401 0.965739 0.949099 0.978587 0.942736 0.995717 0.937434 0.995717 0.933192 0.96788 0.887593 0.942184 0.8579 0.901499 0.794274 0.869379 0.7221630000000001 0.860814 0.709438 0.824411 0.632025 0.813704 0.616119 0.811563 0.59597 0.796574 0.583245 0.794433 0.574761 0.788009 0.57052 0.781585 0.557794 0.781585 0.552492 0.777302 0.550371 0.775161 0.535525 0.766595 0.52492 0.762313 0.511135 0.7644540000000001 0.49734900000000004 0.749465 0.466596 0.740899 0.460233 0.736617 0.448568 0.736617 0.433722 0.728051 0.414634 0.728051 0.407211 0.715203 0.396607 0.7066380000000001 0.37645800000000007 0.7066380000000001 0.363733 0.695931 0.347826 0.69379 0.336161 0.683084 0.323436 0.680942 0.3096499999999999 0.672377 0.304348 0.663812 0.279958 0.6488219999999999 0.268293 0.642398 0.248144 0.623126 0.227996 0.620985 0.231177 0.569593 0.231177 0.552463 0.234358 0.531049 0.234358 0.513919 0.231177 0.479657 0.231177 0.453961 0.225875 0.423983 0.223754 0.404711 0.219512
7 0.394004 0.21739100000000003 0.396146 0.224814 0.411135 0.231177 0.421842 0.233298 0.477516 0.235419 0.503212 0.239661 0.528908 0.239661 0.535332 0.241782 0.618844 0.241782 0.6316920000000001 0.235419 0.6316920000000001 0.230117 0.623126 0.224814 0.5995719999999999 0.223754 0.593148 0.221633 0.54818 0.223754 0.541756 0.221633 0.513919 0.221633 0.490364 0.21739100000000003 0.432548 0.21527 0.421842 0.211029 0.406852 0.211029
6 0.695931 0.00106 0.680942 0.002121 0.670236 0.009544 0.668094 0.02439 0.655246 0.04878 0.650964 0.117709 0.638116 0.124072 0.638116 0.130435 0.6488219999999999 0.139979 0.659529 0.146341 0.668094 0.148462 0.683084 0.147402 0.691649 0.1421 0.691649 0.132556 0.687366 0.129374 0.691649 0.05408299999999999 0.700214 0.040297 0.708779 0.013786 0.708779 0.007423
6 0.316916 0.013786 0.30621 0.018028 0.304069 0.026511 0.312634 0.036055 0.312634 0.04241799999999999 0.329764 0.063627 0.331906 0.073171 0.342612 0.08483599999999998 0.346895 0.100742 0.351178 0.103924 0.351178 0.112407 0.364026 0.11983 0.379015 0.120891 0.389722 0.116649 0.396146 0.110286 0.396146 0.104984 0.383298 0.09544 0.383298 0.085896 0.368308 0.067869 0.366167 0.058324 0.34903600000000007 0.037116 0.344754 0.02439 0.331906 0.014846
2 0.6316920000000001 0.004242 0.616702 0.003181 0.59743 0.011665 0.5803 0.025451 0.578158 0.030753 0.569593 0.036055 0.569593 0.040297 0.554604 0.04878 0.552463 0.05408299999999999 0.535332 0.069989 0.535332 0.073171 0.507495 0.09013800000000001 0.498929 0.089077 0.477516 0.074231 0.46895100000000006 0.065748 0.4646680000000001 0.05408299999999999 0.45182 0.04666 0.45182 0.043478 0.43469 0.027572 0.432548 0.018028 0.413276 0.009544 0.40257 0.009544 0.391863 0.013786 0.389722 0.02333 0.398287 0.028632 0.40257 0.038176 0.415418 0.04878 0.415418 0.05408299999999999 0.428266 0.062566 0.432548 0.07105 0.45182 0.09013800000000001 0.466809 0.097561 0.46895100000000006 0.102863 0.488223 0.11346800000000001 0.524625 0.11346800000000001 0.535332 0.108165 0.541756 0.09862099999999999 0.569593 0.082715 0.578158 0.068929 0.5910059999999999 0.056204 0.603854 0.050901 0.605996 0.043478 0.620985 0.033934 0.623126 0.028632 0.640257 0.016967 0.640257 0.009544
6 0.124197 0.34040299999999996 0.126338 0.347826 0.137045 0.352068 0.162741 0.352068 0.175589 0.355249 0.199143 0.35631 0.20556700000000003 0.358431 0.216274 0.358431 0.229122 0.355249 0.237687 0.349947 0.237687 0.342524 0.224839 0.336161 0.197002 0.338282 0.173448 0.33404 0.137045 0.33404
6 0.732334 0.338282 0.734475 0.34570500000000004 0.751606 0.352068 0.798715 0.352068 0.8051390000000002 0.354189 0.824411 0.354189 0.837259 0.347826 0.837259 0.34040299999999996 0.824411 0.33404 0.762313 0.33404 0.7558890000000001 0.331919 0.745182 0.331919
1 0.997859 0.92895 0.980728 0.92789 0.933619 0.944857 0.925054 0.944857 0.8886509999999999 0.95122 0.811563 0.95122 0.762313 0.970308 0.753747 0.970308 0.72591 0.97667 0.695931 0.97667 0.674518 0.966066 0.627409 0.966066 0.5995719999999999 0.972428 0.588865 0.978791 0.578158 0.980912 0.569593 0.985154 0.531049 0.985154 0.524625 0.983033 0.477516 0.983033 0.46895100000000006 0.985154 0.441113 0.986214 0.432548 0.985154 0.421842 0.979852 0.411135 0.978791 0.38758 0.970308 0.366167 0.970308 0.346895 0.9745489999999999 0.33833 0.9745489999999999 0.293362 0.963945 0.27409 0.963945 0.256959 0.970308 0.235546 0.971368 0.20985 0.970308 0.182013 0.961824 0.154176 0.961824 0.14346900000000004 0.966066 0.141328 0.970308 0.132762 0.9745489999999999 0.122056 0.97667 0.098501 0.97667 0.087794 0.973489 0.053533 0.968187 0.044968 0.962884 0.017131 0.955461 0 0.956522 0 0.972428 0.029979 0.983033 0.085653 0.9946980000000001 0.132762 0.9946980000000001 0.152034 0.991516 0.164882 0.987275 0.173448 0.981972 0.17773 0.981972 0.197002 0.988335 0.222698 0.988335 0.229122 0.990456 0.267666 0.988335 0.2869380000000001 0.983033 0.325482 0.992577 0.35760200000000003 0.992577 0.376874 0.989396 0.404711 0.99894 0.5995719999999999 0.99894 0.610278 0.995758 0.6316920000000001 0.985154 0.655246 0.984093 0.672377 0.991516 0.69379 0.996819 0.715203 0.996819 0.723769 0.9946980000000001 0.751606 0.992577 0.7644540000000001 0.988335 0.773019 0.988335 0.785867 0.985154 0.815846 0.9745489999999999 0.824411 0.969247 0.901499 0.969247 0.907923 0.967126 0.91863 0.967126 0.944325 0.962884 0.997859 0.945917