0 0.424299 0.002861 0.392523 0.020029 0.347664 0.052932999999999994 0.328972 0.06008600000000001 0.314019 0.06008600000000001 0.302804 0.062947 0.285981 0.0701 0.26729 0.0701 0.24672899999999998 0.075823 0.24299100000000004 0.09585099999999999 0.248598 0.11301900000000001 0.250467 0.1402 0.254206 0.147353 0.257944 0.206009 0.261682 0.2103 0.26729 0.23176 0.26729 0.244635 0.274766 0.263233 0.276636 0.287554 0.280374 0.294707 0.284112 0.32475 0.28785 0.329041 0.28972 0.350501 0.293458 0.357654 0.295327 0.384835 0.300935 0.39914199999999994 0.300935 0.497854 0.297196 0.503577 0.28972 0.536481 0.272897 0.563662 0.263551 0.589413 0.257944 0.596567 0.24672899999999998 0.635193 0.229907 0.678112 0.22243 0.688126 0.22243 0.699571 0.205607 0.74392 0.196262 0.782546 0.192523 0.786838 0.188785 0.8211730000000002 0.183178 0.8326179999999999 0.183178 0.8454940000000001 0.160748 0.8755359999999999 0.160748 0.914163 0.173832 0.924177 0.173832 0.9413449999999999 0.196262 0.95279 0.24112099999999997 0.9642350000000001 0.248598 0.968526 0.26729 0.9699569999999998 0.276636 0.974249 0.293458 0.97568 0.299065 0.9785409999999999 0.325234 0.979971 0.334579 0.9842629999999999 0.342056 0.982833 0.349533 0.985694 0.362617 0.985694 0.371963 0.989986 0.392523 0.989986 0.398131 0.9928469999999999 0.411215 0.991416 0.433645 0.995708 0.457944 0.995708 0.469159 0.998569 0.504673 0.998569 0.51028 0.995708 0.51028 0.989986 0.514019 0.987124 0.517757 0.9885550000000001 0.519626 0.995708 0.542056 0.995708 0.551402 0.991416 0.596262 0.991416 0.616822 0.985694 0.641121 0.985694 0.654206 0.979971 0.684112 0.979971 0.68972 0.97711 0.702804 0.9785409999999999 0.708411 0.97568 0.728972 0.974249 0.743925 0.9699569999999998 0.770093 0.968526 0.77757 0.9642350000000001 0.785047 0.9642350000000001 0.807477 0.958512 0.811215 0.955651 0.809346 0.919886 0.813084 0.917024 0.833645 0.915594 0.833645 0.889843 0.824299 0.879828 0.824299 0.866953 0.828037 0.864092 0.833645 0.864092 0.833645 0.855508 0.818692 0.846924 0.807477 0.829757 0.803738 0.782546 0.805607 0.733906 0.803738 0.722461 0.798131 0.712446 0.794393 0.683834 0.788785 0.665236 0.770093 0.62804 0.762617 0.565093 0.762617 0.530758 0.75514 0.51073 0.753271 0.48927 0.747664 0.4821170000000001 0.743925 0.466381 0.71215 0.429185 0.71028 0.400572 0.717757 0.374821 0.719626 0.353362 0.727103 0.339056 0.728972 0.32618 0.743925 0.293276 0.745794 0.280401 0.751402 0.273247 0.762617 0.237482 0.773832 0.130186 0.771963 0.088698 0.775701 0.081545 0.770093 0.078684 0.747664 0.075823 0.706542 0.06008600000000001 0.700935 0.06008600000000001 0.693458 0.055793999999999996 0.671028 0.05007199999999999 0.635514 0.030043000000000004 0.601869 0.002861
5 0.764486 0.078684 0.775701 0.087268 0.771963 0.175966 0.760748 0.251788 0.757009 0.25608 0.753271 0.273247 0.747664 0.280401 0.745794 0.293276 0.728972 0.331903 0.728972 0.340486 0.738318 0.363376 0.734579 0.3733909999999999 0.734579 0.43490700000000004 0.738318 0.44205999999999995 0.738318 0.457797 0.745794 0.466381 0.749533 0.4821170000000001 0.75514 0.48927 0.757009 0.51073 0.760748 0.517883 0.771963 0.62804 0.790654 0.665236 0.796262 0.683834 0.8 0.712446 0.805607 0.722461 0.809346 0.8454940000000001 0.811215 0.849785 0.829907 0.854077 0.84486 0.864092 0.856075 0.864092 0.876636 0.8569379999999999 0.882243 0.8569379999999999 0.885981 0.854077 0.897196 0.852647 0.917757 0.844063 0.923364 0.844063 0.957009 0.831187 0.958879 0.828326 0.97757 0.8226039999999999 0.9962620000000001 0.8082979999999998 0.998131 0.796853 0.9962620000000001 0.79113 0.981308 0.781116 0.938318 0.76681 0.919626 0.763948 0.908411 0.753934 0.904673 0.74392 0.904673 0.728183 0.919626 0.711016 0.93271 0.670959 0.93271 0.60515 0.923364 0.555079 0.891589 0.44635199999999997 0.891589 0.429185 0.869159 0.346209 0.859813 0.280401 0.850467 0.250358 0.835514 0.148784 0.829907 0.13877 0.82243 0.11015700000000002 0.809346 0.090129 0.792523 0.081545
5 0.24486 0.077253 0.213084 0.080114 0.194393 0.091559 0.183178 0.10443500000000001 0.170093 0.141631 0.160748 0.198856 0.151402 0.22603700000000002 0.143925 0.294707 0.136449 0.319027 0.136449 0.341917 0.119626 0.41058700000000004 0.119626 0.432046 0.11028 0.466381 0.108411 0.497854 0.097196 0.53505 0.095327 0.570815 0.08785 0.592275 0.085981 0.638054 0.082243 0.646638 0.082243 0.711016 0.093458 0.7410589999999999 0.093458 0.752504 0.080374 0.7782550000000001 0.014953 0.8125890000000001 0.001869 0.8268960000000001 0.007476999999999999 0.83834 0.031776 0.855508 0.056075 0.864092 0.071028 0.864092 0.08972 0.876967 0.119626 0.8884120000000001 0.142056 0.8884120000000001 0.158879 0.8927039999999999 0.166355 0.9027180000000001 0.160748 0.8741059999999999 0.181308 0.8454940000000001 0.181308 0.8326179999999999 0.186916 0.8211730000000002 0.190654 0.786838 0.194393 0.782546 0.203738 0.74392 0.220561 0.699571 0.220561 0.688126 0.228037 0.678112 0.254206 0.606581 0.256075 0.572246 0.265421 0.545064 0.265421 0.532189 0.261682 0.525036 0.261682 0.466381 0.265421 0.45922699999999994 0.269159 0.400572 0.272897 0.39628 0.274766 0.37196 0.285981 0.337625 0.272897 0.277539 0.272897 0.263233 0.265421 0.244635 0.265421 0.23176 0.259813 0.2103 0.256075 0.206009 0.252336 0.147353 0.248598 0.1402 0.24672899999999998 0.11301900000000001 0.24112099999999997 0.09585099999999999
2 0.428037 0.002861 0.42243 0.007153 0.420561 0.020029 0.424299 0.094421 0.435514 0.125894 0.439252 0.150215 0.452336 0.174535 0.457944 0.178827 0.457944 0.18454900000000002 0.463551 0.188841 0.46729 0.19742499999999996 0.48411199999999993 0.217454 0.48411199999999993 0.22317599999999999 0.491589 0.23032900000000003 0.49345799999999995 0.237482 0.499065 0.241774 0.517757 0.270386 0.543925 0.290415 0.55514 0.290415 0.557009 0.280401 0.562617 0.276109 0.568224 0.266094 0.570093 0.25608 0.579439 0.246066 0.579439 0.234621 0.583178 0.23176 0.583178 0.22317599999999999 0.588785 0.217454 0.590654 0.203147 0.596262 0.193133 0.596262 0.181688 0.6 0.178827 0.605607 0.157368 0.609346 0.124464 0.613084 0.121602 0.613084 0.005722 0.607477 0.0014310000000000002 0.598131 0.0014310000000000002 0.592523 0.005722 0.596262 0.017167 0.596262 0.103004 0.588785 0.131617 0.588785 0.147353 0.583178 0.157368 0.579439 0.18598 0.571963 0.19742499999999996 0.570093 0.211731 0.566355 0.214592 0.562617 0.237482 0.553271 0.24749600000000002 0.549533 0.260372 0.542056 0.267525 0.530841 0.257511 0.527103 0.248927 0.517757 0.24034299999999997 0.508411 0.221745 0.500935 0.216023 0.500935 0.20887000000000003 0.491589 0.200286 0.482243 0.183119 0.476636 0.178827 0.474766 0.170243 0.457944 0.144492 0.457944 0.135908 0.452336 0.125894 0.452336 0.11588 0.442991 0.088698 0.442991 0.072961 0.439252 0.0701 0.439252 0.005722 0.435514 0.002861
7 0.173832 0.937053 0.173832 0.9456370000000001 0.179439 0.949928 0.201869 0.958512 0.24112099999999997 0.965665 0.256075 0.972818 0.278505 0.97568 0.295327 0.981402 0.340187 0.985694 0.357009 0.991416 0.375701 0.991416 0.386916 0.994278 0.454206 0.995708 0.459813 0.998569 0.51215 0.998569 0.515888 0.995708 0.521495 0.998569 0.560748 0.998569 0.566355 0.995708 0.585047 0.995708 0.596262 0.9928469999999999 0.657944 0.991416 0.691589 0.9842629999999999 0.714019 0.9842629999999999 0.725234 0.979971 0.745794 0.97711 0.758879 0.971388 0.771963 0.971388 0.786916 0.965665 0.813084 0.9642350000000001 0.818692 0.961373 0.818692 0.9456370000000001 0.813084 0.9413449999999999 0.805607 0.9413449999999999 0.8 0.9456370000000001 0.798131 0.9513589999999998 0.775701 0.95279 0.764486 0.957082 0.751402 0.957082 0.738318 0.962804 0.717757 0.965665 0.706542 0.9699569999999998 0.676636 0.971388 0.650467 0.97711 0.581308 0.979971 0.553271 0.9842629999999999 0.4 0.981402 0.383178 0.97711 0.366355 0.97711 0.351402 0.972818 0.325234 0.971388 0.284112 0.961373 0.269159 0.9599429999999999 0.256075 0.95422 0.209346 0.944206 0.194393 0.938484 0.186916 0.9327609999999998 0.179439 0.9327609999999998
6 0.24299100000000004 0.077253 0.237383 0.081545 0.237383 0.127325 0.24112099999999997 0.157368 0.259813 0.221745 0.26729 0.290415 0.274766 0.307582 0.272897 0.327611 0.282243 0.337625 0.28972 0.337625 0.293458 0.334764 0.293458 0.310443 0.285981 0.283262 0.285981 0.267525 0.282243 0.264664 0.282243 0.248927 0.276636 0.228898 0.276636 0.20887000000000003 0.269159 0.193133 0.269159 0.183119 0.259813 0.151645 0.259813 0.137339 0.256075 0.133047 0.254206 0.080114 0.250467 0.077253
6 0.77757 0.082976 0.770093 0.082976 0.764486 0.087268 0.760748 0.195994 0.75514 0.214592 0.75514 0.228898 0.751402 0.234621 0.751402 0.24749600000000002 0.747664 0.253219 0.745794 0.276109 0.734579 0.307582 0.728972 0.313305 0.728972 0.319027 0.719626 0.32475 0.719626 0.331903 0.728972 0.337625 0.736449 0.337625 0.743925 0.331903 0.747664 0.319027 0.753271 0.313305 0.757009 0.297568 0.762617 0.287554 0.764486 0.264664 0.770093 0.253219 0.770093 0.24034299999999997 0.773832 0.234621 0.773832 0.220315 0.77757 0.20887000000000003 0.779439 0.108727 0.783178 0.10443500000000001 0.783178 0.087268
6 0.093458 0.749642 0.093458 0.755365 0.100935 0.7610870000000001 0.117757 0.763948 0.136449 0.772532 0.145794 0.773963 0.151402 0.7782550000000001 0.158879 0.7782550000000001 0.17757 0.788269 0.185047 0.788269 0.188785 0.785408 0.188785 0.772532 0.185047 0.7696710000000001 0.175701 0.7696710000000001 0.168224 0.763948 0.158879 0.763948 0.153271 0.7596570000000001 0.121495 0.7510730000000001 0.114019 0.7467809999999999 0.099065 0.745351
6 0.080374 0.7753929999999999 0.080374 0.781116 0.08785 0.786838 0.136449 0.804006 0.162617 0.818312 0.168224 0.818312 0.175701 0.8226039999999999 0.188785 0.8226039999999999 0.192523 0.819742 0.192523 0.811159 0.185047 0.805436 0.170093 0.804006 0.143925 0.7896999999999998 0.123364 0.781116 0.108411 0.7782550000000001 0.093458 0.771102 0.085981 0.771102
6 0.904673 0.728183 0.897196 0.722461 0.88972 0.722461 0.885981 0.725322 0.835514 0.731044 0.828037 0.7367670000000001 0.813084 0.739628 0.807477 0.74392 0.807477 0.749642 0.811215 0.752504 0.835514 0.7510730000000001 0.846729 0.74392 0.899065 0.739628 0.904673 0.735336
6 0.919626 0.7567949999999999 0.91215 0.752504 0.904673 0.752504 0.891589 0.755365 0.88785 0.758226 0.872897 0.758226 0.837383 0.763948 0.82243 0.7696710000000001 0.811215 0.771102 0.805607 0.7753929999999999 0.805607 0.781116 0.809346 0.7839770000000001 0.829907 0.7839770000000001 0.84486 0.7782550000000001 0.915888 0.76824 0.919626 0.7653789999999999