0 0.437681 0.002825 0.423188 0.014124 0.423188 0.031072999999999996 0.431884 0.056497 0.431884 0.09604499999999999 0.41449300000000006 0.186441 0.443478 0.254237 0.45507200000000003 0.293785 0.45507200000000003 0.322034 0.486957 0.338983 0.588406 0.338983 0.634783 0.327684 0.631884 0.22881399999999996 0.64058 0.19208999999999998 0.649275 0.180791 0.649275 0.141243 0.631884 0.107345 0.565217 0.039548 0.55942 0.022599000000000005 0.527536 0.00565 0.542029 0.036723 0.576812 0.076271 0.585507 0.09322 0.585507 0.10452000000000002 0.571014 0.10452000000000002 0.562319 0.112994 0.550725 0.115819 0.501449 0.115819 0.492754 0.121469 0.475362 0.09604499999999999 0.457971 0.033898 0.443478 0.00565
5 0.417391 0.014124 0.365217 0.036723 0.347826 0.062147 0.333333 0.180791 0.324638 0.194915 0.324638 0.20904000000000003 0.313043 0.225989 0.313043 0.279661 0.304348 0.305085 0.284058 0.327684 0.289855 0.353107 0.269565 0.378531 0.263768 0.409605 0.24057999999999996 0.446328 0.24057999999999996 0.463277 0.23188400000000003 0.480226 0.243478 0.497175 0.272464 0.511299 0.330435 0.511299 0.347826 0.480226 0.368116 0.3983050000000001 0.371014 0.36723199999999995 0.397101 0.29661 0.4 0.262712 0.417391 0.194915 0.411594 0.18361599999999997 0.42028999999999994 0.155367 0.428986 0.09604499999999999 0.428986 0.056497
4 0.008696 0.717514 0.008696 0.740113 0 0.754237 0.0028990000000000005 0.776836 0.02029 0.793785 0.023188 0.816384 0.06087000000000001 0.8418079999999999 0.084058 0.8785310000000001 0.09275399999999999 0.8785310000000001 0.10724600000000001 0.892655 0.124638 0.898305 0.130435 0.912429 0.144928 0.926554 0.191304 0.929379 0.211594 0.9491529999999999 0.228986 0.9378530000000002 0.257971 0.9378530000000002 0.278261 0.954802 0.307246 0.954802 0.318841 0.960452 0.33913 0.960452 0.35942 0.9463280000000001 0.391304 0.9435030000000001 0.397101 0.971751 0.41449300000000006 0.988701 0.446377 0.988701 0.452174 0.9830509999999999 0.478261 0.9802259999999999 0.48985500000000004 0.971751 0.513043 0.971751 0.530435 0.99435 0.556522 0.997175 0.571014 0.988701 0.594203 0.99435 0.62029 0.99435 0.628986 0.991525 0.652174 0.966102 0.684058 0.968927 0.715942 0.960452 0.721739 0.954802 0.7594199999999999 0.957627 0.785507 0.932203 0.82029 0.9378530000000002 0.8492749999999999 0.935028 0.907246 0.884181 0.9478259999999998 0.855932 0.9478259999999998 0.833333 0.965217 0.822034 0.971014 0.8022600000000001 0.994203 0.785311 0.997101 0.774011 0.994203 0.751412 0.976812 0.7344630000000001 0.968116 0.717514 0.9304349999999999 0.680791 0.910145 0.635593 0.7884059999999999 0.471751 0.669565 0.355932 0.637681 0.330508 0.588406 0.341808 0.486957 0.341808 0.457971 0.327684 0.452174 0.322034 0.452174 0.313559 0.431884 0.333333 0.353623 0.372881 0.243478 0.457627 0.228986 0.480226 0.11304300000000002 0.601695 0.10724600000000001 0.618644 0.081159 0.641243 0.072464 0.675141 0.037681 0.69209
7 0.44927500000000004 0.319209 0.44927500000000004 0.330508 0.466667 0.341808 0.484058 0.344633 0.602899 0.344633 0.628986 0.341808 0.637681 0.336158 0.637681 0.324859 0.588406 0.333333 0.4956519999999999 0.333333 0.478261 0.330508 0.46086999999999995 0.316384
1 0.933333 0.683616 0.933333 0.669492 0.9246380000000001 0.669492 0.8724640000000001 0.694915 0.826087 0.658192 0.773913 0.655367 0.7536229999999999 0.661017 0.724638 0.677966 0.707246 0.69774 0.666667 0.728814 0.6 0.7966100000000002 0.57971 0.80791 0.573913 0.751412 0.556522 0.737288 0.515942 0.723164 0.46086999999999995 0.723164 0.426087 0.742938 0.41449300000000006 0.757062 0.35942 0.782486 0.336232 0.785311 0.313043 0.774011 0.275362 0.7655369999999999 0.23188400000000003 0.7344630000000001 0.21739099999999997 0.728814 0.214493 0.723164 0.17971 0.706215 0.153623 0.706215 0.130435 0.723164 0.11884100000000002 0.720339 0.098551 0.70339 0.078261 0.661017 0.066667 0.663842 0.072464 0.69209 0.084058 0.714689 0.095652 0.725989 0.11884100000000002 0.737288 0.142029 0.737288 0.162319 0.720339 0.171014 0.720339 0.191304 0.728814 0.257971 0.774011 0.284058 0.785311 0.298551 0.785311 0.321739 0.7966100000000002 0.37970999999999994 0.793785 0.423188 0.771186 0.443478 0.751412 0.46956499999999995 0.737288 0.521739 0.740113 0.544928 0.748588 0.562319 0.7655369999999999 0.568116 0.822034 0.591304 0.822034 0.62029 0.8022600000000001 0.66087 0.762712 0.663768 0.754237 0.7594199999999999 0.675141 0.791304 0.666667 0.811594 0.669492 0.8376810000000001 0.686441 0.86087 0.70904 0.892754 0.706215
1 0 0.728814 0 0.776836 0.014493 0.7966100000000002 0.017391 0.819209 0.052174 0.855932 0.095652 0.892655 0.11594200000000002 0.898305 0.15942 0.89548 0.165217 0.892655 0.165217 0.8757060000000001 0.11884100000000002 0.8418079999999999 0.098551 0.819209 0.089855 0.7994350000000001 0.101449 0.779661 0.11594200000000002 0.782486 0.165217 0.822034 0.191304 0.836158 0.208696 0.8389829999999999 0.214493 0.847458 0.24057999999999996 0.864407 0.286957 0.867232 0.313043 0.8757060000000001 0.35942 0.8757060000000001 0.388406 0.858757 0.428986 0.847458 0.484058 0.816384 0.515942 0.8107339999999998 0.524638 0.819209 0.504348 0.8389829999999999 0.475362 0.847458 0.44927500000000004 0.864407 0.452174 0.884181 0.46376800000000007 0.892655 0.501449 0.90113 0.571014 0.90113 0.608696 0.8728810000000001 0.652174 0.867232 0.666667 0.847458 0.704348 0.819209 0.713043 0.7994350000000001 0.727536 0.785311 0.7594199999999999 0.7683620000000001 0.776812 0.7655369999999999 0.82029 0.737288 0.831884 0.737288 0.843478 0.745763 0.846377 0.754237 0.8289860000000001 0.79096 0.797101 0.824859 0.7478260000000001 0.861582 0.736232 0.8757060000000001 0.73913 0.89548 0.7942030000000001 0.89548 0.881159 0.867232 0.9188410000000001 0.824859 0.9188410000000001 0.79096 0.9362319999999998 0.782486 0.9478259999999998 0.7683620000000001 0.9739130000000001 0.771186 0.988406 0.757062 0.988406 0.742938 0.9797100000000001 0.742938 0.965217 0.757062 0.95942 0.757062 0.950725 0.748588 0.9362319999999998 0.748588 0.9304349999999999 0.762712 0.9014489999999998 0.782486 0.9014489999999998 0.7994350000000001 0.907246 0.813559 0.8724640000000001 0.853107 0.785507 0.881356 0.7536229999999999 0.884181 0.7536229999999999 0.8785310000000001 0.7884059999999999 0.855932 0.8405799999999999 0.805085 0.857971 0.771186 0.857971 0.737288 0.843478 0.723164 0.811594 0.723164 0.756522 0.757062 0.7478260000000001 0.757062 0.718841 0.771186 0.701449 0.785311 0.686957 0.813559 0.655072 0.833333 0.643478 0.853107 0.6 0.858757 0.57971 0.8700560000000002 0.568116 0.884181 0.544928 0.889831 0.492754 0.884181 0.472464 0.8785310000000001 0.466667 0.8728810000000001 0.475362 0.864407 0.504348 0.855932 0.527536 0.8418079999999999 0.53913 0.827684 0.53913 0.805085 0.530435 0.7994350000000001 0.501449 0.7966100000000002 0.478261 0.8022600000000001 0.44058 0.819209 0.42028999999999994 0.833333 0.382609 0.8446329999999999 0.350725 0.861582 0.327536 0.864407 0.318841 0.858757 0.289855 0.853107 0.249275 0.850282 0.237681 0.8446329999999999 0.223188 0.827684 0.185507 0.816384 0.127536 0.7683620000000001 0.09275399999999999 0.7655369999999999 0.084058 0.771186 0.078261 0.788136 0.081159 0.822034 0.095652 0.8446329999999999 0.144928 0.8785310000000001 0.13913 0.884181 0.11884100000000002 0.884181 0.084058 0.861582 0.05507200000000001 0.836158 0.043478 0.816384 0.028986 0.80791 0.028986 0.788136 0.014493 0.7683620000000001 0.011594 0.745763 0.02029 0.728814 0.02029 0.711864 0.011594 0.711864
2 0.437681 0.002825 0.44058 0.025424 0.44927500000000004 0.033898 0.452174 0.053672 0.484058 0.110169 0.486957 0.127119 0.524638 0.127119 0.533333 0.121469 0.556522 0.121469 0.594203 0.112994 0.594203 0.081921 0.585507 0.062147 0.576812 0.056497 0.568116 0.036723 0.55942 0.031072999999999996 0.544928 0.00565 0.530435 0.002825 0.527536 0.016949 0.571014 0.073446 0.57971 0.090395 0.57971 0.10169499999999998 0.542029 0.110169 0.501449 0.112994 0.466667 0.04519800000000001 0.45507200000000003 0.00565 0.44927500000000004 0
2 0.486957 0.110169 0.484058 0.124294 0.48985500000000004 0.138418 0.507246 0.158192 0.536232 0.177966 0.542029 0.177966 0.556522 0.19774 0.562319 0.223164 0.562319 0.30791 0.573913 0.310734 0.576812 0.220339 0.568116 0.18361599999999997 0.536232 0.152542 0.524638 0.149718 0.507246 0.132768 0.4956519999999999 0.110169
2 0.6 0.09604499999999999 0.588406 0.09887 0.6 0.144068 0.591304 0.161017 0.582609 0.206215 0.585507 0.310734 0.597101 0.310734 0.597101 0.19774 0.605797 0.18361599999999997 0.611594 0.155367 0.611594 0.124294
2 0.452174 0.29096 0.45507200000000003 0.30226 0.475362 0.310734 0.542029 0.313559 0.631884 0.30791 0.631884 0.29661 0.623188 0.29096 0.614493 0.29096 0.6 0.299435 0.501449 0.299435 0.481159 0.29661 0.46376800000000007 0.288136
6 0.41449300000000006 0.011299 0.411594 0.022599000000000005 0.423188 0.053672 0.42028999999999994 0.112994 0.41449300000000006 0.11864399999999999 0.408696 0.194915 0.423188 0.194915 0.42028999999999994 0.175141 0.426087 0.161017 0.428986 0.127119 0.434783 0.115819 0.437681 0.042373 0.426087 0.014124