0 0.550173 0.002445 0.543253 0.002445 0.508651 0.051345 0.487889 0.05868 0.384083 0.05868 0.356401 0.03912 0.342561 0.012225 0.32872 0.036675 0.311419 0.0489 0.256055 0.051345 0.259516 0.070905 0.24913500000000002 0.07824 0.16955 0.090465 0.15917 0.095355 0.15917 0.171149 0.16609 0.183374 0.16955 0.3325179999999999 0.179931 0.342298 0.183391 0.396088 0.193772 0.425428 0.207612 0.432763 0.217993 0.444988 0.24567499999999998 0.459658 0.262976 0.493888 0.283737 0.493888 0.321799 0.506112 0.391003 0.513447 0.401384 0.518337 0.522491 0.513447 0.629758 0.486553 0.712803 0.427873 0.723183 0.366748 0.719723 0.290954 0.747405 0.234719 0.737024 0.217604 0.737024 0.188264 0.757785 0.156479 0.768166 0.10024400000000001 0.747405 0.10024400000000001 0.702422 0.085575 0.685121 0.085575 0.640138 0.075795 0.626298 0.066015 0.626298 0.061125 0.636678 0.05379 0.636678 0.046455 0.605536 0.03423 0.574394 0.02934
4 0.633218 0.486553 0.536332 0.513447 0.439446 0.520782 0.401384 0.520782 0.391003 0.515892 0.321799 0.508557 0.283737 0.496333 0.259516 0.496333 0.207612 0.581907 0.204152 0.640587 0.190311 0.684597 0.176471 0.92176 0.190311 0.9486550000000001 0.186851 0.9633250000000001 0.193772 0.9584349999999999 0.242215 0.94621 0.273356 0.94621 0.283737 0.953545 0.273356 0.9926649999999999 0.321799 0.99511 0.33218 0.98533 0.33218 0.97555 0.349481 0.9633250000000001 0.377163 0.9633250000000001 0.404844 0.98533 0.467128 0.9877750000000001 0.49481 0.9828850000000001 0.512111 0.9731050000000001 0.557093 0.9731050000000001 0.570934 0.977995 0.633218 0.977995 0.688581 0.97066 0.698962 0.9633250000000001 0.698962 0.94621 0.709343 0.9388750000000001 0.747405 0.94132 0.788927 0.95599 0.844291 0.95599 0.847751 0.943765 0.83391 0.9290950000000001 0.83737 0.919315 0.82699 0.91198 0.813149 0.889976 0.802768 0.845966 0.820069 0.841076 0.820069 0.833741 0.809689 0.826406 0.782007 0.770171 0.778547 0.748166 0.771626 0.740831 0.771626 0.731051 0.816609 0.716381 0.816609 0.7090459999999998 0.782007 0.677262 0.778547 0.667482 0.688581 0.594132 0.650519 0.525672 0.643599 0.501222 0.633218 0.493888
5 0.093426 0.0978 0.079585 0.10024400000000001 0.079585 0.129584 0.096886 0.16625899999999996 0.100346 0.190709 0.121107 0.220049 0.107266 0.33740799999999993 0.100346 0.3545229999999999 0.100346 0.393643 0.089965 0.415648 0.089965 0.513447 0.083045 0.550122 0.083045 0.599022 0.076125 0.608802 0.076125 0.660147 0.069204 0.669927 0.069204 0.699267 0.062284 0.721271 0.065744 0.792176 0.048443 0.838631 0.044983 0.877751 0.034602 0.889976 0.027682 0.9242050000000002 0.00692 0.9511 0.00346 0.96577 0.089965 0.96577 0.100346 0.9682149999999999 0.110727 0.98044 0.155709 0.98044 0.17301 0.977995 0.186851 0.97066 0.186851 0.953545 0.179931 0.9290950000000001 0.17301 0.92176 0.176471 0.799511 0.183391 0.755501 0.183391 0.696822 0.197232 0.6528119999999998 0.200692 0.579462 0.207612 0.555012 0.204152 0.432763 0.193772 0.427873 0.186851 0.415648 0.176471 0.342298 0.16609 0.3325179999999999 0.16263 0.183374 0.155709 0.171149 0.155709 0.0978 0.148789 0.10268899999999999
5 0.806228 0.09291 0.768166 0.10268899999999999 0.761246 0.156479 0.740484 0.188264 0.740484 0.217604 0.750865 0.234719 0.723183 0.290954 0.726644 0.366748 0.719723 0.420538 0.712803 0.432763 0.688581 0.449878 0.678201 0.452323 0.685121 0.459658 0.681661 0.537897 0.705882 0.603912 0.778547 0.665037 0.816609 0.7090459999999998 0.813149 0.718826 0.775087 0.731051 0.785467 0.770171 0.823529 0.838631 0.813149 0.845966 0.806228 0.845966 0.813149 0.885086 0.83391 0.9144250000000002 0.865052 0.9144250000000002 0.885813 0.9242050000000002 0.906574 0.92665 0.934256 0.9242050000000002 0.944637 0.91687 0.944637 0.899756 0.9584780000000002 0.889976 0.99308 0.889976 0.99308 0.880196 0.972318 0.850856 0.972318 0.819071 0.9480969999999999 0.721271 0.913495 0.638142 0.871972 0.476773 0.83045 0.344743 0.83045 0.330073 0.782007 0.193154 0.782007 0.161369 0.802768 0.146699 0.813149 0.132029 0.813149 0.10024400000000001
7 0.640138 0.481663 0.626298 0.479218 0.598616 0.491443 0.564014 0.496333 0.553633 0.501222 0.449827 0.511002 0.404844 0.511002 0.370242 0.503667 0.349481 0.503667 0.32872 0.496333 0.290657 0.491443 0.273356 0.484108 0.259516 0.484108 0.252595 0.493888 0.276817 0.503667 0.321799 0.511002 0.32872 0.515892 0.356401 0.515892 0.394464 0.523227 0.463668 0.523227 0.584775 0.511002 0.636678 0.493888
7 0.681661 0.572127 0.66782 0.569682 0.653979 0.586797 0.622837 0.606357 0.487889 0.650367 0.470588 0.650367 0.425606 0.660147 0.349481 0.665037 0.33564 0.669927 0.193772 0.677262 0.186851 0.687042 0.276817 0.689487 0.294118 0.684597 0.342561 0.684597 0.359862 0.677262 0.446367 0.672372 0.48442899999999994 0.662592 0.50173 0.662592 0.529412 0.6528119999999998 0.539792 0.6528119999999998 0.550173 0.645477 0.567474 0.643032 0.577855 0.635697 0.588235 0.635697 0.640138 0.616137 0.681661 0.584352
1 0.82699 0.713936 0.816609 0.711491 0.768166 0.728606 0.761246 0.733496 0.757785 0.750611 0.737024 0.757946 0.6609 0.772616 0.595156 0.797066 0.515571 0.809291 0.415225 0.816626 0.408304 0.821516 0.380623 0.8239610000000002 0.370242 0.828851 0.32872 0.828851 0.304498 0.833741 0.242215 0.831296 0.207612 0.838631 0.183391 0.836186 0.176471 0.841076 0.176471 0.8484110000000001 0.217993 0.850856 0.256055 0.843521 0.318339 0.845966 0.3391 0.841076 0.384083 0.841076 0.391003 0.836186 0.446367 0.831296 0.470588 0.8239610000000002 0.550173 0.819071 0.605536 0.809291 0.6609 0.792176 0.67128 0.784841 0.757785 0.767726 0.778547 0.755501 0.778547 0.745721 0.785467 0.740831 0.816609 0.731051 0.82699 0.723716
1 0.83045 0.838631 0.820069 0.836186 0.799308 0.841076 0.754325 0.843521 0.730104 0.853301 0.712803 0.865526 0.702422 0.880196 0.688581 0.887531 0.608997 0.9022 0.48442899999999994 0.90709 0.446367 0.91198 0.380623 0.91198 0.352941 0.9242050000000002 0.32526 0.9290950000000001 0.287197 0.9242050000000002 0.231834 0.9046450000000001 0.179931 0.90709 0.17301 0.91687 0.214533 0.91687 0.294118 0.94132 0.349481 0.94132 0.391003 0.9242050000000002 0.477509 0.9242050000000002 0.50173 0.919315 0.581315 0.919315 0.602076 0.9144250000000002 0.633218 0.9144250000000002 0.643599 0.909535 0.6609 0.909535 0.702422 0.899756 0.719723 0.889976 0.730104 0.872861 0.764706 0.855746 0.83045 0.850856
1 0.861592 0.9584349999999999 0.858131 0.94621 0.83045 0.9486550000000001 0.757785 0.9388750000000001 0.750865 0.93154 0.719723 0.93154 0.702422 0.9388750000000001 0.67128 0.9633250000000001 0.619377 0.97555 0.598616 0.97066 0.574394 0.97066 0.546713 0.9633250000000001 0.522491 0.9633250000000001 0.470588 0.977995 0.425606 0.98044 0.408304 0.97555 0.384083 0.9584349999999999 0.356401 0.9584349999999999 0.342561 0.9633250000000001 0.318339 0.98533 0.290657 0.98533 0.287197 0.97555 0.294118 0.9682149999999999 0.294118 0.9511 0.280277 0.94132 0.197232 0.943765 0.190311 0.9486550000000001 0.193772 0.95599 0.273356 0.95599 0.276817 0.9584349999999999 0.269896 0.96577 0.269896 0.99022 0.280277 0.9975550000000001 0.33218 0.9975550000000001 0.359862 0.9731050000000001 0.373702 0.97066 0.401384 0.99022 0.411765 0.9926649999999999 0.470588 0.9926649999999999 0.512111 0.9828850000000001 0.519031 0.977995 0.588235 0.9828850000000001 0.595156 0.9877750000000001 0.640138 0.9877750000000001 0.692042 0.9731050000000001 0.705882 0.9584349999999999 0.726644 0.94621 0.816609 0.96088
2 0.553633 0.00489 0.543253 0.002445 0.532872 0.00978 0.532872 0.017115 0.522491 0.02934 0.50173 0.04401 0.463668 0.056235 0.397924 0.056235 0.380623 0.051345 0.356401 0.026895 0.349481 0.012225 0.33564 0.017115 0.33564 0.02934 0.352941 0.05379 0.363322 0.061125 0.387543 0.06846 0.477509 0.06846 0.50519 0.061125 0.529412 0.046455 0.550173 0.02445
6 0.15917 0.09291 0.152249 0.0978 0.145329 0.232274 0.148789 0.268949 0.155709 0.283619 0.155709 0.3276279999999999 0.17301 0.330073 0.16955 0.237164 0.16263 0.220049 0.16955 0.095355
6 0.775087 0.10024400000000001 0.764706 0.10024400000000001 0.757785 0.105134 0.750865 0.124694 0.743945 0.16870399999999997 0.730104 0.198044 0.723183 0.244499 0.716263 0.254279 0.712803 0.303178 0.705882 0.308068 0.709343 0.31540299999999993 0.730104 0.31540299999999993 0.730104 0.283619 0.740484 0.259169 0.747405 0.205379 0.761246 0.185819 0.771626 0.129584 0.778547 0.117359