3 0.505396 0.004202 0.510791 0.006303 0.510791 0.273109 0.508993 0.359244 0.505396 0.382353 0.505396 0.754202 0.510791 0.779412 0.516187 0.926471 0.526978 0.981092 0.532374 0.985294 0.541367 0.983193 0.546763 0.987395 0.615108 0.995798 0.624101 0.993697 0.640288 0.997899 0.714029 0.997899 0.854317 0.981092 0.883094 0.972689 0.9226620000000001 0.966387 0.98741 0.947479 0.9892090000000001 0.930672 0.985612 0.865546 0.9712229999999998 0.773109 0.953237 0.697479 0.953237 0.676471 0.956835 0.670168 0.9550359999999999 0.653361 0.9748199999999999 0.621849 0.98741 0.592437 0.9964030000000001 0.554622 0.9982010000000001 0.462185 0.967626 0.445378 0.917266 0.403361 0.913669 0.397059 0.913669 0.384454 0.899281 0.361345 0.897482 0.338235 0.886691 0.319328 0.881295 0.277311 0.866906 0.258403 0.861511 0.245798 0.854317 0.201681 0.839928 0.155462 0.834532 0.115546 0.827338 0.098739 0.830935 0.086134 0.830935 0.06932800000000001 0.827338 0.060924 0.82554 0.010504 0.654676 0.010504 0.643885 0.006303 0.606115 0.008403 0.593525 0.004202 0.570144 0.004202 0.553957 0 0.526978 0
3 0.507194 0.006303 0.48740999999999995 0.004202 0.455036 0.006303 0.440647 0.010504 0.19964 0.010504 0.18705 0.006303 0.167266 0.006303 0.163669 0.010504 0.163669 0.105042 0.154676 0.128151 0.147482 0.168067 0.129496 0.228992 0.109712 0.258403 0.104317 0.283613 0.073741 0.342437 0.07554 0.359244 0.093525 0.386555 0.093525 0.409664 0.07554 0.445378 0.043165 0.493697 0 0.57563 0 0.584034 0.007194 0.602941 0.03777 0.634454 0.053957 0.657563 0.053957 0.684874 0.039568 0.745798 0.03777 0.783613 0.032374 0.804622 0.030576 0.829832 0.026978 0.846639 0.019784 0.861345 0.008993 0.913866 0.008993 0.941176 0.016187 0.947479 0.131295 0.976891 0.190647 0.983193 0.19964 0.989496 0.332734 0.997899 0.357914 0.993697 0.447842 0.991597 0.478417 0.987395 0.48201399999999994 0.983193 0.496403 0.981092 0.5 0.972689 0.5 0.783613 0.503597 0.760504 0.503597 0.382353 0.507194 0.359244 0.508993 0.273109
7 0.830935 0.090336 0.823741 0.081933 0.818345 0.081933 0.814748 0.086134 0.73741 0.086134 0.721223 0.090336 0.561151 0.090336 0.552158 0.094538 0.46043200000000006 0.096639 0.43705 0.10084 0.330935 0.098739 0.24820099999999998 0.090336 0.188849 0.090336 0.161871 0.096639 0.158273 0.10084 0.158273 0.107143 0.181655 0.109244 0.203237 0.10294099999999999 0.23741000000000004 0.10294099999999999 0.276978 0.109244 0.451439 0.113445 0.47122299999999995 0.109244 0.564748 0.107143 0.573741 0.10294099999999999 0.730216 0.10294099999999999 0.769784 0.098739 0.830935 0.10084
7 0.160072 0.008403 0.160072 0.014706 0.163669 0.018908 0.232014 0.014706 0.327338 0.014706 0.350719 0.010504 0.426259 0.010504 0.492806 0.002101 0.56295 0.002101 0.57554 0.004202 0.586331 0.010504 0.616906 0.010504 0.625899 0.014706 0.705036 0.018908 0.721223 0.023109 0.758993 0.023109 0.796763 0.016807 0.821942 0.016807 0.820144 0.002101 0.780576 0.004202 0.75 0.010504 0.633094 0 0.316547 0 0.163669 0.004202
7 0.408273 0.172269 0.374101 0.151261 0.348921 0.12605 0.323741 0.107143 0.311151 0.105042 0.285971 0.138655 0.269784 0.14916 0.23381299999999997 0.182773 0.142086 0.237395 0.129496 0.241597 0.11870500000000002 0.239496 0.11510800000000002 0.243697 0.11510800000000002 0.252101 0.140288 0.254202 0.176259 0.235294 0.181655 0.228992 0.19964 0.222689 0.214029 0.210084 0.219424 0.210084 0.235612 0.197479 0.24100699999999997 0.197479 0.260791 0.176471 0.298561 0.147059 0.316547 0.12395 0.338129 0.136555 0.357914 0.157563 0.399281 0.184874 0.408273 0.184874
7 0.589928 0.172269 0.591727 0.180672 0.604317 0.180672 0.613309 0.172269 0.620504 0.170168 0.624101 0.163866 0.642086 0.153361 0.651079 0.142857 0.694245 0.115546 0.708633 0.130252 0.733813 0.144958 0.741007 0.153361 0.757194 0.163866 0.789568 0.195378 0.796763 0.197479 0.820144 0.218487 0.823741 0.218487 0.836331 0.233193 0.847122 0.239496 0.854317 0.25 0.865108 0.247899 0.863309 0.233193 0.859712 0.233193 0.802158 0.182773 0.789568 0.176471 0.76259 0.14916 0.71223 0.113445 0.697842 0.096639 0.692446 0.096639 0.658273 0.119748 0.604317 0.161765 0.595324 0.163866
1 0.406475 0.178571 0.395683 0.176471 0.365108 0.222689 0.32554 0.264706 0.26259 0.304622 0.24100699999999997 0.313025 0.219424 0.315126 0.208633 0.32563 0.206835 0.336134 0.149281 0.338235 0.11870500000000002 0.334034 0.080935 0.334034 0.068345 0.344538 0.068345 0.35084 0.079137 0.352941 0.093525 0.346639 0.122302 0.35084 0.21223 0.35084 0.226619 0.327731 0.258993 0.323529 0.302158 0.296218 0.314748 0.292017 0.334532 0.277311 0.374101 0.235294 0.390288 0.207983 0.406475 0.189076
1 0.408273 0.180672 0.395683 0.178571 0.392086 0.182773 0.393885 0.193277 0.383094 0.22479 0.365108 0.266807 0.332734 0.323529 0.289568 0.37395 0.251799 0.411765 0.223022 0.434874 0.201439 0.443277 0.194245 0.436975 0.192446 0.430672 0.192446 0.397059 0.18705 0.390756 0.167266 0.390756 0.158273 0.394958 0.138489 0.415966 0.122302 0.441176 0.113309 0.5 0.100719 0.512605 0.088129 0.518908 0.05755400000000001 0.52521 0.023381 0.537815 0 0.567227 0 0.579832 0.008993 0.579832 0.030576 0.55042 0.05036 0.546218 0.066547 0.537815 0.082734 0.537815 0.097122 0.529412 0.102518 0.529412 0.120504 0.516807 0.127698 0.495798 0.131295 0.457983 0.134892 0.453782 0.134892 0.447479 0.151079 0.422269 0.167266 0.407563 0.176259 0.403361 0.179856 0.407563 0.179856 0.436975 0.183453 0.447479 0.192446 0.455882 0.223022 0.453782 0.266187 0.418067 0.284173 0.397059 0.30036 0.384454 0.354317 0.317227 0.392086 0.241597 0.392086 0.235294 0.408273 0.195378
1 0.597122 0.178571 0.598921 0.186975 0.618705 0.193277 0.640288 0.220588 0.649281 0.222689 0.654676 0.228992 0.670863 0.231092 0.706835 0.271008 0.741007 0.30042 0.764388 0.302521 0.791367 0.327731 0.807554 0.334034 0.834532 0.334034 0.841727 0.329832 0.859712 0.329832 0.868705 0.336134 0.877698 0.336134 0.883094 0.342437 0.897482 0.342437 0.895683 0.329832 0.868705 0.317227 0.830935 0.317227 0.82554 0.321429 0.818345 0.321429 0.802158 0.315126 0.771583 0.289916 0.75 0.287815 0.730216 0.273109 0.692446 0.231092 0.688849 0.231092 0.678058 0.218487 0.669065 0.218487 0.656475 0.210084 0.651079 0.210084 0.624101 0.178571 0.611511 0.17437 0.600719 0.17437
1 0.598921 0.182773 0.598921 0.189076 0.616906 0.218487 0.625899 0.239496 0.656475 0.281513 0.665468 0.315126 0.672662 0.323529 0.683453 0.352941 0.694245 0.367647 0.701439 0.384454 0.717626 0.409664 0.746403 0.443277 0.758993 0.453782 0.776978 0.460084 0.811151 0.464286 0.816547 0.47479 0.827338 0.483193 0.863309 0.491597 0.902878 0.489496 0.913669 0.483193 0.953237 0.476891 0.9586330000000001 0.472689 0.9910069999999999 0.464286 0.9910069999999999 0.453782 0.98741 0.44958 0.9784170000000001 0.44958 0.9712229999999998 0.455882 0.953237 0.457983 0.944245 0.464286 0.9226620000000001 0.466387 0.917266 0.470588 0.904676 0.470588 0.872302 0.478992 0.836331 0.470588 0.82554 0.462185 0.820144 0.44958 0.785971 0.447479 0.769784 0.443277 0.742806 0.418067 0.71223 0.37395 0.678058 0.306723 0.678058 0.30042 0.665468 0.268908 0.636691 0.228992 0.615108 0.186975 0.607914 0.178571 0.602518 0.178571
1 0.9910069999999999 0.939076 0.98741 0.934874 0.9784170000000001 0.934874 0.956835 0.945378 0.9226620000000001 0.951681 0.890288 0.964286 0.879496 0.964286 0.861511 0.970588 0.845324 0.970588 0.829137 0.976891 0.785971 0.981092 0.778777 0.985294 0.739209 0.985294 0.705036 0.991597 0.638489 0.991597 0.530576 0.976891 0.526978 0.981092 0.526978 0.987395 0.530576 0.991597 0.548561 0.991597 0.564748 0.997899 0.789568 0.997899 0.794964 0.993697 0.834532 0.991597 0.854317 0.983193 0.875899 0.983193 0.919065 0.970588 0.9226620000000001 0.966387 0.944245 0.964286 0.9550359999999999 0.957983 0.965827 0.957983 0.9766190000000001 0.951681 0.983813 0.951681 0.9910069999999999 0.945378
1 0.007194 0.941176 0.007194 0.947479 0.010791 0.951681 0.041367 0.964286 0.055755 0.966387 0.059352999999999996 0.970588 0.066547 0.970588 0.071942 0.97479 0.098921 0.976891 0.11510800000000002 0.983193 0.133094 0.985294 0.169065 0.983193 0.196043 0.991597 0.221223 0.991597 0.23021600000000003 0.995798 0.251799 0.997899 0.435252 0.997899 0.4622299999999999 0.991597 0.48740999999999995 0.991597 0.498201 0.985294 0.498201 0.978992 0.494604 0.97479 0.435252 0.981092 0.422662 0.985294 0.24100699999999997 0.983193 0.178058 0.970588 0.127698 0.970588 0.107914 0.964286 0.082734 0.962185 0.064748 0.953782 0.032374 0.945378 0.017986 0.936975 0.010791 0.936975