0 0.333777 0.005249 0.335106 0.055993 0.337766 0.062992 0.337766 0.077865 0.341755 0.086614 0.344415 0.107612 0.35372300000000007 0.120735 0.35372300000000007 0.129484 0.356383 0.131234 0.359043 0.139108 0.359043 0.148731 0.364362 0.153981 0.369681 0.165354 0.37766 0.170604 0.37766 0.182852 0.380319 0.189851 0.378989 0.195101 0.385638 0.197725 0.41356400000000004 0.1986 0.587766 0.197725 0.597074 0.195976 0.617021 0.195101 0.618351 0.175853 0.631649 0.156605 0.639628 0.133858 0.639628 0.128609 0.652926 0.099738 0.660904 0.047244 0.663564 0.043745 0.663564 0.016623 0.666223 0.0034999999999999996 0.655585 0.0034999999999999996 0.647606 0.0008749999999999999 0.640957 0.0008749999999999999 0.635638 0.0034999999999999996 0.634309 0.081365 0.632979 0.08399 0.62766 0.086614 0.609043 0.086614 0.591755 0.081365 0.569149 0.081365 0.56117 0.08399 0.529255 0.08399 0.518617 0.086614 0.468085 0.086614 0.456117 0.08399 0.43617 0.084864 0.42952100000000004 0.083115 0.410904 0.083115 0.40026600000000007 0.085739 0.380319 0.085739 0.37234 0.088364 0.36569100000000004 0.085739 0.364362 0.08224 0.363032 0.0034999999999999996 0.357713 0 0.348404 0.0008749999999999999 0.341755 0.004374
5 0.329787 0.0017499999999999998 0.305851 0.002625 0.295213 0.005249 0.287234 0.008749 0.24734 0.036745 0.227394 0.062992 0.218085 0.089239 0.21542599999999998 0.091864 0.214096 0.098863 0.211436 0.101487 0.198138 0.134733 0.198138 0.15923 0.20611699999999997 0.170604 0.22207400000000002 0.180227 0.272606 0.195976 0.289894 0.192476 0.296543 0.194226 0.307181 0.193351 0.31383 0.195976 0.341755 0.195976 0.34973399999999993 0.192476 0.361702 0.192476 0.364362 0.187227 0.368351 0.185477 0.37766 0.185477 0.37633 0.170604 0.368351 0.165354 0.363032 0.152231 0.357713 0.146107 0.356383 0.133858 0.35239400000000004 0.129484 0.35239400000000004 0.120735 0.343085 0.107612 0.340426 0.086614 0.336436 0.077865 0.336436 0.062992 0.333777 0.055993 0.333777 0.017498
5 0.667553 0.0034999999999999996 0.664894 0.016623 0.664894 0.043745 0.662234 0.047244 0.654255 0.099738 0.640957 0.128609 0.640957 0.133858 0.632979 0.156605 0.621011 0.173228 0.619681 0.180227 0.628989 0.185477 0.628989 0.187227 0.650266 0.191601 0.658245 0.195101 0.68883 0.195101 0.695479 0.192476 0.728723 0.195101 0.7380320000000001 0.190726 0.755319 0.187227 0.771277 0.181102 0.7938829999999999 0.167979 0.7978719999999999 0.16273 0.8005320000000001 0.138233 0.7965429999999999 0.130359 0.7965429999999999 0.12161 0.7925529999999998 0.117235 0.791223 0.109361 0.779255 0.088364 0.7686170000000001 0.058618 0.757979 0.044619 0.7340429999999999 0.021872 0.712766 0.009624 0.7047869999999999 0.007874 0.700798 0.005249 0.694149 0.0034999999999999996
4 0.614362 0.195976 0.587766 0.1986 0.454787 0.199475 0.385638 0.1986 0.378989 0.19685 0.378989 0.20385 0.375 0.206474 0.37367 0.212598 0.36702100000000004 0.220472 0.364362 0.227472 0.361702 0.249344 0.345745 0.273841 0.340426 0.286089 0.332447 0.296588 0.329787 0.306212 0.327128 0.307962 0.316489 0.328959 0.3125 0.332458 0.30984 0.332458 0.296543 0.339458 0.279255 0.344707 0.24734 0.369204 0.234043 0.376203 0.214096 0.395451 0.203457 0.412948 0.198138 0.417323 0.195479 0.425197 0.176862 0.45494300000000004 0.174202 0.464567 0.163564 0.482065 0.162234 0.48993899999999996 0.158245 0.4951880000000001 0.154255 0.508311 0.146277 0.52231 0.144947 0.530184 0.135638 0.546807 0.132979 0.559055 0.12367 0.570429 0.114362 0.588801 0.11037199999999998 0.607174 0.09973399999999999 0.616798 0.093085 0.635171 0.082447 0.649169 0.082447 0.654418 0.073138 0.669291 0.073138 0.67804 0.069149 0.689414 0.058511 0.702537 0.058511 0.708661 0.047872 0.725284 0.042553 0.739283 0.034574 0.746282 0.034574 0.755031 0.031915 0.76203 0.022606000000000005 0.777778 0.017287 0.783027 0.015957 0.790901 0.010638 0.79615 0.009309 0.80315 0.003989 0.808399 0.003989 0.836395 0.017287 0.845144 0.025266 0.846894 0.031915 0.851269 0.039894 0.853018 0.042553 0.875766 0.05186199999999999 0.88014 0.067819 0.88014 0.075798 0.884514 0.09574499999999998 0.884514 0.09973399999999999 0.887139 0.118351 0.887139 0.12633 0.891514 0.130319 0.8967630000000001 0.136968 0.900262 0.142287 0.9055119999999999 0.151596 0.9063870000000002 0.162234 0.910761 0.182181 0.9151360000000001 0.19016 0.918635 0.20611699999999997 0.918635 0.210106 0.914261 0.211436 0.909011 0.219415 0.9046370000000001 0.243351 0.9063870000000002 0.24734 0.909011 0.246011 0.9317589999999999 0.25 0.940507 0.267287 0.948381 0.279255 0.9492560000000001 0.281915 0.9510060000000001 0.287234 0.9510060000000001 0.299202 0.955381 0.303191 0.955381 0.316489 0.9676290000000001 0.331117 0.9772530000000001 0.341755 0.981627 0.357713 0.981627 0.36569100000000004 0.9842519999999999 0.389628 0.985127 0.417553 0.9842519999999999 0.433511 0.987752 0.449468 0.9886260000000001 0.45877699999999993 0.993001 0.473404 0.993001 0.49069100000000004 0.995626 0.533245 0.993876 0.558511 0.986877 0.587766 0.983377 0.62633 0.983377 0.632979 0.981627 0.655585 0.981627 0.675532 0.973753 0.68883 0.95888 0.695479 0.954506 0.720745 0.948381 0.7327130000000001 0.947507 0.743351 0.942257 0.74867 0.935258 0.75133 0.912511 0.756649 0.9063870000000002 0.7686170000000001 0.9037619999999998 0.777926 0.9046370000000001 0.787234 0.9098860000000001 0.788564 0.914261 0.7938829999999999 0.918635 0.805851 0.918635 0.8284570000000001 0.910761 0.840426 0.9098860000000001 0.844415 0.907262 0.8550529999999998 0.9046370000000001 0.8603719999999999 0.901137 0.864362 0.895888 0.864362 0.882765 0.861702 0.88014 0.864362 0.87839 0.87234 0.879265 0.881649 0.887139 0.8922869999999999 0.886264 0.904255 0.88189 0.9202130000000001 0.88364 0.933511 0.877515 0.950798 0.87839 0.9561170000000001 0.875766 0.9574470000000002 0.860017 0.950798 0.854768 0.9561170000000001 0.851269 0.964096 0.850394 0.972074 0.846019 0.977394 0.845144 0.993351 0.834646 0.993351 0.810149 0.976064 0.780402 0.976064 0.776028 0.969415 0.766404 0.966755 0.755906 0.9561170000000001 0.741907 0.944149 0.713036 0.94016 0.708661 0.94016 0.705162 0.93484 0.699038 0.933511 0.692038 0.926862 0.680665 0.9255320000000001 0.672791 0.913564 0.657918 0.905585 0.629921 0.8936170000000001 0.615048 0.8896280000000001 0.607174 0.8896280000000001 0.60105 0.882979 0.594926 0.880319 0.580927 0.87367 0.574803 0.869681 0.55993 0.864362 0.553806 0.864362 0.549431 0.8577130000000001 0.538058 0.8550529999999998 0.528434 0.845745 0.515311 0.840426 0.49431300000000006 0.8271280000000001 0.469816 0.823138 0.466317 0.821809 0.461067 0.81516 0.453193 0.81117 0.439195 0.804521 0.434821 0.8005320000000001 0.426947 0.8005320000000001 0.421697 0.7965429999999999 0.417323 0.7952130000000001 0.412073 0.789894 0.407699 0.784574 0.398075 0.773936 0.389326 0.757979 0.370954 0.74734 0.363955 0.736702 0.35958 0.7313829999999999 0.353456 0.722074 0.347332 0.714096 0.345582 0.6875 0.330709 0.682181 0.322835 0.682181 0.319335 0.670213 0.305337 0.642287 0.257218 0.636968 0.251094 0.628989 0.233596 0.630319 0.223972 0.62633 0.216973 0.628989 0.211724 0.62367 0.205599 0.618351 0.20385
7 0.375 0.195976 0.375 0.20035 0.380319 0.204724 0.389628 0.204724 0.393617 0.206474 0.486702 0.206474 0.49069100000000004 0.204724 0.618351 0.204724 0.62234 0.2021 0.62234 0.194226 0.615691 0.190726 0.481383 0.190726 0.47606400000000004 0.192476 0.402926 0.192476 0.39893599999999996 0.190726 0.38297899999999996 0.190726
2 0.35239400000000004 0.0034999999999999996 0.35239400000000004 0.038495 0.34973399999999993 0.041995 0.34973399999999993 0.086614 0.35239400000000004 0.089239 0.35239400000000004 0.093613 0.357713 0.097988 0.375 0.097988 0.378989 0.096238 0.38430899999999996 0.097988 0.41356400000000004 0.097988 0.418883 0.096238 0.465426 0.096238 0.469415 0.094488 0.513298 0.094488 0.518617 0.092738 0.5625 0.092738 0.579787 0.096238 0.597074 0.096238 0.601064 0.097988 0.640957 0.097988 0.647606 0.092738 0.647606 0.07874 0.650266 0.076115 0.650266 0.034121 0.647606 0.031496 0.647606 0.026247 0.650266 0.023622 0.650266 0.007874 0.647606 0.005249 0.647606 0.0017499999999999998 0.644947 0 0.630319 0 0.62633 0.0034999999999999996 0.62633 0.011374 0.628989 0.013998 0.62633 0.019248 0.62633 0.03762 0.628989 0.04112 0.628989 0.069991 0.62633 0.072616 0.62633 0.076115 0.618351 0.08049 0.615691 0.08399 0.607713 0.08224 0.590426 0.08224 0.573138 0.07874 0.507979 0.07874 0.50266 0.08049 0.46010599999999996 0.08049 0.454787 0.08224 0.408245 0.08224 0.404255 0.08399 0.375 0.08224 0.371011 0.07874 0.371011 0.048119 0.37367 0.045494 0.37367 0.0017499999999999998 0.371011 0 0.356383 0
6 0.327128 0.0034999999999999996 0.319149 0.008749 0.319149 0.026247 0.316489 0.030621 0.319149 0.050744 0.319149 0.071741 0.321809 0.075241 0.321809 0.099738 0.325798 0.105862 0.327128 0.113736 0.332447 0.120735 0.335106 0.132983 0.343085 0.141732 0.345745 0.148731 0.355053 0.15748 0.36702100000000004 0.15748 0.371011 0.154856 0.371011 0.143482 0.36569100000000004 0.139108 0.364362 0.133858 0.360372 0.131234 0.35372300000000007 0.120735 0.35372300000000007 0.113736 0.348404 0.107612 0.348404 0.101487 0.343085 0.093613 0.341755 0.046369 0.339096 0.035871 0.341755 0.030621 0.341755 0.008749 0.336436 0.004374
6 0.676862 0 0.667553 0.0008749999999999999 0.660904 0.007874 0.656915 0.03762 0.656915 0.054243 0.651596 0.062117 0.651596 0.070866 0.648936 0.073491 0.646277 0.08224 0.644947 0.108486 0.642287 0.111111 0.639628 0.12336000000000001 0.636968 0.125984 0.636968 0.137358 0.628989 0.146982 0.628989 0.151356 0.634309 0.155731 0.647606 0.155731 0.655585 0.148731 0.658245 0.143482 0.658245 0.132108 0.660904 0.130359 0.660904 0.124234 0.666223 0.11461099999999999 0.670213 0.079615 0.672872 0.07699 0.672872 0.068241 0.678191 0.061242 0.680851 0.020997 0.683511 0.016623 0.683511 0.0034999999999999996
7 0.308511 0.332458 0.281915 0.348206 0.272606 0.36133 0.271277 0.373578 0.285904 0.392826 0.332447 0.423447 0.335106 0.427822 0.348404 0.435696 0.356383 0.445319 0.363032 0.449694 0.371011 0.4619420000000001 0.37234 0.47244099999999994 0.37234 0.510936 0.36702100000000004 0.517935 0.36569100000000004 0.523185 0.36569100000000004 0.541557 0.363032 0.547682 0.363032 0.56168 0.360372 0.567804 0.360372 0.583552 0.35239400000000004 0.614173 0.35239400000000004 0.651794 0.34973399999999993 0.656168 0.34973399999999993 0.664917 0.344415 0.682415 0.343085 0.726159 0.340426 0.731409 0.337766 0.757655 0.332447 0.769029 0.332447 0.811899 0.329787 0.817148 0.328457 0.833771 0.324468 0.841645 0.324468 0.855643 0.321809 0.860892 0.321809 0.877515 0.319149 0.881015 0.319149 0.890639 0.3125 0.907262 0.3125 0.941382 0.30984 0.9440070000000002 0.30984 0.9571300000000001 0.31516 0.961505 0.327128 0.961505 0.333777 0.955381 0.333777 0.9151360000000001 0.341755 0.895013 0.343085 0.867017 0.345745 0.864392 0.345745 0.847769 0.35106400000000004 0.838145 0.35106400000000004 0.823272 0.35372300000000007 0.820647 0.35372300000000007 0.776028 0.359043 0.764654 0.359043 0.757655 0.361702 0.752406 0.361702 0.739283 0.364362 0.734908 0.364362 0.706037 0.36702100000000004 0.699038 0.36702100000000004 0.686789 0.369681 0.68329 0.371011 0.662292 0.37367 0.659668 0.37367 0.621172 0.37633 0.617673 0.37633 0.609799 0.378989 0.606299 0.378989 0.59755 0.381649 0.593176 0.381649 0.574803 0.38430899999999996 0.571304 0.38430899999999996 0.55643 0.386968 0.551181 0.386968 0.531059 0.394947 0.515311 0.394947 0.4680659999999999 0.392287 0.463692 0.392287 0.45494300000000004 0.38430899999999996 0.442695 0.375 0.435696 0.364362 0.424322 0.355053 0.419073 0.35106400000000004 0.413823 0.304521 0.383202 0.293883 0.369204 0.301862 0.356955 0.323138 0.343832 0.323138 0.335958 0.316489 0.332458
7 0.7021280000000001 0.336833 0.692819 0.337708 0.6875 0.342082 0.6875 0.346457 0.700798 0.356955 0.7061170000000001 0.367454 0.7061170000000001 0.372703 0.68883 0.388451 0.678191 0.395451 0.676862 0.398075 0.662234 0.407699 0.660904 0.410324 0.654255 0.412948 0.648936 0.418198 0.631649 0.427822 0.619681 0.439195 0.609043 0.45844300000000004 0.609043 0.47244099999999994 0.606383 0.476815 0.606383 0.52231 0.609043 0.525809 0.611702 0.541557 0.614362 0.544182 0.614362 0.550306 0.617021 0.553806 0.618351 0.575678 0.621011 0.579178 0.621011 0.594051 0.62367 0.596675 0.62367 0.605424 0.62633 0.608924 0.62633 0.622922 0.628989 0.627297 0.628989 0.64392 0.634309 0.654418 0.634309 0.662292 0.636968 0.666667 0.636968 0.706037 0.639628 0.711286 0.639628 0.72091 0.642287 0.723535 0.642287 0.731409 0.644947 0.735783 0.646277 0.790901 0.648936 0.794401 0.648936 0.815398 0.651596 0.819773 0.651596 0.839895 0.654255 0.845144 0.654255 0.855643 0.656915 0.861767 0.656915 0.884514 0.659574 0.889764 0.659574 0.902012 0.662234 0.9063870000000002 0.664894 0.926509 0.667553 0.929134 0.667553 0.9440070000000002 0.676862 0.9562549999999999 0.676862 0.96063 0.682181 0.965004 0.694149 0.965004 0.698138 0.96238 0.698138 0.950131 0.68883 0.9370079999999998 0.68883 0.92301 0.68617 0.920385 0.683511 0.8985130000000001 0.680851 0.895888 0.680851 0.881015 0.678191 0.87839 0.678191 0.852143 0.675532 0.849519 0.675532 0.836395 0.672872 0.833771 0.672872 0.811899 0.670213 0.809274 0.668883 0.750656 0.666223 0.746282 0.666223 0.727909 0.663564 0.724409 0.663564 0.716535 0.660904 0.713911 0.660904 0.702537 0.658245 0.699038 0.658245 0.658793 0.655585 0.656168 0.655585 0.647419 0.650266 0.637795 0.650266 0.619423 0.647606 0.616798 0.647606 0.601925 0.644947 0.5993 0.643617 0.573928 0.640957 0.571304 0.640957 0.56168 0.638298 0.55818 0.638298 0.546807 0.635638 0.543307 0.635638 0.537183 0.632979 0.535433 0.630319 0.517935 0.62766 0.515311 0.62766 0.48294 0.630319 0.480315 0.630319 0.464567 0.635638 0.45756800000000003 0.639628 0.447069 0.647606 0.44007 0.679521 0.419948 0.680851 0.417323 0.7074470000000002 0.398075 0.728723 0.377953 0.728723 0.36308 0.726064 0.35608 0.716755 0.343832
1 0.99867 0.825022 0.990691 0.827647 0.973404 0.83727 0.966755 0.838145 0.946809 0.847769 0.945479 0.859143 0.948138 0.861767 0.94016 0.868766 0.932181 0.871391 0.924202 0.871391 0.913564 0.874016 0.898936 0.874016 0.8949470000000002 0.872266 0.87234 0.871391 0.861702 0.877515 0.8603719999999999 0.882765 0.853723 0.890639 0.841755 0.8985130000000001 0.825798 0.9046370000000001 0.804521 0.907262 0.7938829999999999 0.900262 0.784574 0.897638 0.756649 0.897638 0.75133 0.899388 0.7380320000000001 0.909011 0.7380320000000001 0.9133859999999999 0.727394 0.930884 0.727394 0.9370079999999998 0.718085 0.9431319999999999 0.7021280000000001 0.950131 0.683511 0.9527559999999999 0.667553 0.9641289999999999 0.662234 0.965004 0.650266 0.9711290000000001 0.643617 0.9711290000000001 0.639628 0.972878 0.611702 0.972878 0.605053 0.974628 0.590426 0.974628 0.579787 0.9781279999999999 0.56383 0.979003 0.549202 0.9842519999999999 0.5 0.9860019999999999 0.49202100000000004 0.9842519999999999 0.456117 0.9842519999999999 0.450798 0.9825020000000001 0.432181 0.9807520000000001 0.42819100000000004 0.979003 0.368351 0.9781279999999999 0.339096 0.968504 0.332447 0.9641289999999999 0.328457 0.9580049999999999 0.321809 0.954506 0.31516 0.954506 0.308511 0.9580049999999999 0.307181 0.965004 0.31383 0.973753 0.332447 0.985127 0.339096 0.985127 0.357713 0.992126 0.364362 0.992126 0.368351 0.993876 0.420213 0.993876 0.424202 0.995626 0.441489 0.9965000000000002 0.44547899999999996 0.99825 0.533245 0.9991249999999999 0.558511 0.99825 0.570479 0.993876 0.590426 0.992126 0.599734 0.9886260000000001 0.617021 0.9886260000000001 0.62234 0.986877 0.648936 0.986877 0.652926 0.985127 0.660904 0.985127 0.675532 0.9781279999999999 0.682181 0.9772530000000001 0.69016 0.972003 0.694149 0.972003 0.698138 0.9693790000000001 0.6994679999999999 0.965004 0.708777 0.965004 0.7313829999999999 0.9571300000000001 0.75 0.941382 0.75 0.9361330000000001 0.756649 0.925634 0.759309 0.9160100000000001 0.7659570000000001 0.9116359999999999 0.777926 0.912511 0.7938829999999999 0.922135 0.817819 0.922135 0.833777 0.9195099999999999 0.844415 0.914261 0.8550529999999998 0.9116359999999999 0.871011 0.901137 0.882979 0.887139 0.8922869999999999 0.888889 0.9202130000000001 0.888889 0.93617 0.885389 0.942819 0.885389 0.958777 0.88014 0.970745 0.867892 0.970745 0.856518 0.977394 0.852143 0.9813829999999999 0.852143 0.993351 0.846019 0.99867 0.845144
1 0 0.832021 0 0.841645 0.030584999999999998 0.857393 0.047872 0.863517 0.041223 0.868766 0.041223 0.874016 0.053190999999999995 0.88364 0.09175500000000002 0.895013 0.12367 0.895013 0.12766 0.892388 0.132979 0.901137 0.147606 0.909011 0.162234 0.9133859999999999 0.170213 0.9133859999999999 0.194149 0.918635 0.21542599999999998 0.918635 0.223404 0.9151360000000001 0.23138300000000003 0.9151360000000001 0.23803200000000002 0.9133859999999999 0.240691 0.9151360000000001 0.240691 0.9177600000000001 0.23138300000000003 0.929134 0.23138300000000003 0.9378830000000001 0.236702 0.942257 0.240691 0.9431319999999999 0.24867 0.950131 0.273936 0.95888 0.284574 0.959755 0.293883 0.9641289999999999 0.301862 0.965004 0.304521 0.966754 0.316489 0.966754 0.320479 0.9641289999999999 0.320479 0.9562549999999999 0.31383 0.951881 0.305851 0.9510060000000001 0.296543 0.945757 0.280585 0.9440070000000002 0.272606 0.940507 0.265957 0.9396330000000002 0.259309 0.934383 0.256649 0.9300090000000001 0.261968 0.9247589999999999 0.261968 0.907262 0.255319 0.902012 0.24734 0.899388 0.226064 0.899388 0.20744700000000002 0.9028870000000001 0.196809 0.9028870000000001 0.162234 0.8967630000000001 0.155585 0.892388 0.155585 0.881015 0.144947 0.874016 0.135638 0.871391 0.121011 0.871391 0.113032 0.875766 0.109043 0.881015 0.098404 0.88014 0.075798 0.872266 0.079787 0.869641 0.079787 0.860892 0.066489 0.852143 0.045213 0.845144 0.013298 0.829396 0.005319 0.829396