0 0.471526 0.0026739999999999997 0.389522 0.010695 0.384966 0.016043 0.387244 0.032086 0.384966 0.053476 0.378132 0.069519 0.378132 0.082888 0.373576 0.096257 0.364465 0.106952 0.30751699999999993 0.128342 0.275626 0.131016 0.266515 0.125668 0.264237 0.13369 0.264237 0.195187 0.271071 0.21657799999999996 0.275626 0.251337 0.275626 0.42246000000000006 0.277904 0.398396 0.284738 0.393048 0.29157200000000005 0.40107 0.289294 0.409091 0.298405 0.42513399999999996 0.300683 0.44384999999999997 0.309795 0.45721899999999993 0.318907 0.491979 0.32574 0.494652 0.330296 0.505348 0.3325739999999999 0.529412 0.33713 0.545455 0.3325739999999999 0.545455 0.3325739999999999 0.564171 0.34168600000000005 0.596257 0.34168600000000005 0.631016 0.359909 0.641711 0.494305 0.641711 0.519362 0.63369 0.553531 0.631016 0.578588 0.620321 0.571754 0.55615 0.57631 0.537433 0.574032 0.553476 0.567198 0.561497 0.56492 0.55615 0.574032 0.529412 0.5831440000000001 0.481283 0.605923 0.427807 0.6082 0.403743 0.61959 0.371658 0.61959 0.347594 0.624146 0.347594 0.624146 0.278075 0.637813 0.176471 0.637813 0.112299 0.624146 0.106952 0.605923 0.109626 0.587699 0.09893 0.5831440000000001 0.104278 0.539863 0.096257 0.53303 0.090909 0.530752 0.093583 0.523918 0.082888 0.517084 0.080214 0.52164 0.074866 0.514806 0.069519 0.517084 0.053476 0.512528 0.048128 0.512528 0.016043
5 0.954442 0.735294 0.954442 0.737968 0.947608 0.745989 0.949886 0.745989 0.949886 0.743316 0.954442 0.737968 0.952164 0.628342 0.968109 0.647059 0.970387 0.657754 0.970387 0.647059 0.9658309999999999 0.644385 0.9658309999999999 0.639037 0.874715 0.540107 0.874715 0.542781 0.876993 0.542781 0.635535 0.109626 0.635535 0.229947 0.628702 0.254011 0.61959 0.34492 0.630979 0.355615 0.642369 0.395722 0.6400909999999999 0.406417 0.642369 0.411765 0.646925 0.411765 0.644647 0.427807 0.649203 0.44652400000000003 0.6651479999999999 0.483957 0.667426 0.505348 0.681093 0.534759 0.697039 0.601604 0.7129840000000001 0.636364 0.7129840000000001 0.644385 0.719818 0.652406 0.724374 0.671123 0.744875 0.713904 0.776765 0.762032 0.8109339999999999 0.780749 0.829157 0.783422 0.84738 0.794118 0.870159 0.796791 0.888383 0.818182 0.906606 0.850267 0.917995 0.8609629999999999 0.938497 0.8983959999999999 0.963554 0.8903739999999999 0.9840550000000001 0.8716579999999999 0.995444 0.847594 0.995444 0.8368980000000001 0.974943 0.807487 0.972665 0.815508 0.963554 0.804813 0.9339410000000001 0.745989 0.9339410000000001 0.740642 0.95672 0.719251 0.963554 0.703209 0.963554 0.652406 0.938497 0.628342 0.9407739999999999 0.622995 0.94533 0.622995 0.9339410000000001 0.612299 0.9339410000000001 0.617647 0.929385 0.620321 0.904328 0.593583 0.867882 0.545455 0.867882 0.529412 0.863326 0.526738 0.856492 0.508021 0.84738 0.508021 0.842825 0.502674 0.842825 0.486631 0.8359909999999999 0.486631 0.829157 0.45454500000000003 0.820046 0.44117600000000007 0.792711 0.371658 0.742597 0.272727 0.731207 0.256684 0.683371 0.131016 0.676538 0.125668 0.67426 0.117647 0.660592 0.109626
5 0.248292 0.125668 0.216401 0.125668 0.19589999999999996 0.141711 0.179954 0.165775 0.177677 0.219251 0.161731 0.312834 0.159453 0.347594 0.15262 0.368984 0.150342 0.34492 0.148064 0.350267 0.150342 0.358289 0.14578600000000003 0.36631 0.136674 0.427807 0.14123 0.41443900000000006 0.143508 0.427807 0.138952 0.44384999999999997 0.132118 0.44384999999999997 0.127563 0.451872 0.123007 0.486631 0.116173 0.497326 0.102506 0.545455 0.095672 0.582888 0.095672 0.606952 0.079727 0.644385 0.079727 0.65508 0.063781 0.681818 0.05467 0.68984 0.05467 0.697861 0.041002 0.708556 0.015945 0.76738 0.015945 0.804813 0.025057000000000003 0.8342250000000001 0.025057000000000003 0.850267 0.015945 0.8556150000000001 0.015945 0.8689840000000001 0.022779 0.8770049999999999 0.022779 0.8877009999999999 0.013667 0.9224599999999998 0.002278 0.938503 0 0.951872 0.006834 0.951872 0.022779 0.970588 0.020501 0.981283 0.027335 0.994652 0.05467 0.994652 0.07289300000000001 0.965241 0.075171 0.946524 0.084282 0.9331549999999998 0.08656 0.941176 0.091116 0.927807 0.107062 0.906417 0.113895 0.9037430000000001 0.120729 0.906417 0.125285 0.914439 0.14123 0.914439 0.14578600000000003 0.906417 0.17084300000000002 0.8877009999999999 0.205011 0.8422460000000002 0.223235 0.786096 0.22551300000000002 0.754011 0.211845 0.8208560000000001 0.20045600000000002 0.8422460000000002 0.198178 0.8368980000000001 0.216401 0.780749 0.22779 0.705882 0.232346 0.705882 0.22779 0.748663 0.234624 0.716578 0.234624 0.687166 0.246014 0.649733 0.246014 0.625668 0.252847 0.606952 0.252847 0.585561 0.257403 0.564171 0.255125 0.569519 0.252847 0.566845 0.255125 0.542781 0.261959 0.516043 0.264237 0.537433 0.261959 0.5 0.277904 0.40107 0.277904 0.382353 0.273349 0.379679 0.273349 0.251337 0.268793 0.21657799999999996 0.261959 0.195187 0.261959 0.139037 0.266515 0.136364
7 0.585421 0.620321 0.574032 0.620321 0.553531 0.631016 0.530752 0.636364 0.473804 0.641711 0.412301 0.641711 0.375854 0.636364 0.353075 0.628342 0.348519 0.622995 0.339408 0.622995 0.33713 0.63369 0.359909 0.647059 0.387244 0.652406 0.507973 0.652406 0.560364 0.644385 0.585421 0.63369
2 0.384966 0.013369 0.384966 0.024064 0.3917999999999999 0.032086 0.414579 0.040107 0.47836 0.040107 0.492027 0.034759 0.507973 0.034759 0.519362 0.024064 0.517084 0.010695 0.510251 0.010695 0.492027 0.024064 0.45558099999999996 0.029412 0.410023 0.024064 0.398633 0.018717 0.394077 0.010695
2 0.537585 0.093583 0.528474 0.090909 0.496583 0.122995 0.489749 0.122995 0.482916 0.131016 0.469248 0.136364 0.428246 0.136364 0.421412 0.131016 0.410023 0.131016 0.400911 0.122995 0.384966 0.117647 0.373576 0.09893 0.364465 0.101604 0.364465 0.112299 0.375854 0.128342 0.387244 0.136364 0.39635499999999996 0.136364 0.414579 0.147059 0.476082 0.149733 0.498861 0.136364 0.505695 0.136364 0.537585 0.104278
2 0.437358 0.144385 0.43508 0.160428 0.446469 0.22459899999999997 0.446469 0.254011 0.453303 0.283422 0.453303 0.312834 0.464692 0.395722 0.462415 0.459893 0.46697 0.465241 0.476082 0.465241 0.485194 0.379679 0.485194 0.144385 0.476082 0.147059 0.476082 0.315508 0.471526 0.350267 0.462415 0.264706 0.457859 0.251337 0.457859 0.21657799999999996 0.453303 0.205882 0.451025 0.168449 0.446469 0.147059
2 0.328018 0.513369 0.339408 0.513369 0.362187 0.491979 0.387244 0.47861 0.421412 0.470588 0.492027 0.470588 0.505695 0.475936 0.52164 0.475936 0.546697 0.483957 0.574032 0.5 0.585421 0.5 0.585421 0.489305 0.553531 0.470588 0.519362 0.465241 0.510251 0.459893 0.403189 0.459893 0.359909 0.473262 0.328018 0.502674
6 0.025057000000000003 0.839572 0.025057000000000003 0.847594 0.029613 0.852941 0.045558 0.8556150000000001 0.082005 0.8743319999999999 0.104784 0.90107 0.107062 0.9090909999999999 0.118451 0.906417 0.118451 0.8930480000000001 0.08656 0.8582890000000001 0.034169 0.8368980000000001
6 0.938497 0.737968 0.9088840000000001 0.737968 0.890661 0.743316 0.870159 0.756684 0.856492 0.772727 0.854214 0.794118 0.865604 0.794118 0.872437 0.775401 0.876993 0.775401 0.879271 0.770053 0.899772 0.756684 0.938497 0.748663
6 0.261959 0.128342 0.259681 0.187166 0.266515 0.291444 0.266515 0.382353 0.275626 0.395722 0.28246 0.395722 0.284738 0.382353 0.277904 0.371658 0.275626 0.350267 0.277904 0.304813 0.273349 0.248663 0.271071 0.131016
6 0.642369 0.109626 0.633257 0.112299 0.633257 0.195187 0.621868 0.28877 0.621868 0.320856 0.6150339999999999 0.342246 0.617312 0.352941 0.628702 0.350267 0.642369 0.227273