0 0.298197 0.101852 0.298197 0.116667 0.306519 0.144444 0.309293 0.198148 0.31484 0.216667 0.316227 0.22963 0.317614 0.337037 0.320388 0.342593 0.321775 0.383333 0.324549 0.394444 0.327323 0.433333 0.330097 0.440741 0.330097 0.474074 0.332871 0.5 0.330097 0.512963 0.332871 0.601852 0.330097 0.605556 0.330097 0.637037 0.327323 0.642593 0.320388 0.738889 0.316227 0.757407 0.317614 0.766667 0.320388 0.77037 0.364771 0.781481 0.399445 0.783333 0.4244109999999999 0.788889 0.450763 0.787037 0.4563110000000001 0.790741 0.546463 0.792593 0.556172 0.787037 0.564494 0.788889 0.578363 0.785185 0.628294 0.781481 0.636616 0.777778 0.658807 0.77963 0.67129 0.768519 0.676838 0.768519 0.678225 0.72963 0.674064 0.705556 0.674064 0.616667 0.67129 0.609259 0.668516 0.557407 0.67129 0.498148 0.669903 0.403704 0.678225 0.37963 0.678225 0.364815 0.680999 0.357407 0.678225 0.324074 0.675451 0.316667 0.675451 0.3 0.678225 0.292593 0.679612 0.235185 0.682386 0.227778 0.683773 0.148148 0.692094 0.111111 0.696255 0.103704 0.694868 0.094444 0.676838 0.085185 0.67129 0.085185 0.656033 0.075926 0.640777 0.072222 0.638003 0.068519 0.615811 0.062963 0.60749 0.055556 0.601942 0.055556 0.597781 0.05 0.592233 0.051852 0.589459 0.048148 0.586685 0.035185 0.575589 0.02037 0.572816 0.012963 0.567268 0.014815 0.563107 0.009259 0.47018 0.0037039999999999994 0.461859 0.009259 0.449376 0.007407 0.421637 0.012963 0.409154 0.025926 0.4008320000000001 0.046296 0.39250999999999997 0.057407 0.385576 0.059259 0.3828019999999999 0.062963 0.377254 0.062963 0.361997 0.074074 0.349515 0.075926 0.338419 0.083333 0.331484 0.083333 0.31484 0.090741
5 0.295423 0.101852 0.288488 0.103704 0.267684 0.138889 0.263523 0.162963 0.246879 0.205556 0.237171 0.248148 0.21497900000000003 0.309259 0.213592 0.325926 0.19972299999999998 0.364815 0.196949 0.383333 0.18446600000000002 0.418519 0.181692 0.438889 0.158114 0.522222 0.152566 0.531481 0.128988 0.55 0.12344 0.557407 0.10540899999999999 0.566667 0.076283 0.594444 0.056865 0.605556 0.054092 0.611111 0.054092 0.624074 0.0638 0.644444 0.062413 0.655556 0.05825199999999999 0.657407 0.04577 0.674074 0.038835 0.674074 0.024965 0.685185 0.019417 0.685185 0.006935 0.7 0.006935 0.709259 0.01387 0.740741 0.020804 0.757407 0.027739 0.766667 0.027739 0.77963 0.009709 0.812963 0.005548 0.833333 0 0.846296 0.001387 0.877778 0.009709 0.912963 0.020804 0.933333 0.04577 0.942593 0.05270500000000001 0.948148 0.067961 0.948148 0.09569999999999998 0.9703699999999998 0.115118 0.9759260000000001 0.127601 0.9944440000000001 0.176144 0.9944440000000001 0.183079 0.9888889999999999 0.194175 0.987037 0.21497900000000003 0.9722219999999999 0.23301000000000002 0.948148 0.238558 0.92963 0.23994499999999996 0.892593 0.235784 0.883333 0.238558 0.868519 0.242718 0.859259 0.252427 0.853704 0.256588 0.855556 0.284327 0.840741 0.281553 0.814815 0.277393 0.809259 0.269071 0.781481 0.267684 0.751852 0.26491 0.740741 0.270458 0.72963 0.274619 0.731481 0.281553 0.72037 0.288488 0.718519 0.289875 0.709259 0.285714 0.703704 0.271845 0.666667 0.257975 0.607407 0.256588 0.585185 0.276006 0.525926 0.277393 0.512963 0.288488 0.475926 0.288488 0.466667 0.29681 0.444444 0.303745 0.403704 0.307906 0.396296 0.309293 0.377778 0.312067 0.372222 0.316227 0.37037 0.317614 0.362963 0.321775 0.357407 0.321775 0.32037 0.31484 0.296296 0.31484 0.22963 0.313454 0.216667 0.307906 0.198148 0.305132 0.144444 0.295423 0.112963
5 0.693481 0.098148 0.693481 0.114815 0.682386 0.15 0.675451 0.322222 0.678225 0.32963 0.680999 0.355556 0.686546 0.372222 0.686546 0.385185 0.699029 0.414815 0.700416 0.427778 0.707351 0.444444 0.712899 0.475926 0.723994 0.507407 0.732316 0.544444 0.7364769999999999 0.555556 0.743412 0.564815 0.743412 0.572222 0.739251 0.575926 0.7378640000000001 0.583333 0.7378640000000001 0.603704 0.733703 0.627778 0.7281550000000001 0.637037 0.719834 0.67963 0.7115120000000001 0.701852 0.707351 0.707407 0.708738 0.718519 0.712899 0.716667 0.729542 0.727778 0.73509 0.738889 0.729542 0.764815 0.726768 0.792593 0.722607 0.805556 0.71706 0.812963 0.7142859999999999 0.842593 0.718447 0.842593 0.719834 0.846296 0.726768 0.848148 0.729542 0.851852 0.739251 0.85 0.740638 0.853704 0.7558949999999999 0.853704 0.7600550000000001 0.859259 0.764216 0.87037 0.7614420000000001 0.881481 0.7614420000000001 0.924074 0.765603 0.938889 0.7725379999999998 0.951852 0.785021 0.966667 0.796117 0.9759260000000001 0.807212 0.9796299999999999 0.819695 0.9888889999999999 0.837725 0.9888889999999999 0.847434 0.9944440000000001 0.848821 0.9981479999999999 0.8529820000000001 0.9981479999999999 0.8779469999999999 0.9851850000000001 0.886269 0.9703699999999998 0.9043000000000001 0.964815 0.916782 0.951852 0.9209430000000001 0.951852 0.9528430000000001 0.931481 0.9625520000000001 0.931481 0.966713 0.925926 0.972261 0.925926 0.977809 0.92037 0.981969 0.92037 0.991678 0.905556 0.9972259999999998 0.881481 0.998613 0.837037 0.990291 0.809259 0.969487 0.766667 0.98613 0.724074 0.988904 0.692593 0.976422 0.674074 0.959778 0.666667 0.955617 0.668519 0.940361 0.657407 0.933426 0.646296 0.933426 0.638889 0.943135 0.609259 0.943135 0.603704 0.9389739999999999 0.596296 0.9209430000000001 0.588889 0.8959779999999999 0.564815 0.8626910000000001 0.544444 0.833564 0.516667 0.82663 0.498148 0.822469 0.475926 0.803051 0.42037 0.800277 0.398148 0.791956 0.372222 0.789182 0.353704 0.776699 0.32037 0.7600550000000001 0.25 0.750347 0.227778 0.747573 0.211111 0.742025 0.198148 0.742025 0.188889 0.730929 0.159259 0.729542 0.148148 0.715673 0.116667 0.708738 0.109259 0.701803 0.107407 0.696255 0.098148
2 0.57975 0.018519 0.576976 0.014815 0.571429 0.014815 0.56172 0.02963 0.542302 0.05 0.527046 0.059259 0.50208 0.066667 0.478502 0.066667 0.474341 0.062963 0.466019 0.062963 0.450763 0.057407 0.435506 0.044444 0.416089 0.018519 0.41054100000000004 0.018519 0.407767 0.022222 0.407767 0.02963 0.417476 0.046296 0.427184 0.057407 0.42995800000000006 0.057407 0.442441 0.07037 0.446602 0.07037 0.453537 0.075926 0.467406 0.075926 0.47156700000000007 0.07963 0.509015 0.07963 0.535368 0.072222 0.557559 0.057407 0.578363 0.031481
7 0.682386 0.755556 0.675451 0.753704 0.67129 0.761111 0.629681 0.77037 0.524272 0.77963 0.446602 0.777778 0.421637 0.774074 0.41470199999999996 0.77037 0.395284 0.77037 0.385576 0.766667 0.337032 0.764815 0.325936 0.759259 0.319001 0.759259 0.316227 0.762963 0.316227 0.77037 0.321775 0.775926 0.32871 0.777778 0.353675 0.777778 0.380028 0.783333 0.407767 0.783333 0.4244109999999999 0.788889 0.45769799999999994 0.792593 0.535368 0.792593 0.578363 0.787037 0.646325 0.783333 0.682386 0.772222
2 0.597781 0.051852 0.588072 0.051852 0.572816 0.074074 0.545076 0.096296 0.531207 0.103704 0.510402 0.109259 0.48405 0.109259 0.453537 0.103704 0.434119 0.090741 0.41470199999999996 0.064815 0.40637999999999996 0.057407 0.395284 0.055556 0.39250999999999997 0.059259 0.39250999999999997 0.066667 0.40637999999999996 0.077778 0.418863 0.096296 0.428571 0.105556 0.445215 0.116667 0.475728 0.12222200000000001 0.521498 0.12222200000000001 0.553398 0.109259 0.574202 0.090741 0.576976 0.090741 0.597781 0.062963
2 0.679612 0.722222 0.672677 0.72037 0.669903 0.724074 0.644938 0.731481 0.570042 0.737037 0.546463 0.742593 0.4563110000000001 0.744444 0.441054 0.748148 0.425798 0.748148 0.380028 0.737037 0.36060999999999993 0.737037 0.356449 0.733333 0.34258 0.733333 0.331484 0.727778 0.321775 0.727778 0.317614 0.733333 0.317614 0.740741 0.334258 0.746296 0.37309299999999995 0.75 0.418863 0.761111 0.450763 0.761111 0.467406 0.757407 0.556172 0.755556 0.578363 0.75 0.654646 0.744444 0.664355 0.738889 0.679612 0.737037
6 0.294036 0.101852 0.291262 0.105556 0.291262 0.112963 0.294036 0.116667 0.29681 0.15 0.305132 0.196296 0.305132 0.224074 0.309293 0.255556 0.309293 0.287037 0.313454 0.316667 0.313454 0.362963 0.324549 0.364815 0.324549 0.309259 0.320388 0.277778 0.317614 0.225926 0.31484 0.212963 0.313454 0.17037 0.309293 0.155556 0.305132 0.109259 0.299584 0.101852
6 0.701803 0.096296 0.696255 0.096296 0.68932 0.105556 0.687933 0.12222200000000001 0.682386 0.137037 0.674064 0.181481 0.67129 0.211111 0.669903 0.287037 0.672677 0.327778 0.676838 0.340741 0.679612 0.372222 0.687933 0.372222 0.687933 0.340741 0.683773 0.32037 0.680999 0.27963 0.682386 0.218519 0.687933 0.17037 0.692094 0.157407 0.693481 0.142593 0.699029 0.133333 0.700416 0.114815 0.704577 0.107407 0.704577 0.1
6 0.152566 0.525926 0.152566 0.533333 0.163662 0.548148 0.195562 0.566667 0.208044 0.57037 0.21081799999999998 0.574074 0.224688 0.574074 0.231623 0.57963 0.242718 0.57963 0.249653 0.583333 0.263523 0.581481 0.263523 0.572222 0.260749 0.568519 0.238558 0.566667 0.231623 0.561111 0.217753 0.559259 0.178918 0.540741 0.169209 0.533333 0.162275 0.522222 0.15534 0.522222
7 0.04993100000000001 0.607407 0.051318 0.627778 0.079057 0.67037 0.097087 0.67963 0.11650500000000001 0.67963 0.126214 0.701852 0.14147 0.722222 0.159501 0.733333 0.177531 0.735185 0.20527 0.733333 0.21914 0.742593 0.245492 0.742593 0.271845 0.737037 0.294036 0.724074 0.292649 0.709259 0.28294 0.711111 0.276006 0.718519 0.262136 0.724074 0.235784 0.72963 0.227462 0.72963 0.209431 0.718519 0.196949 0.718519 0.192788 0.722222 0.165049 0.718519 0.149792 0.709259 0.135922 0.692593 0.127601 0.675926 0.126214 0.662963 0.102635 0.664815 0.085992 0.655556 0.06102599999999999 0.616667 0.059639 0.605556 0.05270500000000001 0.603704
7 0.006935 0.701852 0.006935 0.712963 0.012483 0.738889 0.020804 0.759259 0.051318 0.801852 0.07767 0.822222 0.087379 0.825926 0.102635 0.824074 0.102635 0.812963 0.092926 0.788889 0.09569999999999998 0.787037 0.108183 0.805556 0.112344 0.807407 0.12205300000000001 0.82037 0.148405 0.837037 0.169209 0.837037 0.18030499999999997 0.853704 0.20111 0.862963 0.235784 0.862963 0.260749 0.857407 0.267684 0.85 0.288488 0.846296 0.287101 0.831481 0.278779 0.831481 0.273232 0.835185 0.259362 0.837037 0.246879 0.844444 0.22884899999999997 0.848148 0.20111 0.846296 0.188627 0.840741 0.176144 0.822222 0.153953 0.822222 0.148405 0.816667 0.130374 0.807407 0.11650500000000001 0.792593 0.10540899999999999 0.775926 0.092926 0.766667 0.087379 0.766667 0.081831 0.772222 0.081831 0.792593 0.085992 0.805556 0.083218 0.807407 0.059639 0.788889 0.027739 0.744444 0.018031 0.701852 0.015257 0.698148 0.009709 0.698148
7 0.9459079999999999 0.601852 0.9362000000000001 0.601852 0.927878 0.618519 0.927878 0.624074 0.916782 0.640741 0.914008 0.640741 0.909847 0.646296 0.884882 0.657407 0.875173 0.657407 0.8626910000000001 0.677778 0.8363379999999999 0.707407 0.815534 0.714815 0.797503 0.714815 0.793343 0.711111 0.786408 0.711111 0.7794730000000001 0.718519 0.754508 0.725926 0.7378640000000001 0.724074 0.73509 0.72037 0.723994 0.716667 0.7115120000000001 0.705556 0.704577 0.705556 0.701803 0.709259 0.701803 0.716667 0.715673 0.72963 0.73509 0.738889 0.7697640000000001 0.738889 0.785021 0.733333 0.790569 0.727778 0.8210820000000001 0.72963 0.82663 0.725926 0.841886 0.724074 0.8460469999999999 0.716667 0.8529820000000001 0.712963 0.883495 0.672222 0.898752 0.67037 0.902913 0.664815 0.912621 0.662963 0.927878 0.65 0.937587 0.635185 0.9389739999999999 0.627778 0.9459079999999999 0.614815
7 0.9944520000000001 0.703704 0.9805830000000001 0.703704 0.976422 0.709259 0.977809 0.722222 0.969487 0.738889 0.966713 0.72963 0.959778 0.72963 0.941748 0.764815 0.9056869999999999 0.8 0.9043000000000001 0.796296 0.9112340000000001 0.781481 0.912621 0.762963 0.9043000000000001 0.761111 0.8945910000000001 0.772222 0.8876559999999999 0.787037 0.873786 0.803704 0.837725 0.822222 0.825243 0.825926 0.819695 0.822222 0.809986 0.822222 0.803051 0.82963 0.771151 0.842593 0.751734 0.842593 0.719834 0.82963 0.7115120000000001 0.82963 0.708738 0.833333 0.708738 0.840741 0.715673 0.846296 0.7461859999999999 0.857407 0.776699 0.857407 0.797503 0.85 0.8141469999999998 0.838889 0.8307910000000001 0.840741 0.8432730000000002 0.837037 0.869626 0.822222 0.873786 0.822222 0.8876559999999999 0.809259 0.89043 0.816667 0.9112340000000001 0.814815 0.950069 0.777778 0.959778 0.761111 0.972261 0.762963 0.9847430000000001 0.740741 0.9944520000000001 0.714815