0 0.664634 0.11035100000000002 0.639024 0.11120599999999999 0.631707 0.11377200000000001 0.615854 0.11377200000000001 0.602439 0.117194 0.589024 0.116339 0.576829 0.118905 0.52561 0.118905 0.514634 0.12403799999999998 0.487805 0.12318199999999999 0.482927 0.124893 0.379268 0.124893 0.358537 0.126604 0.332927 0.126604 0.32926799999999995 0.124893 0.281707 0.124893 0.278049 0.12232700000000002 0.25 0.12232700000000002 0.245122 0.130881 0.23536599999999996 0.137725 0.229268 0.144568 0.22438999999999998 0.155689 0.209756 0.175364 0.206098 0.185629 0.20243899999999998 0.18905 0.2 0.200171 0.195122 0.209581 0.192683 0.226689 0.190244 0.23182199999999997 0.191463 0.26775 0.19878 0.279726 0.20487800000000003 0.285714 0.209756 0.302823 0.223171 0.311377 0.23780500000000002 0.340462 0.245122 0.371257 0.245122 0.384089 0.247561 0.393499 0.24877999999999997 0.441403 0.243902 0.476476 0.239024 0.491018 0.239024 0.49615100000000006 0.23536599999999996 0.503849 0.259756 0.507271 0.269512 0.502139 0.296341 0.491873 0.302439 0.491018 0.313415 0.486741 0.32561 0.48503 0.332927 0.4816079999999999 0.347561 0.47818599999999994 0.418293 0.47733100000000006 0.447561 0.47134299999999996 0.458537 0.46621 0.478049 0.461078 0.515854 0.4602220000000001 0.52439 0.46193300000000004 0.542683 0.45509000000000005 0.559756 0.446536 0.571951 0.4448250000000001 0.589024 0.438837 0.60122 0.432849 0.6414629999999999 0.422583 0.656098 0.41574 0.6634149999999999 0.410607 0.670732 0.408041 0.684146 0.398631 0.689024 0.39692 0.685366 0.394354 0.685366 0.351583 0.689024 0.338751 0.692683 0.331908 0.695122 0.318221 0.703659 0.303678 0.72561 0.285714 0.726829 0.272027 0.7341460000000001 0.25834 0.7341460000000001 0.249786 0.739024 0.234388 0.739024 0.2284 0.731707 0.207015 0.731707 0.18734 0.726829 0.181352 0.720732 0.16852 0.7073169999999999 0.151411
5 0.753659 0.001711 0.7182929999999998 0.012831 0.7109759999999999 0.012831 0.6963409999999999 0.02053 0.692683 0.031651 0.684146 0.043627 0.682927 0.053892 0.678049 0.06244700000000001 0.676829 0.076133 0.670732 0.100941 0.6634149999999999 0.109495 0.667073 0.11035100000000002 0.667073 0.112062 0.671951 0.115483 0.678049 0.12318199999999999 0.692683 0.135158 0.703659 0.14799 0.708537 0.151411 0.721951 0.16852 0.728049 0.181352 0.731707 0.184773 0.732927 0.207015 0.740244 0.2284 0.7353659999999999 0.255774 0.75 0.254063 0.763415 0.25834 0.839024 0.257485 0.8475610000000001 0.254919 0.869512 0.24465400000000004 0.890244 0.226689 0.890244 0.21728 0.887805 0.213858 0.889024 0.210436 0.897561 0.204448 0.910976 0.190761 0.9195119999999999 0.174508 0.920732 0.136869 0.918293 0.127459 0.912195 0.11377200000000001 0.890244 0.076133 0.871951 0.05645900000000001 0.859756 0.038494 0.840244 0.019675 0.835366 0.017964 0.82561 0.011121 0.806098 0.002566 0.796341 0.000855
5 0.114634 0.016253 0.08902399999999999 0.023952 0.076829 0.031651 0.065854 0.041061 0.053659 0.053892 0.048780000000000004 0.064157 0.021951 0.102652 0.008537 0.130026 0.006097999999999999 0.143713 0.00122 0.153122 0 0.183062 0.007317 0.204448 0.021951 0.224979 0.035366 0.23695500000000003 0.039024 0.254063 0.063415 0.270317 0.07439 0.273738 0.091463 0.283148 0.1 0.283148 0.114634 0.285714 0.139024 0.284859 0.160976 0.285714 0.168293 0.287425 0.197561 0.28657 0.196341 0.281437 0.19878 0.280582 0.18902400000000003 0.264328 0.18902400000000003 0.23182199999999997 0.191463 0.226689 0.193902 0.209581 0.19878 0.200171 0.20122 0.18905 0.20487800000000003 0.185629 0.208537 0.175364 0.223171 0.155689 0.228049 0.144568 0.234146 0.137725 0.243902 0.130881 0.246341 0.124893 0.243902 0.12403799999999998 0.24877999999999997 0.120616 0.243902 0.112062 0.234146 0.075278 0.21585400000000002 0.036784 0.20243899999999998 0.027374 0.192683 0.026518 0.181707 0.022241 0.169512 0.022241 0.152439 0.017109
4 0.719512 0.404619 0.702439 0.398631 0.687805 0.397776 0.670732 0.408896 0.6634149999999999 0.411463 0.656098 0.416595 0.6414629999999999 0.423439 0.60122 0.433704 0.589024 0.439692 0.571951 0.44567999999999997 0.559756 0.44739100000000004 0.542683 0.45594499999999993 0.52439 0.46278900000000006 0.515854 0.461078 0.478049 0.46193300000000004 0.458537 0.467066 0.447561 0.472198 0.418293 0.47818599999999994 0.347561 0.47904199999999997 0.332927 0.482464 0.32561 0.48588499999999996 0.320732 0.48588499999999996 0.296341 0.492729 0.27561 0.500428 0.259756 0.508127 0.234146 0.504705 0.22682900000000003 0.519247 0.22561 0.526091 0.223171 0.526091 0.221951 0.531223 0.212195 0.540633 0.20487800000000003 0.552609 0.18048799999999998 0.580838 0.173171 0.594525 0.16707300000000003 0.599658 0.15853700000000004 0.6142 0.147561 0.626176 0.147561 0.631309 0.15122 0.637297 0.168293 0.640719 0.170732 0.642429 0.170732 0.646707 0.17560999999999996 0.654405 0.16463399999999997 0.67237 0.162195 0.686912 0.153659 0.709153 0.153659 0.721129 0.14878 0.729683 0.139024 0.756202 0.139024 0.767322 0.131707 0.785287 0.131707 0.798118 0.126829 0.804962 0.126829 0.818648 0.121951 0.83148 0.121951 0.845167 0.119512 0.850299 0.118293 0.868263 0.115854 0.872541 0.115854 0.911035 0.118293 0.916168 0.120732 0.9426859999999999 0.12438999999999999 0.9538070000000001 0.128049 0.958939 0.135366 0.964072 0.154878 0.9709149999999999 0.187805 0.971771 0.197561 0.974337 0.208537 0.9794700000000001 0.21585400000000002 0.9803250000000001 0.228049 0.985458 0.254878 0.989735 0.265854 0.9880240000000001 0.281707 0.9880240000000001 0.29878 0.9905900000000001 0.396341 0.9905900000000001 0.414634 0.9880240000000001 0.447561 0.9880240000000001 0.463415 0.993157 0.491463 0.993157 0.5 0.9905900000000001 0.537805 0.988879 0.55 0.9863129999999999 0.603659 0.9863129999999999 0.619512 0.9880240000000001 0.626829 0.994867 0.634146 0.9982890000000001 0.643902 0.996578 0.7182929999999998 0.997434 0.728049 0.996578 0.732927 0.992301 0.739024 0.989735 0.759756 0.989735 0.769512 0.9871690000000001 0.804878 0.988879 0.8304880000000001 0.98118 0.8743900000000001 0.98118 0.889024 0.985458 0.9024389999999999 0.9871690000000001 0.923171 0.9863129999999999 0.931707 0.98118 0.939024 0.9726260000000001 0.941463 0.966638 0.945122 0.9461080000000001 0.945122 0.852866 0.95 0.840034 0.962195 0.823781 0.965854 0.816082 0.965854 0.80154 0.9609759999999999 0.792985 0.9609759999999999 0.784431 0.958537 0.781009 0.956098 0.760479 0.958537 0.757057 0.958537 0.751069 0.967073 0.74337 0.981707 0.742515 0.993902 0.739949 0.997561 0.737382 0.997561 0.715141 0.990244 0.700599 0.976829 0.680924 0.92439 0.626176 0.920732 0.620188 0.9 0.601369 0.889024 0.585971 0.841463 0.538922 0.821951 0.513259 0.793902 0.484175 0.7890240000000001 0.47733100000000006 0.7890240000000001 0.474765 0.785366 0.472198 0.782927 0.467066 0.779268 0.46449999999999997 0.770732 0.452524 0.769512 0.4482459999999999 0.758537 0.437981 0.757317 0.434559 0.741463 0.420017
2 0.67561 0.10864 0.664634 0.103507 0.658537 0.103507 0.65 0.106929 0.632927 0.10864 0.629268 0.11035100000000002 0.579268 0.11035100000000002 0.562195 0.11377200000000001 0.530488 0.115483 0.526829 0.117194 0.504878 0.117194 0.50122 0.118905 0.456098 0.118905 0.45122 0.120616 0.435366 0.120616 0.429268 0.12232700000000002 0.393902 0.12232700000000002 0.38780500000000007 0.12403799999999998 0.359756 0.12403799999999998 0.353659 0.12232700000000002 0.326829 0.12232700000000002 0.321951 0.120616 0.307317 0.120616 0.30122 0.118905 0.286585 0.118905 0.27561 0.117194 0.25122 0.117194 0.245122 0.120616 0.243902 0.126604 0.24877999999999997 0.130881 0.290244 0.132592 0.296341 0.134303 0.312195 0.134303 0.317073 0.136014 0.342683 0.136014 0.34878 0.137725 0.3987800000000001 0.137725 0.403659 0.136014 0.440244 0.136014 0.446341 0.134303 0.460976 0.134303 0.465854 0.132592 0.509756 0.132592 0.513415 0.130881 0.536585 0.130881 0.539024 0.12917 0.554878 0.12917 0.585366 0.124893 0.636585 0.124893 0.640244 0.12318199999999999 0.647561 0.12318199999999999 0.65122 0.121471 0.659756 0.121471 0.6634149999999999 0.11975999999999999 0.671951 0.118905 0.67561 0.116339
7 0.697561 0.396065 0.6902440000000001 0.390932 0.671951 0.390932 0.657317 0.402053 0.653659 0.402908 0.634146 0.41574 0.621951 0.418306 0.615854 0.422583 0.603659 0.426005 0.596341 0.430282 0.570732 0.43627 0.556098 0.443114 0.542683 0.443969 0.534146 0.4482459999999999 0.521951 0.450813 0.512195 0.450813 0.508537 0.452524 0.49878 0.452524 0.484146 0.45594499999999993 0.476829 0.45594499999999993 0.473171 0.457656 0.458537 0.457656 0.429268 0.46364399999999995 0.396341 0.46364399999999995 0.38292699999999996 0.467066 0.369512 0.467066 0.353659 0.4704880000000001 0.343902 0.4704880000000001 0.320732 0.47818599999999994 0.292683 0.48503 0.276829 0.491873 0.273171 0.491873 0.259756 0.49700599999999995 0.236585 0.502994 0.231707 0.507271 0.231707 0.511548 0.236585 0.515825 0.246341 0.516681 0.276829 0.507271 0.286585 0.50556 0.302439 0.498717 0.3512199999999999 0.48503 0.359756 0.48503 0.3768290000000001 0.4816079999999999 0.38902400000000004 0.4816079999999999 0.402439 0.47818599999999994 0.435366 0.47818599999999994 0.47073199999999993 0.47134299999999996 0.482927 0.47134299999999996 0.496341 0.467921 0.517073 0.46621 0.520732 0.46449999999999997 0.531707 0.46449999999999997 0.540244 0.46278900000000006 0.54878 0.4585119999999999 0.562195 0.457656 0.57439 0.451668 0.606098 0.443969 0.614634 0.439692 0.621951 0.437981 0.634146 0.431138 0.647561 0.427716 0.673171 0.411463 0.692683 0.404619 0.697561 0.400342
2 0.21341499999999997 0.307956 0.220732 0.313088 0.273171 0.311377 0.331707 0.301967 0.346341 0.29769 0.359756 0.29769 0.3731709999999999 0.294269 0.380488 0.294269 0.384146 0.292558 0.41585399999999995 0.289136 0.42682899999999996 0.284859 0.44268300000000005 0.283148 0.45122 0.279726 0.47439 0.281437 0.482927 0.284859 0.504878 0.284859 0.521951 0.288281 0.532927 0.288281 0.557317 0.291702 0.603659 0.292558 0.623171 0.295979 0.662195 0.295979 0.667073 0.29769 0.719512 0.29769 0.72561 0.293413 0.72561 0.285714 0.717073 0.280582 0.7109759999999999 0.280582 0.704878 0.284003 0.676829 0.284003 0.671951 0.282293 0.636585 0.282293 0.613415 0.278871 0.545122 0.275449 0.510976 0.270317 0.490244 0.270317 0.48048799999999997 0.266895 0.471951 0.266895 0.467073 0.265184 0.443902 0.265184 0.43170700000000006 0.269461 0.42073200000000005 0.270317 0.40975600000000006 0.274594 0.384146 0.27716 0.34878 0.284003 0.336585 0.284003 0.32561 0.287425 0.267073 0.296835 0.220732 0.298546 0.214634 0.301967
1 0.143902 0.627887 0.143902 0.632164 0.14878 0.636441 0.18902400000000003 0.652695 0.253659 0.663815 0.290244 0.668092 0.29878 0.671514 0.302439 0.671514 0.304878 0.680068 0.320732 0.691189 0.33414600000000005 0.698033 0.34024399999999994 0.698033 0.369512 0.704876 0.381707 0.704876 0.423171 0.711719 0.441463 0.711719 0.482927 0.716852 0.508537 0.717707 0.513415 0.719418 0.514634 0.728828 0.52439 0.734816 0.534146 0.738238 0.571951 0.738238 0.579268 0.736527 0.602439 0.735672 0.618293 0.731394 0.681707 0.729683 0.689024 0.727973 0.702439 0.727973 0.704878 0.733961 0.708537 0.736527 0.714634 0.736527 0.717073 0.738238 0.828049 0.738238 0.8365850000000001 0.736527 0.853659 0.736527 0.856098 0.74166 0.862195 0.745081 0.897561 0.745081 0.915854 0.742515 0.9292680000000001 0.738238 0.969512 0.738238 0.971951 0.739949 0.9951220000000001 0.739949 0.99878 0.737382 0.99878 0.729683 0.991463 0.724551 0.9195119999999999 0.724551 0.9134149999999999 0.727117 0.8914629999999999 0.730539 0.881707 0.730539 0.8756099999999999 0.725406 0.869512 0.72284 0.823171 0.72284 0.814634 0.724551 0.732927 0.724551 0.732927 0.717707 0.72561 0.712575 0.706098 0.712575 0.69878 0.714286 0.676829 0.714286 0.665854 0.715997 0.640244 0.715997 0.629268 0.717707 0.608537 0.717707 0.596341 0.721129 0.57439 0.721985 0.558537 0.724551 0.543902 0.724551 0.535366 0.721129 0.535366 0.714286 0.532927 0.709153 0.526829 0.705731 0.508537 0.70231 0.490244 0.70231 0.447561 0.697177 0.429268 0.697177 0.40122 0.692044 0.369512 0.689478 0.35 0.684346 0.343902 0.684346 0.336585 0.678358 0.332927 0.677502 0.32561 0.67237 0.32561 0.663815 0.314634 0.657827 0.307317 0.657827 0.29878 0.654405 0.292683 0.654405 0.284146 0.651839 0.270732 0.650984 0.19878 0.639008 0.15853700000000004 0.622754 0.15122 0.622754
1 0.15853700000000004 0.709153 0.159756 0.715141 0.186585 0.731394 0.21585400000000002 0.742515 0.25122 0.751925 0.269512 0.751925 0.290244 0.746792 0.312195 0.749358 0.313415 0.761334 0.315854 0.764756 0.326829 0.7716 0.34512200000000004 0.7716 0.3731709999999999 0.766467 0.392683 0.766467 0.3987800000000001 0.769033 0.410976 0.770744 0.421951 0.775877 0.421951 0.793841 0.429268 0.799829 0.45365900000000003 0.799829 0.48048799999999997 0.794696 0.4926829999999999 0.794696 0.514634 0.799829 0.521951 0.804962 0.541463 0.811805 0.54878 0.811805 0.553659 0.813516 0.568293 0.81266 0.595122 0.825492 0.608537 0.829769 0.619512 0.838323 0.637805 0.838323 0.653659 0.841745 0.664634 0.846022 0.670732 0.846878 0.6804879999999999 0.85201 0.685366 0.85201 0.691463 0.855432 0.704878 0.855432 0.7109759999999999 0.853721 0.715854 0.850299 0.720732 0.843456 0.7378050000000002 0.846022 0.747561 0.850299 0.758537 0.850299 0.7646340000000001 0.85201 0.804878 0.85201 0.8097559999999999 0.850299 0.815854 0.850299 0.823171 0.846878 0.828049 0.846878 0.831707 0.845167 0.852439 0.845167 0.857317 0.843456 0.862195 0.843456 0.873171 0.846878 0.880488 0.846878 0.890244 0.850299 0.9 0.850299 0.906098 0.85201 0.92561 0.85201 0.943902 0.845167 0.95 0.845167 0.956098 0.841745 0.956098 0.832335 0.95 0.828914 0.941463 0.828914 0.9195119999999999 0.837468 0.896341 0.835757 0.887805 0.832335 0.879268 0.832335 0.868293 0.828914 0.82439 0.830624 0.7987799999999999 0.837468 0.770732 0.837468 0.7646340000000001 0.835757 0.7548779999999999 0.835757 0.740244 0.830624 0.732927 0.830624 0.728049 0.828914 0.7109759999999999 0.828914 0.704878 0.832335 0.7 0.839179 0.697561 0.840034 0.660976 0.827203 0.647561 0.824636 0.630488 0.824636 0.623171 0.817793 0.608537 0.813516 0.576829 0.798118 0.563415 0.797263 0.559756 0.798973 0.554878 0.797263 0.54878 0.797263 0.534146 0.79213 0.528049 0.787853 0.514634 0.783576 0.50122 0.781009 0.47073199999999993 0.781009 0.446341 0.785287 0.445122 0.776732 0.441463 0.769033 0.43170700000000006 0.761334 0.42073200000000005 0.757057 0.40487799999999996 0.754491 0.40122 0.75278 0.36219499999999993 0.75278 0.336585 0.757057 0.332927 0.755346 0.332927 0.740804 0.321951 0.735672 0.302439 0.73225 0.284146 0.73225 0.276829 0.734816 0.257317 0.737382 0.212195 0.724551 0.196341 0.717707 0.171951 0.704021 0.163415 0.704876
1 0.110976 0.95124 0.11219499999999999 0.9572280000000001 0.139024 0.971771 0.17439 0.9786139999999999 0.193902 0.9786139999999999 0.21341499999999997 0.984602 0.228049 0.992301 0.234146 0.992301 0.23780500000000002 0.9940119999999999 0.30122 0.992301 0.32561 0.996578 0.3768290000000001 0.996578 0.385366 0.9940119999999999 0.396341 0.9940119999999999 0.402439 0.992301 0.430488 0.992301 0.43780499999999994 0.9940119999999999 0.456098 0.994867 0.45975599999999994 0.996578 0.469512 0.996578 0.47439 0.9982890000000001 0.523171 0.9982890000000001 0.537805 0.994867 0.559756 0.992301 0.607317 0.992301 0.615854 0.9982890000000001 0.620732 0.999145 0.742683 0.999145 0.758537 0.9982890000000001 0.776829 0.9940119999999999 0.826829 0.9940119999999999 0.8304880000000001 0.992301 0.840244 0.9914459999999999 0.85 0.984602 0.856098 0.9828910000000001 0.876829 0.9871690000000001 0.887805 0.992301 0.912195 0.992301 0.917073 0.9905900000000001 0.92439 0.9905900000000001 0.935366 0.9863129999999999 0.935366 0.98118 0.939024 0.973482 0.943902 0.969204 0.939024 0.969204 0.928049 0.9726260000000001 0.921951 0.9726260000000001 0.915854 0.9760479999999999 0.909756 0.9760479999999999 0.906098 0.977759 0.893902 0.977759 0.876829 0.9709149999999999 0.862195 0.967494 0.853659 0.967494 0.839024 0.971771 0.8304880000000001 0.977759 0.823171 0.977759 0.8195120000000001 0.9794700000000001 0.791463 0.9794700000000001 0.787805 0.977759 0.7817070000000002 0.977759 0.778049 0.9794700000000001 0.770732 0.9794700000000001 0.767073 0.98118 0.747561 0.984602 0.7353659999999999 0.984602 0.72561 0.9880240000000001 0.714634 0.989735 0.6804879999999999 0.9914459999999999 0.67439 0.989735 0.637805 0.9880240000000001 0.626829 0.984602 0.621951 0.9803250000000001 0.614634 0.977759 0.553659 0.977759 0.526829 0.98118 0.512195 0.984602 0.484146 0.984602 0.479268 0.9828910000000001 0.469512 0.9828910000000001 0.46463400000000005 0.98118 0.436585 0.977759 0.396341 0.977759 0.390244 0.9794700000000001 0.379268 0.9794700000000001 0.37561 0.98118 0.363415 0.9828910000000001 0.336585 0.9828910000000001 0.307317 0.977759 0.265854 0.977759 0.258537 0.9794700000000001 0.245122 0.9794700000000001 0.241463 0.977759 0.23536599999999996 0.977759 0.22682900000000003 0.9726260000000001 0.2 0.964072 0.18048799999999998 0.964072 0.154878 0.959795 0.145122 0.956373 0.12561 0.9461080000000001 0.118293 0.9461080000000001
6 0.214634 0.026518 0.208537 0.026518 0.20243899999999998 0.029939999999999998 0.20122 0.037639 0.21341499999999997 0.071856 0.21341499999999997 0.079555 0.218293 0.088109 0.218293 0.094098 0.231707 0.120616 0.231707 0.126604 0.22682900000000003 0.135158 0.22561 0.144568 0.219512 0.151411 0.197561 0.194183 0.191463 0.201882 0.191463 0.20787 0.18902400000000003 0.210436 0.18902400000000003 0.219846 0.186585 0.22241199999999997 0.186585 0.24465400000000004 0.184146 0.24722 0.184146 0.260051 0.18902400000000003 0.264328 0.20243899999999998 0.264328 0.207317 0.260051 0.207317 0.226689 0.209756 0.22412299999999996 0.209756 0.214713 0.212195 0.212147 0.212195 0.207015 0.218293 0.19846 0.221951 0.18905 0.228049 0.181352 0.24024399999999999 0.155689 0.246341 0.149701 0.247561 0.140291 0.252439 0.133447 0.252439 0.11462799999999998 0.23780500000000002 0.088109 0.23780500000000002 0.081266 0.232927 0.072712 0.232927 0.064157 0.230488 0.06159099999999999 0.223171 0.034217 0.220732 0.029939999999999998
6 0.7012200000000001 0.013687 0.692683 0.019675 0.686585 0.033362 0.684146 0.044482 0.670732 0.071001 0.670732 0.074423 0.667073 0.080411 0.667073 0.085543 0.664634 0.088965 0.664634 0.094953 0.662195 0.097519 0.662195 0.11120599999999999 0.665854 0.116339 0.671951 0.120616 0.67561 0.128315 0.681707 0.132592 0.684146 0.139435 0.684146 0.147134 0.691463 0.153122 0.69878 0.164243 0.703659 0.167665 0.708537 0.174508 0.709756 0.179641 0.721951 0.194183 0.721951 0.203593 0.726829 0.211292 0.726829 0.2284 0.721951 0.233533 0.721951 0.23781 0.726829 0.242087 0.736585 0.242943 0.747561 0.23524400000000004 0.747561 0.206159 0.742683 0.19846 0.742683 0.189906 0.7341460000000001 0.179641 0.723171 0.160821 0.717073 0.156544 0.708537 0.143713 0.704878 0.141146 0.702439 0.128315 0.682927 0.105218 0.687805 0.084688 0.706098 0.045338 0.706098 0.040205 0.713415 0.025663 0.713415 0.017109 0.7073169999999999 0.013687