0 0.422566 0.107358 0.371681 0.12183399999999998 0.347345 0.13269 0.338496 0.141134 0.33628300000000005 0.147165 0.34292 0.156815 0.34292 0.188179 0.329646 0.211098 0.347345 0.226779 0.3606190000000001 0.243667 0.369469 0.261761 0.369469 0.282268 0.36283199999999993 0.289505 0.353982 0.291918 0.3606190000000001 0.293124 0.376106 0.289505 0.39823 0.289505 0.420354 0.293124 0.466814 0.306393 0.484513 0.308806 0.517699 0.324487 0.526549 0.325694 0.561947 0.343788 0.573009 0.337756 0.584071 0.3269 0.654867 0.289505 0.64823 0.285887 0.6438049999999998 0.273824 0.646018 0.220748 0.650442 0.21712899999999996 0.650442 0.208685 0.659292 0.195416 0.663717 0.180941 0.6725660000000001 0.168878 0.6725660000000001 0.135103 0.665929 0.130277 0.663717 0.12304 0.64823 0.114596 0.637168 0.114596 0.6238940000000001 0.108565 0.6061950000000002 0.109771 0.581858 0.11942100000000001 0.557522 0.135103 0.542035 0.141134 0.524336 0.141134 0.475664 0.120627 0.429204 0.107358
5 0.20354 0.115802 0.20354 0.129071 0.199115 0.133896 0.165929 0.15199 0.165929 0.154403 0.15486700000000003 0.161641 0.15486700000000003 0.17249699999999998 0.168142 0.199035 0.188053 0.208685 0.214602 0.215923 0.24115 0.215923 0.24778800000000004 0.219542 0.25885 0.219542 0.263274 0.21712899999999996 0.30531 0.21712899999999996 0.316372 0.21351000000000003 0.329646 0.21351000000000003 0.327434 0.211098 0.340708 0.188179 0.340708 0.156815 0.334071 0.147165 0.340708 0.136309 0.329646 0.137515 0.323009 0.133896 0.320796 0.125452 0.294248 0.126659 0.28539800000000004 0.124246 0.280973 0.129071 0.272124 0.131484 0.25885 0.124246 0.25 0.125452 0.24115 0.11942100000000001 0.234513 0.11942100000000001 0.225664 0.12304 0.219027 0.129071 0.210177 0.117008
4 0.110619 0.68275 0.12389400000000002 0.683957 0.112832 0.681544 0 0.560917 0.002212 0.569361 0.013274 0.581423 0.039823 0.597105 0.042034999999999996 0.60193 0.048673 0.605549 0.110619 0.623643 0.121681 0.623643 0.134956 0.620024 0.159292 0.638118 0.19469 0.640531 0.236726 0.648975 0.25 0.648975 0.261062 0.6513869999999999 0.272124 0.64415 0.278761 0.64415 0.292035 0.6513869999999999 0.307522 0.655006 0.314159 0.658625 0.345133 0.657419 0.356195 0.661037 0.384956 0.661037 0.396018 0.652593 0.402655 0.652593 0.462389 0.6706879999999998 0.484513 0.669481 0.495575 0.661037 0.528761 0.667069 0.557522 0.667069 0.566372 0.664656 0.612832 0.665862 0.637168 0.6622440000000002 0.65708 0.6562120000000001 0.668142 0.657419 0.6792039999999999 0.665862 0.712389 0.659831 0.730088 0.658625 0.736726 0.6562120000000001 0.7743360000000001 0.652593 0.7743360000000001 0.647768 0.803097 0.634499 0.809735 0.633293 0.8207960000000001 0.638118 0.831858 0.638118 0.865044 0.624849 0.884956 0.623643 0.913717 0.610374 0.938053 0.610374 0.99115 0.581423 0.997788 0.571773 0.9955749999999999 0.568154 0.969027 0.553679 0.966814 0.541616 0.946903 0.528347 0.938053 0.509047 0.9225660000000001 0.493366 0.862832 0.453559 0.84292 0.4342579999999999 0.809735 0.410133 0.785398 0.396864 0.765487 0.377563 0.734513 0.360676 0.732301 0.3510249999999999 0.74115 0.3462 0.756637 0.34499399999999997 0.75885 0.342581 0.756637 0.33655 0.7455749999999999 0.330519 0.7455749999999999 0.3269 0.756637 0.318456 0.756637 0.313631 0.752212 0.31121800000000005 0.734513 0.308806 0.712389 0.300362 0.663717 0.291918 0.661504 0.293124 0.654867 0.290712 0.586283 0.3269 0.575221 0.337756 0.561947 0.34499399999999997 0.526549 0.3269 0.517699 0.325694 0.484513 0.310012 0.466814 0.3076 0.420354 0.294331 0.39823 0.290712 0.376106 0.290712 0.3606190000000001 0.294331 0.35177 0.291918 0.347345 0.294331 0.307522 0.300362 0.263274 0.31242500000000006 0.261062 0.318456 0.269912 0.324487 0.269912 0.341375 0.278761 0.348613 0.265487 0.35584999999999994 0.230088 0.369119 0.121681 0.430639 0.079646 0.463209 0.064159 0.480097 0.04646 0.492159 0.030973 0.509047 0.028761 0.523522 0.022124000000000005 0.529554 0.00885 0.535585 0.00885 0.554885
1 0.488938 0.314837 0.484513 0.31242500000000006 0.475664 0.31242500000000006 0.466814 0.31725 0.455752 0.330519 0.431416 0.342581 0.415929 0.354644 0.404867 0.334138 0.39823 0.330519 0.380531 0.330519 0.365044 0.342581 0.345133 0.35223199999999993 0.345133 0.322075 0.338496 0.318456 0.329646 0.318456 0.31194700000000003 0.3269 0.298673 0.329312 0.276549 0.329312 0.272124 0.331725 0.272124 0.33655 0.276549 0.338963 0.307522 0.338963 0.323009 0.3353439999999999 0.325221 0.361882 0.329646 0.364294 0.349558 0.364294 0.36283199999999993 0.359469 0.38716800000000007 0.343788 0.391593 0.3462 0.396018 0.361882 0.404867 0.369119 0.420354 0.369119 0.446903 0.349819 0.4690270000000001 0.338963 0.488938 0.319662
1 0.761062 0.313631 0.756637 0.31121800000000005 0.7455749999999999 0.31121800000000005 0.732301 0.320869 0.730088 0.33655 0.723451 0.337756 0.716814 0.3353439999999999 0.701327 0.3353439999999999 0.696903 0.337756 0.692478 0.3510249999999999 0.654867 0.3353439999999999 0.621681 0.318456 0.612832 0.318456 0.608407 0.320869 0.608407 0.325694 0.696903 0.369119 0.710177 0.369119 0.714602 0.366707 0.712389 0.348613 0.736726 0.348613 0.7455749999999999 0.34499399999999997 0.75 0.325694 0.761062 0.318456
1 0.493363 0.31725 0.484513 0.313631 0.475664 0.313631 0.471239 0.3160430000000001 0.473451 0.325694 0.457965 0.3510249999999999 0.449115 0.382388 0.440265 0.39445100000000005 0.440265 0.401689 0.396018 0.462002 0.356195 0.495778 0.30531 0.528347 0.263274 0.541616 0.207965 0.55006 0.174779 0.551267 0.168142 0.546441 0.168142 0.531966 0.163717 0.529554 0.134956 0.528347 0.095133 0.519903 0.079646 0.518697 0.059735 0.513872 0.048673 0.505428 0.039823 0.505428 0.035398 0.507841 0.035398 0.513872 0.048673 0.523522 0.070796 0.528347 0.086283 0.529554 0.126106 0.537998 0.14823 0.537998 0.152655 0.554885 0.163717 0.560917 0.205752 0.560917 0.272124 0.551267 0.309735 0.54041 0.329646 0.53076 0.3606190000000001 0.510253 0.400442 0.480097 0.41371699999999995 0.466828 0.457965 0.40651400000000004 0.457965 0.3992760000000001 0.466814 0.387214 0.475664 0.35584999999999994 0.49115 0.330519
1 0.630531 0.329312 0.6261059999999999 0.331725 0.6261059999999999 0.337756 0.64823 0.37877000000000005 0.670354 0.412545 0.681416 0.435464 0.690265 0.442702 0.710177 0.47768400000000005 0.7256639999999999 0.49457200000000007 0.756637 0.51146 0.816372 0.53076 0.829646 0.537998 0.865044 0.55006 0.878319 0.55006 0.882743 0.547648 0.882743 0.54041 0.887168 0.537998 0.915929 0.537998 0.933628 0.53076 0.9491149999999999 0.519903 0.9491149999999999 0.512666 0.94469 0.510253 0.935841 0.510253 0.926991 0.518697 0.904867 0.528347 0.878319 0.528347 0.869469 0.53076 0.862832 0.536791 0.845133 0.53076 0.829646 0.522316 0.769912 0.503016 0.74115 0.487334 0.7256639999999999 0.46924 0.707965 0.437877 0.6991149999999999 0.430639 0.646018 0.334138 0.639381 0.329312
1 0.466814 0.308806 0.457965 0.318456 0.457965 0.330519 0.449115 0.348613 0.449115 0.358263 0.440265 0.379976 0.440265 0.39445100000000005 0.431416 0.419783 0.426991 0.55006 0.431416 0.552473 0.440265 0.552473 0.449115 0.547648 0.455752 0.547648 0.4690270000000001 0.541616 0.504425 0.533172 0.515487 0.528347 0.522124 0.528347 0.581858 0.571773 0.610619 0.572979 0.6238940000000001 0.566948 0.634956 0.551267 0.64823 0.542823 0.668142 0.522316 0.685841 0.528347 0.6991149999999999 0.537998 0.719027 0.539204 0.727876 0.535585 0.723451 0.517491 0.714602 0.503016 0.714602 0.49457200000000007 0.705752 0.481303 0.70354 0.455971 0.696903 0.446321 0.685841 0.414958 0.674779 0.400483 0.670354 0.383595 0.6526550000000001 0.35223199999999993 0.6438049999999998 0.32328100000000004 0.639381 0.320869 0.628319 0.320869 0.6238940000000001 0.32328100000000004 0.6238940000000001 0.32810600000000006 0.632743 0.343788 0.634956 0.35705699999999996 0.6526550000000001 0.38842 0.65708 0.405308 0.668142 0.419783 0.670354 0.430639 0.676991 0.43908299999999995 0.6792039999999999 0.451146 0.688053 0.466828 0.688053 0.486128 0.696903 0.499397 0.696903 0.507841 0.70354 0.519903 0.701327 0.52111 0.681416 0.513872 0.6725660000000001 0.506634 0.663717 0.506634 0.64823 0.517491 0.646018 0.523522 0.634956 0.53076 0.630531 0.537998 0.617257 0.546441 0.608407 0.558504 0.5973449999999999 0.563329 0.559735 0.539204 0.539823 0.522316 0.524336 0.516285 0.515487 0.516285 0.5 0.519903 0.49115 0.524729 0.446903 0.536791 0.44469 0.535585 0.449115 0.487334 0.449115 0.424608 0.457965 0.3992760000000001 0.457965 0.384801 0.462389 0.37877000000000005 0.466814 0.353438 0.475664 0.3353439999999999 0.475664 0.32328100000000004 0.480088 0.318456 0.480088 0.31121800000000005 0.475664 0.308806
1 0.004425 0.544029 0.004425 0.55006 0.00885 0.552473 0.017699 0.552473 0.053097 0.575392 0.077434 0.575392 0.103982 0.587455 0.115044 0.587455 0.121681 0.581423 0.143805 0.595899 0.165929 0.603136 0.185841 0.603136 0.192478 0.595899 0.214602 0.607961 0.238938 0.615199 0.252212 0.615199 0.263274 0.607961 0.280973 0.613993 0.29646 0.616405 0.316372 0.616405 0.320796 0.613993 0.327434 0.613993 0.365044 0.623643 0.3893809999999999 0.623643 0.396018 0.616405 0.411504 0.620024 0.429204 0.62123 0.440265 0.624849 0.46460199999999996 0.624849 0.4690270000000001 0.622437 0.50885 0.626055 0.542035 0.626055 0.548673 0.622437 0.573009 0.624849 0.615044 0.624849 0.621681 0.620024 0.668142 0.620024 0.692478 0.617612 0.6991149999999999 0.612786 0.721239 0.609168 0.730088 0.615199 0.7455749999999999 0.615199 0.7743360000000001 0.61158 0.80531 0.604343 0.834071 0.603136 0.887168 0.581423 0.909292 0.576598 0.940265 0.562123 0.951327 0.560917 0.971239 0.553679 0.971239 0.547648 0.966814 0.545235 0.957965 0.545235 0.951327 0.548854 0.931416 0.552473 0.89823 0.566948 0.8738940000000001 0.572979 0.831858 0.591074 0.79646 0.594692 0.765487 0.60193 0.75 0.603136 0.736726 0.598311 0.719027 0.598311 0.690265 0.603136 0.6725660000000001 0.609168 0.608407 0.610374 0.599558 0.615199 0.561947 0.613993 0.535398 0.610374 0.519912 0.610374 0.513274 0.615199 0.502212 0.615199 0.466814 0.610374 0.44469 0.610374 0.440265 0.612786 0.391593 0.604343 0.373894 0.604343 0.369469 0.606755 0.367257 0.612786 0.327434 0.603136 0.320796 0.599517 0.309735 0.599517 0.300885 0.605549 0.289823 0.604343 0.256637 0.591074 0.243363 0.591074 0.238938 0.593486 0.236726 0.603136 0.207965 0.588661 0.18141599999999997 0.580217 0.172566 0.580217 0.168142 0.58263 0.165929 0.591074 0.115044 0.562123 0.10177 0.562123 0.095133 0.568154 0.075221 0.558504 0.066372 0.558504 0.059735 0.563329 0.028761 0.541616 0.011062000000000002 0.539204
1 0 0.557298 0 0.569361 0.011062000000000002 0.583836 0.024336 0.595899 0.066372 0.6188180000000001 0.079646 0.617612 0.103982 0.627262 0.126106 0.632087 0.14823 0.630881 0.163717 0.636912 0.183628 0.640531 0.223451 0.652593 0.25 0.6562120000000001 0.269912 0.6562120000000001 0.276549 0.652593 0.303097 0.6622440000000002 0.338496 0.668275 0.371681 0.668275 0.378319 0.66345 0.404867 0.66345 0.451327 0.6706879999999998 0.4690270000000001 0.6706879999999998 0.475664 0.667069 0.484513 0.669481 0.530973 0.669481 0.539823 0.667069 0.54646 0.6622440000000002 0.581858 0.665862 0.612832 0.664656 0.6438049999999998 0.6538 0.650442 0.6538 0.668142 0.659831 0.692478 0.659831 0.716814 0.6538 0.730088 0.658625 0.75 0.658625 0.769912 0.650181 0.785398 0.650181 0.79646 0.647768 0.831858 0.634499 0.85177 0.633293 0.871681 0.626055 0.89823 0.62123 0.918142 0.61158 0.9225660000000001 0.61158 0.969027 0.593486 0.997788 0.579011 0.997788 0.570567 0.986726 0.569361 0.951327 0.587455 0.933628 0.59228 0.913717 0.60193 0.904867 0.603136 0.884956 0.612786 0.862832 0.616405 0.84292 0.623643 0.823009 0.624849 0.783186 0.639324 0.761062 0.639324 0.74115 0.648975 0.7256639999999999 0.642943 0.714602 0.642943 0.683628 0.650181 0.670354 0.648975 0.659292 0.64415 0.639381 0.642943 0.610619 0.6538 0.595133 0.6562120000000001 0.557522 0.6538 0.544248 0.650181 0.535398 0.650181 0.528761 0.6538 0.528761 0.657419 0.522124 0.659831 0.493363 0.659831 0.4690270000000001 0.6538 0.460177 0.6538 0.45354 0.659831 0.429204 0.657419 0.415929 0.6538 0.38716800000000007 0.6538 0.365044 0.6513869999999999 0.356195 0.655006 0.353982 0.658625 0.347345 0.658625 0.31194700000000003 0.652593 0.269912 0.639324 0.25885 0.639324 0.252212 0.645356 0.23230099999999998 0.642943 0.192478 0.630881 0.172566 0.627262 0.139381 0.612786 0.128319 0.612786 0.121681 0.6188180000000001 0.112832 0.617612 0.068584 0.599517 0.05531 0.598311 0.042034999999999996 0.591074 0.028761 0.579011 0.013274 0.55971 0.00885 0.557298
7 0.670354 0.282268 0.665929 0.279855 0.65708 0.279855 0.641593 0.291918 0.595133 0.31725 0.561947 0.34016899999999994 0.442478 0.293124 0.411504 0.288299 0.400442 0.28468 0.369469 0.28468 0.365044 0.287093 0.365044 0.291918 0.369469 0.294331 0.391593 0.294331 0.431416 0.302774 0.460177 0.314837 0.4690270000000001 0.3160430000000001 0.504425 0.331725 0.519912 0.3353439999999999 0.526549 0.34016899999999994 0.553097 0.3510249999999999 0.568584 0.35223199999999993 0.579646 0.347407 0.6061950000000002 0.3269 0.670354 0.289505
2 0.338496 0.143546 0.34292 0.145959 0.35177 0.145959 0.376106 0.13269 0.426991 0.114596 0.455752 0.12183399999999998 0.522124 0.148372 0.535398 0.148372 0.553097 0.144753 0.5707960000000001 0.138721 0.619469 0.115802 0.650442 0.129071 0.661504 0.129071 0.665929 0.126659 0.665929 0.12183399999999998 0.632743 0.106152 0.612832 0.10494599999999998 0.557522 0.130277 0.530973 0.137515 0.513274 0.13269 0.506637 0.127865 0.49115 0.124246 0.482301 0.118215 0.477876 0.118215 0.4690270000000001 0.11339 0.449115 0.108565 0.43805299999999997 0.10253300000000001 0.426991 0.10253300000000001 0.393805 0.112183 0.36283199999999993 0.124246 0.340708 0.136309
6 0.20354 0.12304 0.205752 0.130277 0.216814 0.133896 0.234513 0.135103 0.280973 0.143546 0.318584 0.143546 0.325221 0.145959 0.35177 0.145959 0.358407 0.143546 0.358407 0.133896 0.349558 0.130277 0.294248 0.130277 0.283186 0.126659 0.272124 0.126659 0.25885 0.12304 0.223451 0.118215 0.212389 0.118215