0 0.565345 0.00194 0.555066 0 0.49926599999999993 0 0.4772390000000001 0.00291 0.453744 0.00291 0.446402 0.00485 0.422907 0.00582 0.4111600000000001 0.008729 0.39500700000000005 0.008729 0.387665 0.012609 0.384728 0.026188 0.375918 0.045587 0.368576 0.055286 0.361233 0.060136 0.35536 0.061106 0.348018 0.065955 0.328928 0.070805 0.299559 0.071775 0.287812 0.075655 0.256975 0.076625 0.259912 0.085354 0.259912 0.114452 0.262849 0.119302 0.262849 0.129971 0.259912 0.134821 0.259912 0.161979 0.256975 0.166828 0.256975 0.186227 0.254038 0.191077 0.25257 0.257032 0.24963299999999997 0.261882 0.24963299999999997 0.27934 0.246696 0.28904 0.248164 0.28225 0.254038 0.28225 0.254038 0.330747 0.267254 0.352085 0.271659 0.365664 0.277533 0.372454 0.281938 0.385063 0.305433 0.42289 0.309838 0.43356 0.309838 0.462658 0.687225 0.462658 0.687225 0.452958 0.693098 0.439379 0.69163 0.42483 0.694567 0.42386 0.716593 0.382153 0.722467 0.375364 0.725404 0.365664 0.732746 0.355965 0.735683 0.346266 0.748899 0.326867 0.750367 0.234724 0.748899 0.219205 0.745962 0.214355 0.745962 0.195926 0.743025 0.191077 0.743025 0.094083 0.748899 0.084384 0.748899 0.077595 0.704846 0.076625 0.690162 0.072745 0.678414 0.071775 0.668135 0.068865 0.657856 0.068865 0.637298 0.064016 0.631424 0.061106 0.624082 0.053346 0.610866 0.014549 0.599119 0.012609 0.584435 0.00679 0.575624 0.00679
4 0.311307 0.463628 0.309838 0.468477 0.303965 0.470417 0.293686 0.489816 0.287812 0.494665 0.271659 0.516974 0.256975 0.548012 0.25257 0.551891 0.24963299999999997 0.549952 0.24963299999999997 0.545102 0.24963299999999997 0.549952 0.24229099999999998 0.562561 0.239354 0.5742 0.232012 0.583899 0.226138 0.605238 0.21879600000000002 0.616877 0.21879600000000002 0.625606 0.214391 0.631426 0.209985 0.645975 0.20117499999999996 0.659554 0.199706 0.680892 0.19383299999999998 0.694471 0.19383299999999998 0.70805 0.190896 0.7129 0.187959 0.785645 0.185022 0.790495 0.185022 0.816683 0.180617 0.828322 0.182085 0.847721 0.176211 0.86227 0.174743 0.880698 0.167401 0.899127 0.165932 0.919496 0.161527 0.928225 0.161527 0.942774 0.15859 0.947624 0.160059 0.959263 0.17768 0.966052 0.18649 0.966052 0.199706 0.968962 0.204112 0.971872 0.221733 0.977692 0.237885 0.979631 0.270191 0.987391 0.292217 0.988361 0.312775 0.991271 0.346549 0.991271 0.35536 0.99418 0.378855 0.99418 0.389134 0.99709 0.478708 0.99709 0.490455 0.99515 0.51395 0.99515 0.530103 0.99709 0.618209 0.99612 0.625551 0.99418 0.641703 0.99418 0.654919 0.991271 0.697504 0.990301 0.723935 0.984481 0.748899 0.983511 0.7533039999999999 0.981571 0.767988 0.980601 0.8091039999999999 0.971872 0.820852 0.970902 0.835536 0.965082 0.8443470000000001 0.956353 0.842878 0.927255 0.832599 0.887488 0.8281939999999999 0.847721 0.819383 0.818623 0.816446 0.791465 0.806167 0.761397 0.804699 0.743938 0.7973569999999999 0.71096 0.785609 0.677983 0.784141 0.659554 0.773862 0.634336 0.759178 0.57711 0.743025 0.549952 0.735683 0.541222 0.732746 0.530553 0.71953 0.512124 0.716593 0.502425 0.706314 0.489816 0.704846 0.483026 0.700441 0.479146 0.697504 0.471387 0.69163 0.471387 0.685756 0.463628
5 0.750367 0.077595 0.750367 0.084384 0.744493 0.094083 0.744493 0.191077 0.74743 0.195926 0.74743 0.214355 0.750367 0.219205 0.751836 0.234724 0.751836 0.306499 0.750367 0.326867 0.741557 0.340446 0.741557 0.369544 0.744493 0.374394 0.744493 0.452958 0.74743 0.457808 0.751836 0.495635 0.754772 0.500485 0.754772 0.524733 0.7606460000000002 0.541222 0.762115 0.57614 0.765051 0.580989 0.765051 0.596508 0.767988 0.602328 0.7694569999999998 0.625606 0.772394 0.630456 0.772394 0.637245 0.785609 0.665373 0.792952 0.668283 0.803231 0.684772 0.8252569999999999 0.706111 0.832599 0.728419 0.834068 0.748788 0.8384730000000001 0.756547 0.8384730000000001 0.769156 0.85022 0.774006 0.860499 0.774006 0.864905 0.775946 0.891336 0.775946 0.895742 0.774006 0.9030840000000001 0.774006 0.910426 0.771096 0.938326 0.770126 0.9442 0.767216 0.9471370000000001 0.763337 0.9442 0.70805 0.948605 0.694471 0.9603520000000001 0.685742 0.9750370000000002 0.679922 0.986784 0.672163 0.9985319999999999 0.654704 0.9985319999999999 0.624636 0.989721 0.57711 0.9765050000000001 0.533463 0.955947 0.486906 0.951542 0.473327 0.951542 0.465567 0.9368579999999999 0.43065 0.9309840000000001 0.393792 0.9177679999999999 0.362755 0.914831 0.341416 0.904552 0.314258 0.904552 0.303589 0.892805 0.274491 0.8898679999999999 0.251212 0.881057 0.224054 0.879589 0.201746 0.870778 0.171678 0.8678410000000001 0.14646 0.85022 0.105723 0.8384730000000001 0.093113 0.823789 0.083414 0.7914830000000002 0.076625
5 0.254038 0.268671 0.254038 0.28031 0.254038 0.277401 0.255507 0.276431 0.255507 0.268671 0.264317 0.075655 0.214391 0.074685 0.19676899999999997 0.077595 0.19383299999999998 0.079534 0.187959 0.079534 0.171806 0.088264 0.14978 0.103783 0.143906 0.109602 0.12188 0.154219 0.117474 0.189137 0.111601 0.200776 0.111601 0.220175 0.10572700000000002 0.237633 0.10279000000000002 0.269641 0.095448 0.28419 0.093979 0.300679 0.0837 0.335597 0.073421 0.354995 0.064611 0.390883 0.05139500000000001 0.418041 0.048458 0.439379 0.041116 0.454898 0.039648 0.480116 0.035242 0.487876 0.033774 0.508244 0.023495 0.523763 0.020558 0.549952 0.014684 0.563531 0.010279 0.56838 0.008811 0.585839 0.011747 0.588749 0.011747 0.599418 0.004405 0.608147 0 0.625606 0.0029369999999999995 0.659554 0.014684 0.672163 0.020558 0.684772 0.042584 0.701261 0.042584 0.724539 0.039648 0.730359 0.039648 0.760427 0.049927 0.766246 0.079295 0.767216 0.082232 0.769156 0.099853 0.770126 0.10425800000000002 0.773036 0.142438 0.773036 0.148311 0.769156 0.152717 0.756547 0.154185 0.735209 0.162996 0.71193 0.174743 0.700291 0.182085 0.688652 0.18942699999999998 0.683802 0.19676899999999997 0.674103 0.20264299999999996 0.671193 0.217327 0.647915 0.217327 0.638215 0.226138 0.617847 0.227606 0.603298 0.237885 0.57323 0.237885 0.558681 0.240822 0.553831 0.245228 0.526673 0.248164 0.521823 0.248164 0.485936 0.251101 0.480116 0.25257 0.446169 0.255507 0.441319 0.255507 0.419981 0.258443 0.415131 0.258443 0.333657 0.25257 0.326867 0.251101 0.321048 0.25257 0.28225 0.251101 0.28419 0.24963299999999997 0.28225 0.248164 0.28419 0.246696 0.28031 0.248164 0.261882 0.251101 0.257032 0.25257 0.191077 0.255507 0.186227 0.255507 0.166828 0.258443 0.161979 0.258443 0.134821 0.26138 0.129971 0.26138 0.119302 0.258443 0.114452 0.256975 0.082444
2 0.381791 0.028128 0.38326000000000005 0.034918 0.39207 0.037827 0.417034 0.056256 0.431718 0.063046 0.446402 0.067895 0.452276 0.067895 0.474302 0.076625 0.48017600000000005 0.080504 0.48017600000000005 0.085354 0.484581 0.094083 0.493392 0.097963 0.503671 0.096993 0.511013 0.087294 0.525698 0.079534 0.538913 0.077595 0.543319 0.074685 0.549192 0.073715 0.553598 0.070805 0.559471 0.070805 0.56975 0.065955 0.618209 0.034918 0.618209 0.026188 0.615272 0.024248 0.599119 0.023278 0.593245 0.026188 0.591777 0.030068 0.568282 0.045587 0.556535 0.050436 0.546256 0.057226 0.54185 0.057226 0.525698 0.064016 0.521292 0.064016 0.49926599999999993 0.071775 0.493392 0.065955 0.48605 0.064016 0.478708 0.059166 0.447871 0.051406 0.431718 0.043647 0.41409699999999994 0.031038 0.4052859999999999 0.021339 0.39500700000000005 0.020369
2 0.254038 0.237633 0.254038 0.243453 0.258443 0.247333 0.271659 0.247333 0.281938 0.238603 0.298091 0.229874 0.305433 0.227934 0.318649 0.220175 0.353891 0.204656 0.367107 0.194956 0.377386 0.191077 0.397944 0.177498 0.4052859999999999 0.175558 0.450808 0.14743 0.46696 0.132881 0.475771 0.128031 0.490455 0.112512 0.493392 0.111542 0.516887 0.129971 0.518355 0.132881 0.544787 0.151309 0.547724 0.151309 0.556535 0.157129 0.56094 0.158099 0.568282 0.163919 0.574156 0.164888 0.585903 0.171678 0.604993 0.178468 0.613803 0.184287 0.61674 0.184287 0.628488 0.191077 0.631424 0.191077 0.650514 0.201746 0.665198 0.206596 0.675477 0.215325 0.69163 0.225994 0.694567 0.225994 0.728341 0.24927299999999997 0.741557 0.24927299999999997 0.744493 0.247333 0.744493 0.236663 0.728341 0.225994 0.723935 0.225024 0.713656 0.216295 0.706314 0.213385 0.681351 0.194956 0.666667 0.190107 0.660793 0.184287 0.653451 0.183317 0.628488 0.171678 0.619677 0.165858 0.599119 0.159069 0.577093 0.14646 0.56975 0.14452 0.535977 0.122211 0.518355 0.105723 0.50514 0.096993 0.503671 0.090204 0.500734 0.086324 0.49486 0.083414 0.48751799999999995 0.083414 0.481645 0.086324 0.48017600000000005 0.093113 0.462555 0.113482 0.436123 0.134821 0.409692 0.152279 0.4052859999999999 0.153249 0.39500700000000005 0.161009 0.386197 0.163919 0.361233 0.179437 0.350954 0.183317 0.337739 0.193016 0.267254 0.225994
2 0.674009 0.203686 0.666667 0.198836 0.657856 0.198836 0.604993 0.210475 0.591777 0.217265 0.585903 0.218235 0.577093 0.224054 0.568282 0.225994 0.555066 0.231814 0.547724 0.232784 0.54185 0.236663 0.535977 0.237633 0.506608 0.250242 0.49632899999999996 0.24927299999999997 0.48898700000000006 0.244423 0.481645 0.243453 0.475771 0.239573 0.455213 0.232784 0.44493399999999994 0.225994 0.436123 0.224054 0.4052859999999999 0.210475 0.370044 0.203686 0.342144 0.201746 0.33627 0.204656 0.334802 0.211445 0.339207 0.215325 0.345081 0.217265 0.370044 0.219205 0.377386 0.222114 0.38326000000000005 0.222114 0.39941299999999996 0.225994 0.4111600000000001 0.232784 0.43318599999999996 0.239573 0.43906 0.244423 0.462555 0.252182 0.46842899999999993 0.257032 0.475771 0.258002 0.48751799999999995 0.264791 0.516887 0.264791 0.527166 0.258972 0.537445 0.257032 0.547724 0.251212 0.58884 0.237633 0.600587 0.230844 0.606461 0.229874 0.615272 0.224054 0.621145 0.224054 0.63583 0.219205 0.647577 0.218235 0.656388 0.214355 0.668135 0.214355 0.674009 0.208535
1 0.155653 0.954413 0.155653 0.959263 0.161527 0.965082 0.165932 0.965082 0.185022 0.972842 0.259912 0.991271 0.281938 0.99321 0.303965 0.99806 0.69163 0.99709 0.709251 0.99321 0.743025 0.992241 0.7606460000000002 0.989331 0.7694569999999998 0.986421 0.787078 0.984481 0.803231 0.979631 0.816446 0.977692 0.834068 0.971872 0.8443470000000001 0.970902 0.85022 0.957323 0.85022 0.952473 0.8414100000000001 0.952473 0.832599 0.957323 0.826725 0.957323 0.804699 0.964113 0.735683 0.977692 0.715125 0.977692 0.71072 0.979631 0.698972 0.979631 0.694567 0.981571 0.67254 0.982541 0.666667 0.984481 0.453744 0.984481 0.44493399999999994 0.982541 0.42584400000000006 0.982541 0.417034 0.984481 0.315712 0.984481 0.311307 0.982541 0.302496 0.982541 0.281938 0.977692 0.267254 0.976722 0.23348 0.967992 0.227606 0.967992 0.20558000000000004 0.962173 0.171806 0.949564 0.162996 0.949564
6 0.268722 0.076625 0.26138 0.076625 0.255507 0.079534 0.25257 0.083414 0.251101 0.093113 0.251101 0.14646 0.254038 0.171678 0.254038 0.203686 0.251101 0.208535 0.251101 0.253152 0.271659 0.243453 0.271659 0.216295 0.274596 0.212415 0.274596 0.14258 0.271659 0.126091 0.271659 0.104753 0.274596 0.096993 0.274596 0.079534
6 0.745962 0.080504 0.740088 0.083414 0.737151 0.088264 0.731278 0.116392 0.731278 0.159069 0.732746 0.175558 0.735683 0.183317 0.735683 0.207565 0.73862 0.210475 0.73862 0.223084 0.741557 0.226964 0.741557 0.245393 0.73862 0.24927299999999997 0.759178 0.261882 0.759178 0.256062 0.762115 0.254122 0.762115 0.219205 0.759178 0.216295 0.757709 0.178468 0.754772 0.170708 0.754772 0.155189 0.751836 0.14161 0.751836 0.128031 0.759178 0.098933 0.759178 0.083414 0.7533039999999999 0.080504
6 0.038179 0.695441 0.038179 0.700291 0.045521 0.705141 0.071953 0.70805 0.076358 0.70999 0.099853 0.7129 0.10425800000000002 0.71484 0.111601 0.71484 0.116006 0.71678 0.162996 0.71775 0.165932 0.7129 0.164464 0.702231 0.157122 0.702231 0.152717 0.704171 0.138032 0.704171 0.133627 0.702231 0.114537 0.701261 0.10425800000000002 0.697381 0.073421 0.694471 0.058737 0.690592 0.045521 0.690592
6 0.957416 0.692532 0.95301 0.688652 0.942731 0.687682 0.9368579999999999 0.690592 0.928047 0.690592 0.911894 0.695441 0.9001470000000001 0.695441 0.895742 0.697381 0.823789 0.697381 0.817915 0.700291 0.816446 0.707081 0.823789 0.71193 0.9030840000000001 0.71193 0.907489 0.70999 0.919236 0.70999 0.9368579999999999 0.705141 0.951542 0.704171 0.957416 0.698351