0 0.467846 0.013350999999999998 0.47266899999999995 0.038718 0.475884 0.042724 0.475884 0.058745000000000006 0.467846 0.074766 0.46623799999999993 0.089453 0.482315 0.118825 0.4919609999999999 0.142857 0.516077 0.150868 0.546624 0.153538 0.599678 0.152203 0.607717 0.149533 0.620579 0.149533 0.631833 0.145527 0.630225 0.10814400000000002 0.641479 0.077437 0.641479 0.056075 0.628617 0.028037 0.614148 0.014685999999999998 0.604502 0.024032000000000005 0.598071 0.022697 0.59164 0.029371999999999995 0.588424 0.029371999999999995 0.581994 0.036048 0.564309 0.04672899999999999 0.55627 0.044059 0.549839 0.037383 0.538585 0.037383 0.536977 0.034713 0.527331 0.030708 0.524116 0.032043 0.5209 0.028037 0.503215 0.025367 0.48874600000000007 0.018692 0.4791 0.018692
2 0.469453 0.014685999999999998 0.469453 0.018692 0.47266899999999995 0.021362 0.528939 0.036048 0.546624 0.042724 0.559486 0.050734 0.567524 0.050734 0.586817 0.036048 0.617363 0.021362 0.617363 0.016021 0.610932 0.014685999999999998 0.585209 0.026701999999999997 0.575563 0.034713 0.561093 0.041389 0.53537 0.029371999999999995 0.528939 0.029371999999999995 0.47749199999999997 0.013350999999999998
2 0.47106100000000006 0.014685999999999998 0.47266899999999995 0.021362 0.4919609999999999 0.025367 0.496785 0.029371999999999995 0.519293 0.038718 0.530547 0.040053 0.580386 0.065421 0.585209 0.072096 0.599678 0.082777 0.599678 0.085447 0.607717 0.09345799999999999 0.615756 0.11215 0.618971 0.128171 0.630225 0.128171 0.617363 0.09212299999999998 0.610932 0.081442 0.590032 0.061415 0.557878 0.040053 0.548232 0.040053 0.53537 0.033378 0.517685 0.029371999999999995 0.496785 0.018692 0.480707 0.016021 0.47749199999999997 0.013350999999999998
7 0.467846 0.076101 0.469453 0.081442 0.4919609999999999 0.085447 0.5 0.084112 0.5209 0.100134 0.533762 0.100134 0.541801 0.10814400000000002 0.554662 0.10814400000000002 0.57074 0.118825 0.57717 0.118825 0.586817 0.125501 0.609325 0.133511 0.61254 0.130841 0.630225 0.130841 0.628617 0.124166 0.601286 0.12283 0.596463 0.118825 0.59164 0.118825 0.580386 0.109479 0.57074 0.109479 0.561093 0.101469 0.548232 0.101469 0.536977 0.090788 0.524116 0.09212299999999998 0.511254 0.080107 0.498392 0.074766 0.4919609999999999 0.074766 0.48874600000000007 0.077437 0.4791 0.074766
2 0.48392300000000005 0.121495 0.48392300000000005 0.125501 0.493569 0.129506 0.538585 0.136182 0.604502 0.136182 0.618971 0.134846 0.630225 0.130841 0.628617 0.125501 0.617363 0.125501 0.61254 0.128171 0.599678 0.129506 0.543408 0.129506 0.522508 0.125501 0.511254 0.125501 0.498392 0.12283 0.495177 0.12016
5 0.440514 0 0.42282999999999993 0.001335 0.411576 0.009346 0.405145 0.008011 0.397106 0.013350999999999998 0.400322 0.024032000000000005 0.393891 0.030708 0.392283 0.038718 0.397106 0.040053 0.395498 0.045394 0.400322 0.049399 0.406752 0.064085 0.395498 0.072096 0.397106 0.077437 0.385852 0.089453 0.384244 0.098798 0.389068 0.098798 0.389068 0.102804 0.356913 0.133511 0.364952 0.145527 0.364952 0.150868 0.371383 0.153538 0.350482 0.17757 0.342444 0.190921 0.342444 0.196262 0.353698 0.204272 0.353698 0.214953 0.379421 0.225634 0.403537 0.22429900000000003 0.409968 0.22964 0.418006 0.22964 0.430868 0.22429900000000003 0.448553 0.22429900000000003 0.47106100000000006 0.21895900000000001 0.4791 0.212283 0.482315 0.20293700000000003 0.4919609999999999 0.193591 0.4919609999999999 0.18691599999999997 0.480707 0.17223 0.47106100000000006 0.152203 0.4791 0.145527 0.461415 0.109479 0.46623799999999993 0.10814400000000002 0.46623799999999993 0.074766 0.474277 0.058745000000000006 0.474277 0.042724 0.47106100000000006 0.038718 0.46623799999999993 0.012016000000000002 0.459807 0.012016000000000002 0.454984 0.006676 0.44533800000000007 0.004005
4 0.633441 0.140187 0.633441 0.145527 0.630225 0.148198 0.583601 0.154873 0.524116 0.153538 0.509646 0.150868 0.493569 0.144192 0.487138 0.144192 0.454984 0.166889 0.42926 0.193591 0.390675 0.225634 0.390675 0.23231000000000002 0.315113 0.311081 0.228296 0.417891 0.22508 0.424566 0.217042 0.431242 0.20739499999999997 0.429907 0.202572 0.433912 0.205788 0.447263 0.196141 0.455274 0.196141 0.46729 0.18328 0.488652 0.175241 0.495327 0.165595 0.499332 0.155949 0.496662 0.149518 0.497997 0.149518 0.504673 0.159164 0.523364 0.12701 0.550067 0.12701 0.555407 0.131833 0.562083 0.130225 0.566088 0.107717 0.591455 0.099678 0.604806 0.101286 0.612817 0.109325 0.623498 0.109325 0.627503 0.07717 0.663551 0.041801 0.712951 0.040193 0.719626 0.048232 0.7236320000000002 0.048232 0.728972 0.038585 0.736983 0.038585 0.746328 0.027330999999999998 0.755674 0.028939 0.763685 0.038585 0.773031 0.038585 0.7797059999999999 0.003215 0.847797 0.0016079999999999998 0.861148 0.003215 0.863818 0.016077 0.867824 0.025723 0.8651540000000001 0.033762 0.867824 0.033762 0.873164 0.027330999999999998 0.88518 0.028939 0.890521 0.033762 0.894526 0.05627 0.902537 0.078778 0.915888 0.104502 0.923899 0.141479 0.923899 0.151125 0.915888 0.162379 0.915888 0.173633 0.9319089999999999 0.170418 0.943925 0.184887 0.9532709999999999 0.205788 0.959947 0.22668799999999997 0.961282 0.245981 0.958611 0.266881 0.9506010000000001 0.28135 0.9492660000000002 0.290997 0.9532709999999999 0.297428 0.958611 0.300643 0.967957 0.31672 0.977303 0.340836 0.985314 0.368167 0.990654 0.411576 0.990654 0.44373 0.978638 0.45176800000000006 0.978638 0.461415 0.985314 0.4919609999999999 0.9959949999999999 0.543408 0.99733 0.583601 0.990654 0.59164 0.991989 0.601286 0.99733 0.617363 0.998665 0.667203 0.990654 0.678457 0.990654 0.699357 0.982644 0.768489 0.981308 0.800643 0.9706280000000002 0.818328 0.967957 0.8295819999999999 0.957276 0.8569130000000001 0.9532709999999999 0.88746 0.93725 0.918006 0.9319089999999999 0.930868 0.921228 0.9324759999999999 0.9078769999999999 0.935691 0.905207 0.9453379999999999 0.902537 0.966238 0.901202 0.990354 0.88518 0.991961 0.874499 0.996785 0.867824 0.996785 0.859813 0.987138 0.847797 0.987138 0.838451 0.982315 0.829105 0.9855310000000002 0.8197600000000002 0.9887459999999999 0.817089 0.9887459999999999 0.8117489999999999 0.9807070000000001 0.8037379999999998 0.969453 0.797063 0.9678460000000001 0.791722 0.956592 0.7783710000000001 0.956592 0.773031 0.959807 0.77036 0.974277 0.7690250000000001 0.9726690000000001 0.761015 0.9630230000000001 0.750334 0.96463 0.739653 0.959807 0.731642 0.9630230000000001 0.699599 0.914791 0.620828 0.90836 0.615487 0.909968 0.608812 0.9244370000000001 0.608812 0.926045 0.606142 0.9244370000000001 0.591455 0.916399 0.578104 0.916399 0.566088 0.919614 0.562083 0.926045 0.562083 0.926045 0.555407 0.916399 0.550067 0.909968 0.550067 0.905145 0.546061 0.9035369999999999 0.531375 0.8954980000000001 0.522029 0.8954980000000001 0.510013 0.88746 0.504673 0.8810290000000001 0.489987 0.871383 0.489987 0.863344 0.496662 0.858521 0.496662 0.8553049999999999 0.493992 0.845659 0.47263 0.844051 0.45393900000000004 0.8376210000000001 0.44325800000000004 0.8376210000000001 0.42723600000000006 0.818328 0.413885 0.77492 0.335113 0.750804 0.296395 0.728296 0.264352 0.720257 0.259012 0.694534 0.22429900000000003 0.68328 0.214953 0.644695 0.157543 0.636656 0.152203 0.633441 0.146862
7 0.48874600000000007 0.145527 0.49035399999999996 0.152203 0.495177 0.154873 0.504823 0.154873 0.509646 0.157543 0.527331 0.160214 0.602894 0.158879 0.615756 0.154873 0.628617 0.154873 0.635048 0.149533 0.635048 0.144192 0.628617 0.138852 0.609325 0.140187 0.604502 0.142857 0.583601 0.145527 0.533762 0.145527 0.496785 0.138852
1 0.9115759999999999 0.619493 0.909968 0.612817 0.901929 0.606142 0.88746 0.603471 0.874598 0.595461 0.8729899999999999 0.58478 0.8601289999999999 0.578104 0.8376210000000001 0.578104 0.827974 0.583445 0.819936 0.576769 0.811897 0.578104 0.808682 0.582109 0.790997 0.580774 0.779743 0.576769 0.77492 0.570093 0.766881 0.564753 0.768489 0.554072 0.762058 0.547397 0.737942 0.539386 0.709003 0.522029 0.700965 0.522029 0.694534 0.5247 0.678457 0.512684 0.676849 0.500668 0.66881 0.497997 0.665595 0.492657 0.660772 0.489987 0.646302 0.491322 0.643087 0.497997 0.625402 0.508678 0.602894 0.512684 0.599678 0.516689 0.599678 0.523364 0.585209 0.536716 0.569132 0.546061 0.554662 0.546061 0.540193 0.552737 0.532154 0.562083 0.533762 0.572764 0.530547 0.575434 0.522508 0.570093 0.506431 0.570093 0.49035399999999996 0.576769 0.469453 0.596796 0.434084 0.596796 0.424437 0.606142 0.398714 0.603471 0.363344 0.603471 0.356913 0.607477 0.355305 0.616822 0.35209 0.619493 0.342444 0.618158 0.342444 0.607477 0.336013 0.600801 0.327974 0.598131 0.315113 0.598131 0.303859 0.604806 0.300643 0.611482 0.292605 0.618158 0.254019 0.619493 0.250804 0.623498 0.250804 0.635514 0.257235 0.64486 0.255627 0.646195 0.23311899999999997 0.639519 0.22508 0.639519 0.21865 0.635514 0.202572 0.635514 0.191318 0.639519 0.172026 0.631509 0.14791 0.634179 0.138264 0.631509 0.130225 0.624833 0.11254 0.603471 0.104502 0.602136 0.098071 0.607477 0.098071 0.611482 0.118971 0.638184 0.130225 0.646195 0.138264 0.646195 0.143087 0.648865 0.167203 0.64753 0.18328 0.654206 0.199357 0.654206 0.20739499999999997 0.6502 0.212219 0.6502 0.220257 0.654206 0.228296 0.654206 0.24758800000000003 0.660881 0.28135 0.659546 0.286174 0.656876 0.289389 0.64753 0.273312 0.634179 0.297428 0.632844 0.307074 0.628838 0.31672 0.620828 0.319936 0.630174 0.324759 0.632844 0.368167 0.632844 0.374598 0.627503 0.376206 0.618158 0.409968 0.619493 0.41479099999999997 0.622163 0.438907 0.619493 0.4469449999999999 0.612817 0.474277 0.611482 0.480707 0.608812 0.506431 0.58745 0.509646 0.58745 0.516077 0.59279 0.533762 0.591455 0.545016 0.586115 0.55627 0.576769 0.559486 0.571429 0.559486 0.560748 0.573955 0.560748 0.596463 0.548732 0.618971 0.53004 0.622186 0.5247 0.643087 0.518024 0.655949 0.510013 0.663987 0.523364 0.691318 0.543391 0.70418 0.544726 0.710611 0.540721 0.72508 0.551402 0.736334 0.554072 0.73955 0.556742 0.73955 0.570093 0.752412 0.576769 0.752412 0.580774 0.758842 0.58745 0.773312 0.59012 0.786174 0.595461 0.805466 0.598131 0.815113 0.596796 0.818328 0.602136 0.824759 0.606142 0.832797 0.604806 0.8376210000000001 0.595461 0.844051 0.59279 0.853698 0.59279 0.861736 0.607477 0.874598 0.615487 0.88746 0.618158 0.8987139999999999 0.624833 0.905145 0.624833
1 0.9678460000000001 0.740988 0.9549839999999999 0.731642 0.94373 0.732977 0.9276529999999998 0.7276369999999999 0.921222 0.718291 0.90836 0.712951 0.8954980000000001 0.70227 0.884244 0.688919 0.884244 0.666222 0.8810290000000001 0.662216 0.8729899999999999 0.660881 0.8601289999999999 0.670227 0.848875 0.672897 0.826367 0.672897 0.813505 0.663551 0.815113 0.658211 0.811897 0.654206 0.792605 0.648865 0.776527 0.639519 0.776527 0.635514 0.78135 0.630174 0.78135 0.623498 0.778135 0.619493 0.765273 0.618158 0.749196 0.608812 0.750804 0.602136 0.744373 0.596796 0.745981 0.58745 0.742765 0.583445 0.734727 0.582109 0.721865 0.586115 0.697749 0.576769 0.691318 0.568758 0.68328 0.567423 0.678457 0.562083 0.66881 0.560748 0.660772 0.563418 0.651125 0.572764 0.635048 0.575434 0.628617 0.580774 0.628617 0.588785 0.643087 0.616822 0.635048 0.624833 0.625402 0.624833 0.606109 0.618158 0.598071 0.618158 0.593248 0.620828 0.59164 0.626168 0.585209 0.631509 0.572347 0.634179 0.565916 0.631509 0.551447 0.632844 0.548232 0.636849 0.548232 0.64753 0.540193 0.656876 0.532154 0.656876 0.527331 0.651535 0.516077 0.6502 0.511254 0.65287 0.506431 0.660881 0.495177 0.667557 0.474277 0.667557 0.45819899999999997 0.660881 0.45176800000000006 0.660881 0.44533800000000007 0.664887 0.437299 0.680908 0.42765299999999995 0.688919 0.393891 0.688919 0.384244 0.696929 0.377814 0.698264 0.356913 0.698264 0.347267 0.695594 0.332797 0.700935 0.324759 0.70761 0.323151 0.719626 0.318328 0.7249669999999999 0.294212 0.732977 0.263666 0.732977 0.258842 0.7356480000000001 0.255627 0.742323 0.221865 0.740988 0.199357 0.750334 0.196141 0.754339 0.196141 0.76235 0.192926 0.76502 0.157556 0.76769 0.143087 0.774366 0.117363 0.775701 0.11093200000000002 0.7810409999999999 0.102894 0.783712 0.09164 0.7810409999999999 0.07074 0.77036 0.061092999999999995 0.77036 0.048232 0.753004 0.040193 0.7476639999999999 0.032154 0.7489989999999999 0.028939 0.7570090000000002 0.045016 0.7810409999999999 0.05627 0.785047 0.065916 0.785047 0.080386 0.794393 0.098071 0.7983980000000002 0.118971 0.795728 0.130225 0.789052 0.149518 0.789052 0.162379 0.782377 0.180064 0.782377 0.20418 0.7783710000000001 0.212219 0.774366 0.21382599999999996 0.76235 0.22668799999999997 0.755674 0.268489 0.7583439999999999 0.273312 0.755674 0.276527 0.7476639999999999 0.299035 0.7476639999999999 0.324759 0.739653 0.334405 0.734312 0.340836 0.7236320000000002 0.340836 0.7156210000000001 0.344051 0.712951 0.381029 0.7142860000000001 0.400322 0.708945 0.405145 0.7036049999999999 0.434084 0.7036049999999999 0.45337599999999995 0.690254 0.454984 0.682243 0.45819899999999997 0.679573 0.469453 0.682243 0.501608 0.682243 0.516077 0.675567 0.522508 0.670227 0.545016 0.671562 0.553055 0.668892 0.562701 0.658211 0.567524 0.648865 0.594855 0.646195 0.607717 0.635514 0.620579 0.639519 0.643087 0.639519 0.649518 0.636849 0.660772 0.622163 0.660772 0.612817 0.652733 0.599466 0.651125 0.59012 0.654341 0.58745 0.662379 0.586115 0.675241 0.576769 0.684887 0.588785 0.713826 0.600801 0.728296 0.600801 0.728296 0.608812 0.736334 0.620828 0.758842 0.632844 0.758842 0.64486 0.762058 0.651535 0.787781 0.663551 0.799035 0.666222 0.802251 0.668892 0.803859 0.676903 0.818328 0.687583 0.845659 0.688919 0.8649519999999999 0.684913 0.866559 0.6942590000000001 0.879421 0.71028 0.892283 0.722296 0.90836 0.731642 0.9115759999999999 0.738318 0.930868 0.746328 0.9372989999999999 0.746328 0.9469450000000001 0.750334 0.96463 0.7489989999999999
1 0.892283 0.711615 0.8858520000000001 0.706275 0.877814 0.70761 0.874598 0.711615 0.874598 0.716956 0.8520900000000001 0.734312 0.848875 0.750334 0.844051 0.754339 0.827974 0.754339 0.787781 0.7903870000000001 0.776527 0.7903870000000001 0.768489 0.793057 0.763666 0.7983980000000002 0.762058 0.813084 0.741158 0.8210950000000001 0.731511 0.8210950000000001 0.717042 0.817089 0.699357 0.817089 0.694534 0.8197600000000002 0.692926 0.82777 0.688103 0.834446 0.675241 0.8331109999999999 0.665595 0.838451 0.628617 0.839786 0.61254 0.837116 0.598071 0.831776 0.59164 0.82777 0.588424 0.8224300000000001 0.578778 0.818425 0.57074 0.8197600000000002 0.567524 0.8237649999999999 0.548232 0.8331109999999999 0.524116 0.831776 0.495177 0.818425 0.47749199999999997 0.817089 0.47266899999999995 0.813084 0.47106100000000006 0.805073 0.46623799999999993 0.8024029999999999 0.454984 0.8024029999999999 0.442122 0.809079 0.434084 0.810414 0.424437 0.809079 0.419614 0.806409 0.409968 0.789052 0.403537 0.785047 0.38746 0.786382 0.382637 0.789052 0.369775 0.789052 0.355305 0.782377 0.327974 0.7489989999999999 0.327974 0.743658 0.324759 0.739653 0.313505 0.739653 0.308682 0.746328 0.308682 0.753004 0.326367 0.771696 0.337621 0.7903870000000001 0.342444 0.794393 0.363344 0.8037379999999998 0.38746 0.8037379999999998 0.395498 0.8010680000000001 0.398714 0.8037379999999998 0.403537 0.817089 0.419614 0.8237649999999999 0.438907 0.8250999999999998 0.456592 0.8197600000000002 0.46623799999999993 0.830441 0.49035399999999996 0.8331109999999999 0.506431 0.839786 0.516077 0.846462 0.553055 0.847797 0.57717 0.838451 0.585209 0.8437920000000001 0.61254 0.853138 0.659164 0.8544729999999999 0.672026 0.853138 0.678457 0.849132 0.700965 0.847797 0.712219 0.831776 0.726688 0.835781 0.745981 0.835781 0.755627 0.831776 0.762058 0.831776 0.778135 0.8237649999999999 0.78135 0.8197600000000002 0.782958 0.806409 0.802251 0.8010680000000001 0.819936 0.786382 0.827974 0.775701 0.832797 0.773031 0.844051 0.774366 0.861736 0.76235 0.866559 0.755674 0.8681669999999999 0.743658 0.8906750000000001 0.7263019999999999
1 0 0.850467 0 0.867824 0.012862 0.869159 0.025723 0.8758340000000001 0.022508 0.8865149999999999 0.025723 0.890521 0.027330999999999998 0.899866 0.041801 0.906542 0.057878 0.9092119999999999 0.067524 0.917223 0.081994 0.922563 0.101286 0.923899 0.11093200000000002 0.927904 0.135048 0.927904 0.154341 0.922563 0.160772 0.9319089999999999 0.163987 0.9506010000000001 0.180064 0.959947 0.21061100000000002 0.965287 0.23955 0.965287 0.250804 0.961282 0.263666 0.959947 0.270096 0.955941 0.278135 0.955941 0.284566 0.959947 0.286174 0.9719630000000001 0.299035 0.978638 0.318328 0.982644 0.33119 0.987984 0.342444 0.987984 0.379421 0.9959949999999999 0.4131830000000001 0.9959949999999999 0.419614 0.991989 0.430868 0.990654 0.44533800000000007 0.983979 0.47749199999999997 0.9959949999999999 0.4919609999999999 0.9959949999999999 0.498392 0.998665 0.53537 0.998665 0.546624 0.9959949999999999 0.559486 0.9959949999999999 0.564309 0.993324 0.57074 0.993324 0.573955 0.998665 0.643087 0.998665 0.654341 0.9959949999999999 0.667203 0.9959949999999999 0.692926 0.987984 0.771704 0.986649 0.782958 0.981308 0.792605 0.981308 0.832797 0.965287 0.840836 0.959947 0.8472670000000001 0.959947 0.866559 0.9532709999999999 0.874598 0.9532709999999999 0.892283 0.94526 0.900322 0.94526 0.92283 0.935915 0.9340840000000001 0.926569 0.9372989999999999 0.921228 0.9372989999999999 0.914553 0.940514 0.911883 0.956592 0.9105469999999999 0.9774920000000001 0.902537 0.990354 0.894526 0.998392 0.88518 0.996785 0.870494 0.959807 0.893191 0.951768 0.895861 0.9372989999999999 0.895861 0.9244370000000001 0.899866 0.918006 0.906542 0.918006 0.9185580000000001 0.9115759999999999 0.923899 0.892283 0.9305739999999999 0.8858520000000001 0.9305739999999999 0.869775 0.938585 0.861736 0.938585 0.8472670000000001 0.943925 0.8295819999999999 0.946595 0.823151 0.9519359999999999 0.818328 0.9519359999999999 0.787781 0.966622 0.778135 0.966622 0.757235 0.9732979999999999 0.688103 0.9732979999999999 0.662379 0.981308 0.64791 0.981308 0.625402 0.986649 0.602894 0.986649 0.594855 0.982644 0.586817 0.982644 0.578778 0.975968 0.530547 0.983979 0.504823 0.983979 0.496785 0.981308 0.48392300000000005 0.981308 0.467846 0.9732979999999999 0.461415 0.9732979999999999 0.45337599999999995 0.967957 0.440514 0.967957 0.430868 0.9732979999999999 0.403537 0.981308 0.384244 0.981308 0.347267 0.9732979999999999 0.336013 0.9732979999999999 0.323151 0.967957 0.311897 0.966622 0.303859 0.9626170000000001 0.303859 0.957276 0.299035 0.9492660000000002 0.282958 0.9412550000000001 0.263666 0.9412550000000001 0.257235 0.94526 0.234727 0.9506010000000001 0.215434 0.9506010000000001 0.189711 0.946595 0.180064 0.9412550000000001 0.178457 0.925234 0.16881 0.9105469999999999 0.162379 0.9078769999999999 0.138264 0.9092119999999999 0.130225 0.913218 0.115756 0.913218 0.109325 0.9092119999999999 0.093248 0.9092119999999999 0.080386 0.903872 0.073955 0.903872 0.067524 0.899866 0.065916 0.895861 0.046624 0.891856 0.041801 0.88518 0.045016 0.8664889999999998 0.040193 0.861148 0.028939 0.859813 0.019293 0.8544729999999999
6 0.469453 0.012016000000000002 0.463023 0.017356 0.463023 0.024032000000000005 0.469453 0.041389 0.469453 0.06275 0.463023 0.069426 0.463023 0.074766 0.46623799999999993 0.078772 0.47749199999999997 0.078772 0.482315 0.076101 0.48553099999999993 0.069426 0.48553099999999993 0.030708 0.4791 0.014685999999999998
6 0.405145 0.066756 0.406752 0.073431 0.41479099999999997 0.077437 0.454984 0.078772 0.461415 0.082777 0.467846 0.082777 0.47266899999999995 0.080107 0.47266899999999995 0.069426 0.46623799999999993 0.065421 0.411576 0.061415
7 0.382637 0.098798 0.384244 0.10680900000000002 0.401929 0.11615500000000001 0.40836 0.11615500000000001 0.41479099999999997 0.11215 0.47106100000000006 0.110814 0.47106100000000006 0.101469 0.46463000000000004 0.097463 0.403537 0.098798 0.393891 0.09345799999999999 0.389068 0.09345799999999999
7 0.35209 0.144192 0.355305 0.152203 0.37299 0.152203 0.389068 0.165554 0.40836 0.165554 0.418006 0.160214 0.45176800000000006 0.165554 0.47266899999999995 0.165554 0.48553099999999993 0.162884 0.48553099999999993 0.150868 0.480707 0.148198 0.47266899999999995 0.148198 0.463023 0.152203 0.448553 0.150868 0.42282999999999993 0.144192 0.4131830000000001 0.144192 0.405145 0.149533 0.397106 0.150868 0.379421 0.137517 0.363344 0.137517 0.355305 0.140187