0 0.250522 0.1471 0.258873 0.237624 0.265136 0.251768 0.265136 0.264498 0.269311 0.27157 0.290188 0.366337 0.290188 0.422914 0.701461 0.422914 0.701461 0.384724 0.707724 0.34512 0.722338 0.294201 0.732777 0.272984 0.73904 0.166902 0.743215 0.1471 0.741127 0.141443 0.693111 0.131542 0.590814 0.132956 0.569937 0.138614 0.411273 0.138614 0.386221 0.132956 0.302714 0.131542 0.267223 0.138614 0.26096 0.1471
4 0.290188 0.424328 0.277662 0.471004 0.235908 0.564356 0.221294 0.608204 0.219207 0.623762 0.20668099999999998 0.647808 0.204593 0.666195 0.196242 0.684583 0.187891 0.790665 0.192067 0.874116 0.187891 0.881188 0.175365 0.8910889999999999 0.164927 0.9108910000000001 0.164927 0.916549 0.152401 0.9434229999999999 0.154489 0.9603960000000001 0.179541 0.975955 0.196242 0.981612 0.306889 0.981612 0.327766 0.97454 0.348643 0.97454 0.359081 0.980198 0.373695 0.983027 0.386221 0.991513 0.398747 0.9957569999999999 0.434238 0.9957569999999999 0.455115 0.985856 0.473904 0.9872699999999999 0.498956 0.9957569999999999 0.524008 0.9985860000000001 0.553236 0.997171 0.565762 0.988685 0.584551 0.988685 0.599165 0.992928 0.659708 0.992928 0.6805850000000001 0.985856 0.730689 0.980198 0.7453029999999999 0.970297 0.751566 0.9688830000000002 0.805846 0.9688830000000002 0.82881 0.96181 0.841336 0.950495 0.841336 0.940594 0.822547 0.9024050000000001 0.805846 0.881188 0.803758 0.864215 0.797495 0.8557280000000002 0.799582 0.8387549999999999 0.803758 0.8330979999999999 0.803758 0.8062230000000001 0.799582 0.8005660000000001 0.799582 0.718529 0.795407 0.697313 0.795407 0.66761 0.791232 0.652051 0.784969 0.64215 0.782881 0.628006 0.778706 0.623762 0.7682670000000001 0.585573 0.716075 0.475248 0.707724 0.45120200000000005 0.703549 0.425743
5 0.716075 0.0028289999999999995 0.705637 0.01273 0.691023 0.036775 0.6805850000000001 0.048091 0.655532 0.103253 0.655532 0.115983 0.649269 0.12446999999999998 0.649269 0.130127 0.693111 0.130127 0.726514 0.135785 0.7453029999999999 0.142857 0.73904 0.176803 0.73904 0.22772300000000004 0.732777 0.24893900000000002 0.734864 0.264498 0.730689 0.285714 0.741127 0.38330999999999993 0.741127 0.422914 0.7453029999999999 0.437058 0.7453029999999999 0.466761 0.753653 0.509194 0.770355 0.553041 0.778706 0.592645 0.789144 0.615276 0.789144 0.628006 0.784969 0.636492 0.787056 0.704385 0.780793 0.735502 0.776618 0.7835929999999999 0.772443 0.796322 0.7682670000000001 0.848656 0.772443 0.851485 0.795407 0.854314 0.805846 0.861386 0.812109 0.857143 0.824635 0.8557280000000002 0.832985 0.857143 0.845511 0.864215 0.897704 0.864215 0.901879 0.861386 0.920668 0.859972 0.926931 0.857143 0.933194 0.8472419999999999 0.947808 0.84017 0.960334 0.8415840000000001 0.966597 0.8387549999999999 0.985386 0.837341 0.997912 0.830269 0.997912 0.826025 0.987474 0.807638 0.970772 0.7623760000000002 0.943633 0.717115 0.933194 0.687412 0.929019 0.683168 0.914405 0.644979 0.903967 0.630835 0.899791 0.61669 0.899791 0.578501 0.891441 0.533239 0.891441 0.44837299999999997 0.885177 0.4016970000000001 0.88309 0.2843 0.876827 0.169731 0.866388 0.11456899999999999 0.864301 0.07355 0.858038 0.052334 0.849687 0.041018 0.85595 0.029703 0.860125 0.028289 0.868476 0.016973 0.864301 0.01273 0.805846 0.005657999999999999 0.791232 0.001414
5 0.277662 0.005657999999999999 0.219207 0.005657999999999999 0.162839 0.009901 0.160752 0.008487 0.133612 0.016973 0.121086 0.016973 0.112735 0.022631 0.114823 0.032532 0.133612 0.04950499999999999 0.133612 0.067893 0.127349 0.084866 0.125261 0.142857 0.121086 0.149929 0.11691 0.413013 0.112735 0.425743 0.112735 0.480905 0.104384 0.531825 0.104384 0.570014 0.093946 0.606789 0.093946 0.636492 0.068894 0.671853 0.056367 0.704385 0.035491 0.7369169999999999 0.031315 0.755304 0.020877 0.769448 0.016701 0.7892499999999999 0.002088 0.818953 0.002088 0.8359260000000001 0.035491 0.848656 0.056367 0.848656 0.064718 0.8529000000000001 0.070981 0.859972 0.08977 0.864215 0.162839 0.865629 0.181628 0.8684579999999998 0.192067 0.862801 0.18580400000000002 0.831683 0.187891 0.759547 0.192067 0.719943 0.204593 0.666195 0.204593 0.647808 0.208768 0.64215 0.200418 0.619519 0.208768 0.605375 0.217119 0.571429 0.221294 0.565771 0.221294 0.55587 0.229645 0.534653 0.244259 0.475248 0.25261 0.427157 0.258873 0.325318 0.258873 0.241867 0.250522 0.173975 0.250522 0.145686 0.26096 0.145686 0.267223 0.137199 0.302714 0.130127 0.354906 0.131542 0.338205 0.121641 0.338205 0.11174 0.321503 0.082037 0.31524 0.059406 0.283925 0.008487
2 0.244259 0.144272 0.244259 0.149929 0.250522 0.154173 0.263048 0.154173 0.271399 0.149929 0.279749 0.149929 0.2881000000000001 0.145686 0.306889 0.142857 0.311065 0.140028 0.400835 0.140028 0.40501 0.142857 0.4238 0.144272 0.65762 0.142857 0.693111 0.144272 0.7119 0.149929 0.728601 0.149929 0.736952 0.155587 0.74739 0.155587 0.755741 0.149929 0.755741 0.144272 0.743215 0.137199 0.7244260000000001 0.137199 0.703549 0.130127 0.668058 0.128713 0.43215 0.130127 0.411273 0.127298 0.298539 0.127298 0.273486 0.132956 0.267223 0.137199 0.250522 0.140028
7 0.183716 0.882603 0.183716 0.88826 0.204593 0.898161 0.23382 0.90099 0.242171 0.905233 0.267223 0.906648 0.277662 0.9108910000000001 0.298539 0.9108910000000001 0.317328 0.915134 0.352818 0.917963 0.45720299999999997 0.920792 0.465553 0.923621 0.544885 0.923621 0.551148 0.920792 0.670146 0.917963 0.695198 0.912306 0.728601 0.9108910000000001 0.749478 0.905233 0.759916 0.905233 0.80167 0.8967470000000001 0.812109 0.889675 0.812109 0.882603 0.805846 0.878359 0.793319 0.878359 0.784969 0.884017 0.772443 0.8854310000000001 0.7682670000000001 0.88826 0.741127 0.8910889999999999 0.713987 0.898161 0.693111 0.898161 0.6617950000000001 0.903819 0.626305 0.903819 0.615866 0.906648 0.473904 0.909477 0.407098 0.906648 0.394572 0.903819 0.361169 0.903819 0.296451 0.898161 0.279749 0.895332 0.269311 0.8910889999999999 0.250522 0.8910889999999999 0.23382 0.8854310000000001 0.221294 0.8854310000000001 0.19833 0.878359 0.189979 0.878359
1 0.847599 0.947666 0.843424 0.944837 0.832985 0.944837 0.810021 0.958982 0.753653 0.9603960000000001 0.743215 0.9632250000000001 0.732777 0.971711 0.713987 0.973126 0.699374 0.977369 0.676409 0.978784 0.672234 0.981612 0.609603 0.985856 0.590814 0.984441 0.586639 0.981612 0.559499 0.981612 0.542797 0.9872699999999999 0.509395 0.9872699999999999 0.484342 0.984441 0.471816 0.978784 0.448852 0.978784 0.444676 0.981612 0.430063 0.984441 0.411273 0.984441 0.388309 0.978784 0.37160800000000005 0.977369 0.363257 0.971711 0.340292 0.9632250000000001 0.313152 0.964639 0.300626 0.967468 0.294363 0.971711 0.250522 0.977369 0.223382 0.977369 0.194154 0.970297 0.158664 0.947666 0.150313 0.947666 0.14405000000000004 0.9519090000000001 0.14405000000000004 0.957567 0.179541 0.981612 0.215031 0.991513 0.26096 0.991513 0.281837 0.988685 0.2881000000000001 0.985856 0.306889 0.984441 0.325678 0.977369 0.336117 0.977369 0.363257 0.991513 0.398747 0.9957569999999999 0.402923 0.9985860000000001 0.438413 0.9985860000000001 0.45720299999999997 0.992928 0.467641 0.994342 0.475992 0.9985860000000001 0.561587 0.9985860000000001 0.572025 0.994342 0.582463 0.9985860000000001 0.65762 0.9985860000000001 0.674322 0.994342 0.716075 0.9900990000000001 0.726514 0.985856 0.7453029999999999 0.984441 0.755741 0.975955 0.762004 0.97454 0.797495 0.97454 0.82881 0.971711 0.845511 0.958982
6 0.275574 0.007072 0.269311 0.011315 0.269311 0.018388 0.275574 0.026873999999999995 0.283925 0.052334 0.296451 0.072136 0.300626 0.093352 0.306889 0.100424 0.31524 0.128713 0.321503 0.132956 0.329854 0.132956 0.336117 0.128713 0.336117 0.11456899999999999 0.325678 0.100424 0.317328 0.066478 0.296451 0.031117 0.294363 0.016973 0.283925 0.007072
6 0.726514 0.004243 0.718163 0.004243 0.709812 0.011315 0.709812 0.018388 0.701461 0.031117 0.701461 0.036775 0.686848 0.065064 0.682672 0.067893 0.6805850000000001 0.080622 0.670146 0.096181 0.668058 0.10749599999999998 0.6617950000000001 0.11456899999999999 0.6617950000000001 0.121641 0.65762 0.12446999999999998 0.65762 0.130127 0.663883 0.134371 0.676409 0.134371 0.6805850000000001 0.131542 0.6805850000000001 0.12305499999999998 0.686848 0.118812 0.691023 0.101839 0.701461 0.08628 0.701461 0.077793 0.722338 0.043847 0.722338 0.035361 0.730689 0.024045000000000004 0.732777 0.008487
7 0.118998 0.019802 0.112735 0.024045000000000004 0.112735 0.032532 0.121086 0.043847 0.148225 0.063649 0.152401 0.074965 0.179541 0.087694 0.210856 0.090523 0.221294 0.094767 0.212944 0.103253 0.212944 0.11456899999999999 0.217119 0.121641 0.221294 0.12446999999999998 0.227557 0.12446999999999998 0.242171 0.132956 0.246347 0.148515 0.25261 0.152758 0.267223 0.152758 0.271399 0.149929 0.271399 0.140028 0.265136 0.135785 0.26096 0.12305499999999998 0.235908 0.110325 0.237996 0.104668 0.244259 0.100424 0.244259 0.08628 0.235908 0.080622 0.219207 0.076379 0.187891 0.07355 0.17119 0.063649 0.169102 0.057991999999999995 0.158664 0.048091 0.139875 0.035361 0.131524 0.022631 0.127349 0.019802
7 0.862213 0.018388 0.853862 0.018388 0.826722 0.039604 0.793319 0.052334 0.780793 0.060820000000000006 0.77453 0.074965 0.77453 0.084866 0.759916 0.093352 0.74739 0.104668 0.736952 0.121641 0.722338 0.128713 0.722338 0.135785 0.726514 0.138614 0.741127 0.138614 0.757829 0.128713 0.764092 0.11456899999999999 0.795407 0.093352 0.795407 0.080622 0.80167 0.067893 0.843424 0.050919 0.851775 0.045262 0.851775 0.042433 0.866388 0.033946 0.868476 0.022631
6 0.091858 0.609618 0.091858 0.615276 0.102296 0.622348 0.114823 0.626591 0.137787 0.62942 0.179541 0.628006 0.194154 0.623762 0.204593 0.623762 0.208768 0.620934 0.208768 0.613861 0.202505 0.609618 0.150313 0.615276 0.125261 0.612447 0.106472 0.605375 0.098121 0.605375
6 0.908142 0.609618 0.901879 0.605375 0.889353 0.605375 0.868476 0.612447 0.82881 0.618105 0.795407 0.615276 0.789144 0.619519 0.789144 0.625177 0.797495 0.630835 0.847599 0.630835 0.899791 0.620934 0.908142 0.615276