0 0.698276 0.009397 0.693487 0.009397 0.684866 0.007047999999999999 0.677203 0.000783 0.67433 0 0.646552 0.001566 0.636973 0.004699 0.62931 0.009397 0.619732 0.011746 0.606322 0.018794 0.595785 0.022709 0.58908 0.028974 0.577586 0.033673 0.568966 0.04072 0.561303 0.04307 0.55364 0.049334 0.545019 0.052467 0.537356 0.05716500000000001 0.517241 0.058731 0.477011 0.057948 0.451149 0.04072 0.444444 0.037588 0.436782 0.031323 0.431034 0.029757 0.41954 0.021143 0.401341 0.011746 0.383142 0.005482 0.375479 0.006264999999999999 0.366858 0.003915 0.346743 0.002349 0.34387 0.003132 0.340038 0.001566 0.329502 0.002349 0.313218 0.009397 0.302682 0.018794 0.302682 0.023493 0.309387 0.034456 0.309387 0.05090100000000001 0.313218 0.05716500000000001 0.313218 0.064996 0.310345 0.083007 0.308429 0.086139 0.307471 0.104933 0.305556 0.107283 0.305556 0.11198100000000001 0.300766 0.12686 0.300766 0.134691 0.299808 0.135474 0.298851 0.133125 0.297893 0.135474 0.298851 0.14722 0.295977 0.162099 0.294061 0.163665 0.293103 0.16758 0.291188 0.16758 0.291188 0.164448 0.293103 0.162099 0.293103 0.155051 0.29023 0.170713 0.291188 0.175411 0.289272 0.175411 0.289272 0.173062 0.289272 0.187157 0.287356 0.194205 0.289272 0.197338 0.291188 0.238058 0.294061 0.245889 0.294061 0.255286 0.297893 0.263117 0.297893 0.271731 0.301724 0.280345 0.305556 0.295223 0.312261 0.30462 0.314176 0.309319 0.314176 0.3148 0.31705 0.320282 0.31705 0.3148 0.318966 0.3148 0.318008 0.322631 0.321839 0.329679 0.321839 0.345341 0.338123 0.39076 0.338123 0.413469 0.342912 0.425215 0.342912 0.43461199999999994 0.349617 0.43931099999999995 0.353448 0.4408770000000001 0.360153 0.43931099999999995 0.368774 0.442443 0.39751 0.442443 0.413793 0.436962 0.418582 0.436962 0.434866 0.432263 0.477011 0.433829 0.483716 0.43148 0.511494 0.432263 0.515326 0.43069699999999994 0.539272 0.43069699999999994 0.554598 0.436962 0.564176 0.436962 0.573755 0.43931099999999995 0.581418 0.4385279999999999 0.595785 0.44400900000000004 0.62069 0.44400900000000004 0.635057 0.447142 0.641762 0.447142 0.651341 0.442443 0.663793 0.43069699999999994 0.663793 0.409554 0.665709 0.399374 0.672414 0.382146 0.673372 0.372749 0.679119 0.361785 0.681034 0.346124 0.683908 0.340642 0.685824 0.329679 0.689655 0.321848 0.689655 0.317933 0.704981 0.281911 0.705939 0.269381 0.70977 0.259984 0.711686 0.24667199999999997 0.713602 0.24354 0.713602 0.225529 0.716475 0.213782 0.721264 0.203602 0.721264 0.196554 0.72318 0.191073 0.721264 0.173845 0.716475 0.165231 0.715517 0.155051 0.70977 0.145654 0.708812 0.132341 0.711686 0.12451099999999998 0.704981 0.10884899999999999 0.701149 0.084573 0.701149 0.070478 0.704023 0.056382 0.705939 0.05325 0.707854 0.04307 0.713602 0.031323 0.710728 0.028191 0.70977 0.019577
4 0.216475 0.697729 0.216475 0.699295 0.215517 0.700078 0.215517 0.702428 0.214559 0.703211 0.214559 0.70556 0.214559 0.703994 0.215517 0.703211 0.215517 0.702428 0.216475 0.701644 0.225096 0.678152 0.221264 0.685983 0.224138 0.685983 0.22318 0.681284 0.661877 0.44009400000000004 0.650383 0.44009400000000004 0.635057 0.447925 0.62069 0.4447920000000001 0.595785 0.4447920000000001 0.581418 0.43931099999999995 0.573755 0.44009400000000004 0.564176 0.437745 0.554598 0.437745 0.539272 0.43148 0.515326 0.43148 0.511494 0.433046 0.483716 0.432263 0.477011 0.43461199999999994 0.434866 0.433046 0.418582 0.437745 0.413793 0.437745 0.39751 0.443226 0.368774 0.443226 0.360153 0.44009400000000004 0.353448 0.44166 0.347701 0.43931099999999995 0.342912 0.44870800000000005 0.33908 0.449491 0.33046 0.4635870000000001 0.329502 0.467502 0.318008 0.48473000000000005 0.312261 0.498042 0.306513 0.50509 0.305556 0.511355 0.292146 0.531715 0.289272 0.544244 0.275862 0.562255 0.272989 0.570869 0.266284 0.582616 0.265326 0.591229 0.259579 0.602976 0.256705 0.617071 0.24904199999999999 0.628818 0.240421 0.648395 0.227969 0.670321 0.227969 0.674236 0.232759 0.677369 0.232759 0.678935 0.228927 0.681284 0.228927 0.687549 0.225096 0.690681 0.225096 0.696946 0.221264 0.703211 0.219349 0.714957 0.216475 0.720439 0.213602 0.720439 0.213602 0.710258 0.212644 0.711042 0.207854 0.729052 0.207854 0.732185 0.208812 0.730619 0.211686 0.735317 0.20977 0.740016 0.207854 0.740799 0.206897 0.733751 0.202107 0.750979 0.204981 0.74863 0.205939 0.754111 0.204023 0.763508 0.200192 0.769773 0.200192 0.776821 0.197318 0.782302 0.19636 0.794049 0.192529 0.801879 0.192529 0.817541 0.188697 0.83007 0.184866 0.833203 0.183908 0.830854 0.18295 0.8410339999999998 0.178161 0.855129 0.178161 0.8590449999999998 0.183908 0.87314 0.183908 0.889585 0.186782 0.891934 0.187739 0.89585 0.192529 0.901331 0.194444 0.9060299999999999 0.201149 0.912294 0.201149 0.9146439999999999 0.211686 0.9263900000000002 0.24808399999999997 0.9608460000000001 0.251916 0.967894 0.262452 0.9765069999999999 0.270115 0.9874710000000001 0.27682 0.98982 0.281609 0.988254 0.293103 0.98982 0.329502 0.988254 0.335249 0.98982 0.338123 0.992169 0.350575 0.993735 0.354406 0.999217 0.383142 0.999217 0.391762 0.9945179999999999 0.402299 0.9929519999999998 0.409004 0.988254 0.415709 0.9890370000000002 0.427203 0.9866879999999999 0.431992 0.9835549999999998 0.439655 0.9835549999999998 0.441571 0.981989 0.449234 0.9804230000000002 0.465517 0.9804230000000002 0.478927 0.9835549999999998 0.496169 0.9835549999999998 0.506705 0.985121 0.523946 0.984338 0.531609 0.985121 0.536398 0.9874710000000001 0.568966 0.9866879999999999 0.584291 0.985121 0.604406 0.9859039999999999 0.612069 0.9929519999999998 0.62069 0.993735 0.623563 0.9960850000000001 0.623563 0.999217 0.645594 0.9984340000000002 0.658046 0.992169 0.663793 0.992169 0.670498 0.98982 0.695402 0.98982 0.699234 0.9890370000000002 0.702107 0.9866879999999999 0.718391 0.9859039999999999 0.721264 0.98982 0.725096 0.98982 0.747126 0.978857 0.758621 0.9694600000000001 0.768199 0.956147 0.772031 0.943618 0.785441 0.931872 0.810345 0.9028969999999998 0.815134 0.894283 0.818966 0.8903680000000002 0.820881 0.867659 0.824713 0.864526 0.816092 0.850431 0.811303 0.829287 0.810345 0.8167580000000001 0.802682 0.790133 0.802682 0.777604 0.797893 0.757244 0.795977 0.754111 0.795019 0.741582 0.789272 0.728269 0.786398 0.714174 0.771073 0.681284 0.770115 0.67267 0.767241 0.667189 0.762452 0.644479 0.759579 0.641347 0.754789 0.629601 0.750958 0.625685 0.747126 0.616288 0.744253 0.60141 0.733716 0.575568 0.734674 0.570869 0.729885 0.557557 0.724138 0.552075 0.722222 0.540329 0.718391 0.53563 0.715517 0.526233 0.707854 0.520752 0.703065 0.506656 0.69636 0.4964759999999999 0.69636 0.487862 0.694444 0.483164 0.686782 0.4722 0.677203 0.46437 0.673372 0.4565389999999999 0.664751 0.447142 0.17433 0.399374 0.17433 0.400157 0.175287 0.399374
5 0.711686 0.025842 0.714559 0.03289 0.710728 0.038371 0.704981 0.056382 0.702107 0.070478 0.702107 0.084573 0.705939 0.10884899999999999 0.712644 0.12451099999999998 0.70977 0.132341 0.710728 0.145654 0.716475 0.155051 0.717433 0.165231 0.722222 0.173845 0.724138 0.191073 0.722222 0.196554 0.722222 0.203602 0.717433 0.213782 0.714559 0.225529 0.713602 0.245889 0.715517 0.24823799999999996 0.714559 0.261551 0.711686 0.269381 0.712644 0.310102 0.70977 0.321065 0.70977 0.330462 0.705939 0.340642 0.705939 0.363352 0.704023 0.368833 0.704981 0.400157 0.702107 0.406421 0.702107 0.417384 0.705939 0.435395 0.705939 0.44400900000000004 0.70977 0.454973 0.70977 0.476116 0.713602 0.487079 0.713602 0.494127 0.715517 0.49725899999999995 0.716475 0.506656 0.718391 0.509789 0.718391 0.524667 0.720307 0.528583 0.720307 0.537197 0.726054 0.556774 0.726054 0.569303 0.730843 0.58888 0.734674 0.598277 0.734674 0.602193 0.740421 0.612373 0.742337 0.620987 0.747126 0.628818 0.750958 0.640564 0.757663 0.653093 0.76341 0.660141 0.767241 0.671887 0.777778 0.6852 0.783525 0.696946 0.794061 0.710258 0.796935 0.717306 0.804598 0.727486 0.805556 0.731402 0.812261 0.738449 0.818008 0.751762 0.818008 0.757244 0.821839 0.765074 0.821839 0.802662 0.816092 0.8159749999999999 0.816092 0.846515 0.821839 0.859828 0.82567 0.859828 0.834291 0.86296 0.838123 0.8606109999999999 0.842912 0.859828 0.860153 0.8606109999999999 0.866858 0.857478 0.881226 0.858262 0.887931 0.855129 0.896552 0.855912 0.900383 0.853563 0.907088 0.853563 0.91092 0.851214 0.921456 0.848865 0.927203 0.848865 0.943487 0.841817 0.947318 0.841817 0.956897 0.8371180000000001 0.960728 0.8371180000000001 0.967433 0.8339859999999999 0.977969 0.833203 0.9846739999999999 0.83007 0.9942530000000002 0.83007 0.9980839999999999 0.8230229999999998 0.999042 0.803446 0.9856320000000001 0.777604 0.967433 0.755677 0.951149 0.744714 0.944444 0.731402 0.944444 0.719655 0.94636 0.714957 0.950192 0.711825 0.954023 0.704777 0.955939 0.691464 0.960728 0.678935 0.960728 0.623336 0.954981 0.610023 0.954023 0.599843 0.949234 0.587314 0.944444 0.581049 0.943487 0.575568 0.930077 0.557557 0.917625 0.54581 0.902299 0.527016 0.89751 0.518403 0.89272 0.513704 0.890805 0.508222 0.890805 0.501958 0.886973 0.490995 0.885057 0.46437 0.878352 0.44166 0.878352 0.43069699999999994 0.872605 0.40877100000000005 0.872605 0.397024 0.87069 0.393892 0.869732 0.383712 0.866858 0.376664 0.866858 0.30462 0.867816 0.302271 0.871648 0.300705 0.885057 0.289742 0.891762 0.277212 0.89272 0.267032 0.887931 0.249804 0.881226 0.23962399999999998 0.878352 0.227878 0.873563 0.216915 0.872605 0.209867 0.85728 0.184025 0.856322 0.176977 0.859195 0.158183 0.859195 0.130775 0.861111 0.12686 0.861111 0.115114 0.863985 0.10101800000000001 0.863027 0.088489 0.856322 0.076742 0.840038 0.06343 0.83046 0.060298 0.822797 0.05325 0.813218 0.051684 0.80364 0.044636 0.796935 0.043853 0.794061 0.045419 0.79023 0.04307 0.789272 0.04072 0.784483 0.04072 0.781609 0.036022 0.779693 0.035239 0.766284 0.036805 0.761494 0.033673 0.751916 0.03289 0.746169 0.03054 0.73659 0.028974 0.730843 0.03054 0.724138 0.025842 0.72318 0.027407999999999995
5 0.307471 0.014879 0.301724 0.019577 0.291188 0.02036 0.279693 0.025059 0.27682 0.024276 0.272031 0.028191 0.268199 0.027407999999999995 0.270115 0.022709 0.267241 0.022709 0.267241 0.025842 0.264368 0.028191 0.258621 0.028974 0.251916 0.03289 0.24808399999999997 0.032106 0.245211 0.033673 0.241379 0.033673 0.23659 0.036805 0.228927 0.036022 0.227011 0.038371 0.215517 0.044636 0.210728 0.045419 0.206897 0.042287 0.204023 0.044636 0.200192 0.045419 0.194444 0.052467 0.189655 0.051684 0.187739 0.05325 0.181034 0.054033 0.176245 0.058731 0.172414 0.059514 0.164751 0.064213 0.150383 0.078309 0.148467 0.086922 0.150383 0.142522 0.154215 0.1574 0.155172 0.176194 0.153257 0.181676 0.141762 0.197338 0.136015 0.213782 0.133142 0.227878 0.128352 0.23962399999999998 0.122605 0.245889 0.116858 0.259984 0.118774 0.280345 0.122605 0.286609 0.132184 0.292874 0.141762 0.301488 0.14272 0.30462 0.139847 0.321848 0.140805 0.353171 0.137931 0.367267 0.137931 0.382146 0.133142 0.397807 0.131226 0.415818 0.128352 0.424432 0.127395 0.447925 0.122605 0.4604539999999999 0.121648 0.476116 0.117816 0.486296 0.116858 0.503524 0.10728 0.519969 0.103448 0.522318 0.10249 0.524667 0.085249 0.541112 0.073755 0.557557 0.063218 0.56852 0.051724 0.587314 0.044061 0.616288 0.043103 0.670321 0.045977 0.693814 0.049808 0.701644 0.051724 0.711042 0.057471 0.718872 0.059387 0.729052 0.052682 0.732968 0.039272 0.750196 0.023946 0.765857 0.015325999999999998 0.777604 0.011494 0.779953 0 0.803446 0 0.8073609999999999 0.004789 0.814409 0.01341 0.82224 0.018199 0.8230229999999998 0.021073 0.8261550000000001 0.024904 0.8253719999999999 0.030651 0.8277210000000002 0.042146 0.8277210000000002 0.045977 0.830854 0.050766 0.829287 0.057471 0.8363350000000002 0.06705 0.837901 0.072797 0.841817 0.073755 0.8441660000000001 0.086207 0.8457320000000002 0.08908 0.848865 0.095785 0.848865 0.097701 0.847298 0.100575 0.847298 0.101533 0.848865 0.105364 0.849648 0.114943 0.858262 0.130268 0.864526 0.150383 0.864526 0.161877 0.859828 0.176245 0.8590449999999998 0.181992 0.865309 0.181992 0.87314 0.18295 0.833203 0.180077 0.8253719999999999 0.180077 0.8050119999999998 0.181992 0.801879 0.181992 0.775255 0.178161 0.767424 0.177203 0.754111 0.184866 0.743931 0.184866 0.736883 0.19636 0.728269 0.203065 0.719655 0.210728 0.707126 0.212644 0.700861 0.217433 0.694597 0.218391 0.690681 0.222222 0.687549 0.220307 0.685983 0.22318 0.680501 0.225096 0.683634 0.230843 0.676586 0.227011 0.674236 0.227011 0.670321 0.239464 0.648395 0.24808399999999997 0.628818 0.255747 0.617071 0.258621 0.602976 0.264368 0.591229 0.267241 0.577917 0.272031 0.570869 0.27682 0.559123 0.29023 0.545027 0.29023 0.529366 0.293103 0.521535 0.293103 0.506656 0.295977 0.4988250000000001 0.297893 0.48473000000000005 0.300766 0.477682 0.300766 0.4604539999999999 0.302682 0.454973 0.302682 0.436179 0.304598 0.43069699999999994 0.307471 0.385278 0.306513 0.363352 0.304598 0.35787 0.305556 0.33751 0.304598 0.326547 0.300766 0.316366 0.300766 0.261551 0.295019 0.25137 0.293103 0.250587 0.292146 0.24119 0.29023 0.238058 0.29023 0.21926399999999996 0.288314 0.216132 0.288314 0.197338 0.286398 0.191073 0.288314 0.187157 0.288314 0.173062 0.29023 0.173062 0.29023 0.175411 0.289272 0.170713 0.292146 0.155051 0.294061 0.155051 0.294061 0.162099 0.292146 0.164448 0.292146 0.16758 0.293103 0.163665 0.295019 0.162099 0.297893 0.14722 0.296935 0.135474 0.298851 0.132341 0.299808 0.134691 0.299808 0.12686 0.302682 0.11981199999999999 0.304598 0.107283 0.306513 0.104933 0.307471 0.086139 0.309387 0.083007 0.312261 0.064996 0.312261 0.05716500000000001 0.308429 0.05090100000000001 0.308429 0.034456 0.302682 0.025059 0.30364 0.019577
7 0.345785 0.436179 0.345785 0.44009400000000004 0.347701 0.443226 0.358238 0.447925 0.41092 0.447925 0.413793 0.446359 0.420498 0.446359 0.431992 0.44166 0.436782 0.44166 0.445402 0.437745 0.451149 0.436179 0.457854 0.436179 0.460728 0.43461199999999994 0.5 0.43461199999999994 0.502874 0.436179 0.516284 0.436179 0.522031 0.4385279999999999 0.533525 0.4385279999999999 0.545019 0.44166 0.554598 0.44166 0.568966 0.446359 0.57567 0.446359 0.578544 0.447925 0.590038 0.447925 0.592912 0.449491 0.603448 0.449491 0.610153 0.45184 0.624521 0.45184 0.630268 0.449491 0.639847 0.449491 0.64272 0.447925 0.659004 0.4447920000000001 0.664751 0.44009400000000004 0.664751 0.433046 0.662835 0.43069699999999994 0.659004 0.429131 0.648467 0.429131 0.638889 0.433829 0.614943 0.436962 0.610153 0.435395 0.601533 0.435395 0.596743 0.433829 0.586207 0.433829 0.582375 0.432263 0.576628 0.432263 0.561303 0.427565 0.552682 0.427565 0.539272 0.423649 0.509579 0.42208300000000004 0.506705 0.4205169999999999 0.453065 0.4205169999999999 0.450192 0.42208300000000004 0.440613 0.4228660000000001 0.429119 0.427565 0.42433 0.427565 0.415709 0.43148 0.407088 0.432263 0.404215 0.433829 0.3659 0.433829 0.363027 0.43069699999999994 0.359195 0.429131 0.353448 0.429131 0.348659 0.43148
2 0.298851 0.02036 0.298851 0.024276 0.301724 0.028191 0.305556 0.029757 0.311303 0.029757 0.315134 0.028191 0.323755 0.02036 0.329502 0.017228 0.347701 0.010963 0.353448 0.010963 0.362069 0.014095999999999997 0.374521 0.014095999999999997 0.37931 0.017228 0.395594 0.023493 0.398467 0.026625 0.403257 0.027407999999999995 0.408046 0.032106 0.422414 0.039154 0.430077 0.041504 0.433908 0.045419 0.441571 0.047768 0.454981 0.05716500000000001 0.461686 0.059514 0.477969 0.068128 0.49904199999999993 0.068128 0.501916 0.069695 0.52682 0.069695 0.529693 0.068128 0.537356 0.068128 0.56705 0.05325 0.577586 0.043853 0.590996 0.037588 0.595785 0.033673 0.606322 0.03054 0.609195 0.027407999999999995 0.616858 0.026625 0.621648 0.022709 0.630268 0.02036 0.635057 0.016445 0.640805 0.016445 0.645594 0.014095999999999997 0.673372 0.012529 0.676245 0.014095999999999997 0.68295 0.014879 0.690613 0.021143 0.692529 0.025842 0.695402 0.027407999999999995 0.707854 0.027407999999999995 0.711686 0.024276 0.711686 0.017228 0.706897 0.010963 0.700192 0.005482 0.687739 0 0.637931 0 0.635057 0.001566 0.630268 0.001566 0.619732 0.007047999999999999 0.608238 0.010963 0.605364 0.013311999999999997 0.597701 0.014879 0.592912 0.018794 0.583333 0.021926 0.577586 0.025842 0.570881 0.028191 0.543103 0.047768 0.533525 0.052467 0.523946 0.05325 0.519157 0.05559900000000001 0.510536 0.05559900000000001 0.505747 0.05325 0.484674 0.05325 0.467433 0.045419 0.45977 0.039154 0.448276 0.033673 0.444444 0.029757 0.431992 0.025842 0.429119 0.023493 0.422414 0.021143 0.418582 0.016445 0.41092 0.014095999999999997 0.403257 0.009397 0.391762 0.005482 0.381226 0 0.329502 0 0.312261 0.007831 0.300766 0.017228
1 0.176245 0.8817540000000001 0.176245 0.886453 0.180077 0.8935 0.193487 0.904464 0.200192 0.9130779999999998 0.211686 0.9334380000000001 0.217433 0.9389189999999998 0.222222 0.94675 0.238506 0.957713 0.24616899999999997 0.964761 0.260536 0.970243 0.280651 0.981206 0.288314 0.981989 0.296935 0.985121 0.308429 0.985121 0.318008 0.9890370000000002 0.329502 0.9890370000000002 0.349617 0.9953010000000001 0.37931 0.9953010000000001 0.3841 0.992169 0.386015 0.9890370000000002 0.386015 0.982772 0.383142 0.9780740000000001 0.381226 0.9694600000000001 0.373563 0.9592799999999999 0.371648 0.953015 0.372605 0.94675 0.377395 0.9428350000000001 0.3841 0.940486 0.389847 0.940486 0.412835 0.949099 0.421456 0.954581 0.431034 0.9569299999999998 0.436782 0.961629 0.456897 0.9694600000000001 0.484674 0.9835549999999998 0.505747 0.9890370000000002 0.51341 0.9890370000000002 0.532567 0.981206 0.554598 0.9600630000000001 0.562261 0.9569299999999998 0.57567 0.947533 0.598659 0.940486 0.612069 0.9389189999999998 0.622605 0.9389189999999998 0.633142 0.945184 0.633142 0.954581 0.626437 0.966327 0.624521 0.975724 0.62069 0.9780740000000001 0.618774 0.981206 0.618774 0.990603 0.627395 0.999217 0.680077 0.999217 0.687739 0.996868 0.712644 0.9953010000000001 0.719349 0.992169 0.726054 0.991386 0.730843 0.9890370000000002 0.738506 0.9874710000000001 0.757663 0.972592 0.762452 0.96711 0.766284 0.965544 0.772989 0.955364 0.781609 0.949099 0.785441 0.9428350000000001 0.796935 0.930305 0.808429 0.911511 0.821839 0.89585 0.821839 0.8880189999999999 0.819923 0.88567 0.816092 0.884103 0.811303 0.884103 0.807471 0.88567 0.792146 0.9036809999999998 0.782567 0.920125 0.767241 0.938136 0.759579 0.943618 0.752874 0.953798 0.749042 0.955364 0.745211 0.9600630000000001 0.728927 0.972592 0.704981 0.981206 0.681034 0.982772 0.667625 0.9859039999999999 0.640805 0.9859039999999999 0.639847 0.984338 0.64272 0.97964 0.644636 0.970243 0.651341 0.9584959999999999 0.651341 0.9389189999999998 0.649425 0.9357870000000001 0.641762 0.930305 0.628352 0.9240409999999999 0.60728 0.9240409999999999 0.59387 0.925607 0.564176 0.935004 0.550766 0.9444010000000002 0.54023 0.949099 0.522031 0.96711 0.510536 0.973375 0.506705 0.973375 0.490421 0.9686769999999999 0.483716 0.963978 0.448276 0.949099 0.444444 0.945184 0.431992 0.9412689999999999 0.422414 0.9357870000000001 0.39751 0.9263900000000002 0.376437 0.9263900000000002 0.361111 0.9334380000000001 0.35728 0.937353 0.353448 0.945184 0.353448 0.9569299999999998 0.355364 0.963195 0.364943 0.978857 0.363985 0.981206 0.35728 0.981206 0.334291 0.974158 0.323755 0.974158 0.315134 0.971026 0.304598 0.971026 0.295977 0.967894 0.289272 0.96711 0.281609 0.963978 0.270115 0.9569299999999998 0.259579 0.953015 0.234674 0.934221 0.230843 0.927173 0.225096 0.921691 0.224138 0.9177760000000001 0.214559 0.902114 0.205939 0.891934 0.19636 0.884886 0.192529 0.8786219999999999 0.187739 0.876273 0.18295 0.876273 0.179119 0.877839
6 0.310345 0.01018 0.295019 0.01018 0.287356 0.014095999999999997 0.280651 0.014879 0.254789 0.022709 0.220307 0.036805 0.20977 0.039937 0.176245 0.056382 0.163793 0.061081 0.151341 0.068128 0.145594 0.074393 0.145594 0.078309 0.148467 0.082224 0.159004 0.083007 0.176245 0.072827 0.187739 0.068912 0.214559 0.05481599999999999 0.233716 0.048551 0.264368 0.036022 0.267241 0.036022 0.285441 0.029757 0.293103 0.028974 0.297893 0.026625 0.298851 0.027407999999999995 0.298851 0.034456 0.300766 0.037588 0.300766 0.05716500000000001 0.298851 0.061081 0.298851 0.079875 0.296935 0.082224 0.296935 0.094753 0.295019 0.097886 0.295019 0.10414999999999999 0.293103 0.108066 0.293103 0.11589700000000001 0.29023 0.12216099999999999 0.288314 0.144088 0.286398 0.146437 0.284483 0.160532 0.282567 0.162882 0.282567 0.171496 0.278736 0.176977 0.278736 0.184808 0.280651 0.18794 0.283525 0.189507 0.294061 0.188724 0.299808 0.17776 0.299808 0.168363 0.301724 0.166014 0.301724 0.158966 0.305556 0.149569 0.305556 0.142522 0.308429 0.138606 0.308429 0.126077 0.310345 0.12294399999999998 0.310345 0.115114 0.312261 0.11119800000000002 0.312261 0.10414999999999999 0.314176 0.10101800000000001 0.314176 0.088489 0.316092 0.086139 0.316092 0.067345 0.318008 0.064213 0.318008 0.031323 0.316092 0.028974 0.316092 0.014095999999999997 0.314176 0.011746
7 0.292146 0.186374 0.287356 0.184025 0.274904 0.184025 0.265326 0.188724 0.22318 0.20438499999999998 0.210728 0.21143300000000004 0.18295 0.221613 0.172414 0.22944400000000004 0.162835 0.231793 0.16092 0.234926 0.136973 0.252937 0.1341 0.25372 0.12452099999999999 0.263117 0.12069 0.270164 0.118774 0.281911 0.12069 0.285043 0.123563 0.286609 0.1341 0.285826 0.137931 0.281128 0.138889 0.27408 0.14272 0.270948 0.144636 0.267032 0.153257 0.262334 0.176245 0.244323 0.185824 0.24119 0.19636 0.23335900000000004 0.222222 0.22396200000000002 0.228927 0.21926399999999996 0.25 0.21065 0.252874 0.21065 0.261494 0.20595099999999997 0.274904 0.20125299999999996 0.279693 0.20125299999999996 0.283525 0.198121 0.291188 0.197338 0.294061 0.193422 0.294061 0.189507
6 0.05364 0.722788 0.05364 0.726703 0.055556 0.729836 0.058429 0.731402 0.116858 0.731402 0.121648 0.733751 0.127395 0.733751 0.130268 0.735317 0.153257 0.740016 0.157088 0.743148 0.162835 0.744714 0.166667 0.747847 0.173372 0.750196 0.181992 0.750196 0.185824 0.747063 0.185824 0.738449 0.181034 0.733751 0.16954 0.730619 0.155172 0.724354 0.137931 0.721222 0.133142 0.718872 0.127395 0.718872 0.12452099999999999 0.717306 0.060345 0.717306 0.056513 0.718872
7 0.728927 0.18794 0.727011 0.191073 0.727011 0.194988 0.729885 0.198904 0.742337 0.202819 0.752874 0.20438499999999998 0.771073 0.21065 0.784483 0.21143300000000004 0.791188 0.21534799999999998 0.80364 0.22004700000000002 0.807471 0.22396200000000002 0.81705 0.22944400000000004 0.820881 0.234926 0.831418 0.24354 0.834291 0.244323 0.840038 0.250587 0.846743 0.25372 0.855364 0.266249 0.862069 0.271731 0.862069 0.274863 0.869732 0.289742 0.872605 0.291308 0.8841 0.291308 0.886973 0.289742 0.887931 0.281128 0.87931 0.268598 0.878352 0.262334 0.871648 0.256852 0.862069 0.244323 0.856322 0.23962399999999998 0.853448 0.238841 0.850575 0.234926 0.845785 0.232576 0.834291 0.223179 0.831418 0.21926399999999996 0.814176 0.20673499999999997 0.805556 0.20438499999999998 0.791188 0.197338 0.775862 0.195771 0.757663 0.189507 0.747126 0.18794 0.740421 0.185591 0.733716 0.185591
6 0.944444 0.722788 0.940613 0.718872 0.936782 0.717306 0.917625 0.717306 0.907088 0.720439 0.871648 0.72592 0.85728 0.732185 0.816092 0.743931 0.813218 0.747847 0.813218 0.751762 0.815134 0.754894 0.818008 0.75646 0.829502 0.75646 0.864943 0.74628 0.87931 0.740016 0.885057 0.740016 0.911877 0.735317 0.92433 0.731402 0.930077 0.733751 0.938697 0.733751 0.942529 0.732185 0.944444 0.729836
6 0.715517 0.023493 0.710728 0.025842 0.701149 0.046985 0.701149 0.05481599999999999 0.699234 0.05716500000000001 0.699234 0.068912 0.69636 0.075959 0.694444 0.090838 0.694444 0.10571699999999999 0.69636 0.11198100000000001 0.69636 0.11981199999999999 0.699234 0.126077 0.699234 0.13704 0.704981 0.148786 0.712644 0.183242 0.714559 0.186374 0.717433 0.18794 0.726054 0.18794 0.729885 0.185591 0.731801 0.182459 0.734674 0.172279 0.734674 0.162882 0.732759 0.160532 0.727011 0.158966 0.725096 0.155834 0.724138 0.148786 0.718391 0.13704 0.716475 0.129209 0.713602 0.102584 0.711686 0.10023500000000002 0.713602 0.09397 0.714559 0.079875 0.716475 0.075959 0.716475 0.06343 0.718391 0.061081 0.718391 0.054033 0.720307 0.046985 0.725096 0.039154 0.766284 0.046985 0.784483 0.054033 0.797893 0.05716500000000001 0.836207 0.079875 0.845785 0.088489 0.847701 0.093187 0.85249 0.096319 0.861111 0.096319 0.863985 0.094753 0.864943 0.082224 0.862069 0.077525 0.858238 0.075959 0.847701 0.067345 0.805556 0.04307 0.799808 0.042287 0.773946 0.03289 0.760536 0.029757 0.747126 0.028191 0.727011 0.023493