0 0.475207 0 0.47314 0.01321 0.466942 0.022457 0.446281 0.02642 0.433884 0.02642 0.42562 0.030383 0.402893 0.034346 0.417355 0.03963 0.427686 0.047556 0.444215 0.070013 0.444215 0.091149 0.46281 0.126816 0.460744 0.159841 0.464876 0.162483 0.475207 0.180978 0.475207 0.19683 0.471074 0.203435 0.5 0.21004 0.555785 0.21268200000000004 0.56405 0.21532399999999996 0.621901 0.21136099999999997 0.644628 0.202114 0.646694 0.19154599999999997 0.642562 0.177015 0.642562 0.150594 0.64876 0.138705 0.650826 0.122853 0.654959 0.117569 0.652893 0.099075 0.634298 0.083223 0.60124 0.040951 0.60124 0.035667 0.584711 0.030383 0.541322 0.025098999999999996 0.53719 0.022457 0.535124 0.006605 0.52686 0.002642 0.520661 0.005284 0.5 0.005284
5 0.400826 0.033025 0.38843 0.044914 0.367769 0.085865 0.336777 0.122853 0.336777 0.130779 0.347107 0.146631 0.355372 0.153236 0.365702 0.157199 0.369835 0.162483 0.363636 0.173052 0.357438 0.17569400000000002 0.357438 0.179657 0.36157 0.180978 0.365702 0.18758299999999997 0.35124 0.208719 0.334711 0.254954 0.31405 0.291942 0.303719 0.305152 0.283058 0.31572 0.285124 0.321004 0.299587 0.330251 0.330579 0.336856 0.338843 0.336856 0.345041 0.334214 0.342975 0.319683 0.353306 0.294584 0.382231 0.258917 0.390496 0.243065 0.409091 0.221929 0.419421 0.198151 0.433884 0.188904 0.431818 0.173052 0.450413 0.162483 0.46281 0.162483 0.460744 0.126816 0.442149 0.091149 0.442149 0.070013 0.42562 0.047556
4 0.345041 0.326288 0.338843 0.335535 0.342975 0.335535 0.469008 0.204756 0.458678 0.21532399999999996 0.446281 0.221929 0.438017 0.233818 0.427686 0.241744 0.427686 0.248349 0.404959 0.280053 0.384298 0.326288 0.353306 0.373844 0.320248 0.439894 0.31405 0.446499 0.278926 0.528402 0.272727 0.536328 0.262397 0.561427 0.262397 0.568032 0.252066 0.587847 0.245868 0.611625 0.237603 0.627477 0.235537 0.640687 0.219008 0.659181 0.21281 0.675033 0.206612 0.681638 0.179752 0.698811 0.123967 0.718626 0.082645 0.7410830000000002 0.080579 0.747688 0.095041 0.760898 0.099174 0.7714660000000001 0.076446 0.784676 0.061983 0.788639 0.049587 0.797886 0.053719 0.815059 0.05785100000000001 0.8177009999999999 0.070248 0.8190220000000001 0.07438 0.821664 0.072314 0.825627 0.047521 0.8361960000000002 0.010331 0.8480850000000001 0.002066 0.853369 0 0.859974 0.016529 0.8652580000000001 0.020661 0.874505 0.030992 0.877147 0.03719 0.882431 0.047521 0.883752 0.05785100000000001 0.89432 0.068182 0.900925 0.068182 0.908851 0.07438 0.9141350000000001 0.092975 0.918098 0.103306 0.9260239999999998 0.117769 0.9260239999999998 0.144628 0.937913 0.161157 0.940555 0.171488 0.952444 0.18595 0.953765 0.198347 0.949802 0.208678 0.949802 0.22314 0.961691 0.247934 0.961691 0.254132 0.965654 0.270661 0.963012 0.278926 0.966975 0.280992 0.972259 0.28719 0.9762219999999999 0.305785 0.9749009999999999 0.330579 0.98679 0.353306 0.980185 0.376033 0.982827 0.390496 0.9775429999999999 0.407025 0.985469 0.427686 0.985469 0.442149 0.9947160000000002 0.47314 0.9920739999999999 0.479339 0.996037 0.5 0.996037 0.522727 0.985469 0.530992 0.98679 0.541322 0.9920739999999999 0.549587 0.9920739999999999 0.557851 0.988111 0.572314 0.988111 0.588843 0.9933950000000001 0.609504 0.984148 0.632231 0.98679 0.644628 0.981506 0.669421 0.981506 0.677686 0.970938 0.6962810000000001 0.972259 0.704545 0.968296 0.71281 0.968296 0.719008 0.97358 0.7376030000000001 0.9762219999999999 0.747934 0.970938 0.7623969999999999 0.970938 0.772727 0.964333 0.791322 0.966975 0.805785 0.956407 0.820248 0.956407 0.826446 0.96037 0.838843 0.961691 0.855372 0.949802 0.886364 0.94716 0.88843 0.9431970000000001 0.904959 0.932629 0.919421 0.9299870000000001 0.931818 0.919419 0.950413 0.918098 0.952479 0.9154560000000002 0.948347 0.9114929999999999 0.948347 0.900925 0.952479 0.8982829999999999 0.966942 0.8956409999999999 0.971074 0.892999 0.97314 0.88111 0.993802 0.871863 0.991736 0.856011 0.979339 0.8467639999999999 0.979339 0.844122 0.9876030000000001 0.8361960000000002 0.997934 0.8335540000000001 0.997934 0.8163799999999999 0.993802 0.811096 0.944215 0.780713 0.944215 0.778071 0.950413 0.774108 0.954545 0.774108 0.958678 0.764861 0.966942 0.758256 0.971074 0.743725 0.911157 0.706737 0.886364 0.688243 0.884298 0.681638 0.892562 0.676354 0.871901 0.665786 0.86157 0.655218 0.86157 0.651255 0.842975 0.639366 0.828512 0.597094 0.785124 0.503303 0.783058 0.492734 0.743802 0.404227 0.688017 0.291942 0.688017 0.285337 0.67562 0.264201 0.669421 0.244386 0.663223 0.23249700000000004 0.650826 0.22325 0.650826 0.21532399999999996 0.644628 0.206077 0.640496 0.204756 0.613636 0.214003 0.584711 0.214003 0.576446 0.216645 0.56405 0.216645 0.555785 0.214003 0.5 0.21136099999999997
7 0.650826 0.198151 0.644628 0.19550899999999996 0.636364 0.19550899999999996 0.623967 0.199472 0.619835 0.203435 0.61157 0.203435 0.586777 0.21004 0.539256 0.20739799999999997 0.533058 0.204756 0.502066 0.202114 0.485537 0.19683 0.466942 0.198151 0.46281 0.206077 0.471074 0.21136099999999997 0.479339 0.21136099999999997 0.502066 0.217966 0.549587 0.221929 0.555785 0.224571 0.592975 0.224571 0.599174 0.221929 0.615702 0.220608 0.619835 0.217966 0.628099 0.217966 0.64876 0.21004
6 0.39876 0.031704 0.392562 0.034346 0.390496 0.040951 0.429752 0.064729 0.433884 0.07926 0.438017 0.083223 0.442149 0.110964 0.452479 0.130779 0.452479 0.159841 0.456612 0.163804 0.471074 0.163804 0.475207 0.159841 0.475207 0.126816 0.46281 0.10435900000000001 0.46281 0.091149 0.452479 0.060766 0.448347 0.054160999999999994 0.413223 0.034346
2 0.47314 0.002642 0.475207 0.010568 0.487603 0.014531 0.522727 0.015852 0.530992 0.011889 0.530992 0.002642 0.524793 0 0.475207 0
2 0.619835 0.067371 0.613636 0.064729 0.603306 0.06605 0.590909 0.072655 0.578512 0.085865 0.56405 0.093791 0.539256 0.089828 0.491736 0.076618 0.47314 0.073976 0.454545 0.075297 0.450413 0.083223 0.454545 0.087186 0.491736 0.09247000000000001 0.495868 0.095112 0.533058 0.10435900000000001 0.568182 0.109643 0.586777 0.103038 0.599174 0.095112 0.599174 0.09247000000000001 0.619835 0.07926
2 0.615702 0.07926 0.605372 0.080581 0.597107 0.08850699999999999 0.597107 0.09247000000000001 0.609504 0.10832199999999999 0.607438 0.130779 0.597107 0.149273 0.588843 0.140026 0.586777 0.130779 0.568182 0.110964 0.541322 0.096433 0.530992 0.097754 0.52686 0.101717 0.528926 0.109643 0.559917 0.129458 0.568182 0.141347 0.568182 0.146631 0.578512 0.159841 0.578512 0.169089 0.592975 0.18362 0.609504 0.182299 0.61157 0.167768 0.619835 0.15852 0.630165 0.130779 0.630165 0.101717 0.623967 0.084544
2 0.640496 0.173052 0.634298 0.17041 0.621901 0.17041 0.615702 0.173052 0.605372 0.173052 0.588843 0.177015 0.512397 0.180978 0.489669 0.177015 0.47314 0.177015 0.466942 0.179657 0.464876 0.186262 0.469008 0.190225 0.479339 0.190225 0.493802 0.194188 0.568182 0.19286700000000004 0.57438 0.190225 0.60124 0.190225 0.63843 0.18362
7 0.882231 0.65786 0.873967 0.652576 0.863636 0.653897 0.859504 0.660502 0.832645 0.678996 0.816116 0.685601 0.807851 0.692206 0.783058 0.704095 0.770661 0.706737 0.760331 0.712021 0.727273 0.718626 0.714876 0.7239099999999999 0.690083 0.726552 0.669421 0.731836 0.60124 0.7384409999999999 0.584711 0.742404 0.545455 0.743725 0.454545 0.7397620000000001 0.43595 0.7371199999999999 0.400826 0.7371199999999999 0.380165 0.733157 0.347107 0.730515 0.272727 0.717305 0.25 0.7107 0.208678 0.686922 0.196281 0.6895640000000001 0.194215 0.69749 0.221074 0.715984 0.237603 0.7239099999999999 0.278926 0.734478 0.340909 0.745046 0.376033 0.747688 0.394628 0.7516509999999998 0.533058 0.7556140000000001 0.539256 0.758256 0.566116 0.758256 0.57438 0.7556140000000001 0.599174 0.7556140000000001 0.607438 0.7529719999999999 0.63843 0.7516509999999998 0.644628 0.749009 0.667355 0.747688 0.6962810000000001 0.7410830000000002 0.72314 0.7384409999999999 0.739669 0.731836 0.766529 0.726552 0.8037189999999999 0.713342 0.842975 0.693527 0.878099 0.67107
1 0.983471 0.745046 0.975207 0.7397620000000001 0.966942 0.7397620000000001 0.960744 0.742404 0.956612 0.7569350000000001 0.93595 0.775429 0.933884 0.7859970000000001 0.907025 0.826948 0.890496 0.8309109999999998 0.873967 0.8309109999999998 0.859504 0.8348750000000001 0.847107 0.8348750000000001 0.836777 0.84148 0.82438 0.844122 0.764463 0.844122 0.741736 0.859974 0.716942 0.857332 0.700413 0.8507270000000001 0.679752 0.8507270000000001 0.665289 0.858653 0.646694 0.8639370000000001 0.582645 0.8639370000000001 0.576446 0.861295 0.543388 0.857332 0.5 0.844122 0.477273 0.84148 0.469008 0.837517 0.442149 0.8309109999999998 0.423554 0.8309109999999998 0.411157 0.837517 0.404959 0.844122 0.404959 0.8480850000000001 0.411157 0.853369 0.409091 0.85469 0.369835 0.8480850000000001 0.336777 0.8494060000000001 0.326446 0.8454429999999998 0.311983 0.844122 0.291322 0.8335540000000001 0.247934 0.821664 0.241736 0.813738 0.225207 0.809775 0.219008 0.804491 0.208678 0.8018489999999999 0.181818 0.778071 0.173554 0.774108 0.154959 0.774108 0.146694 0.784676 0.090909 0.7516509999999998 0.076446 0.7516509999999998 0.072314 0.7556140000000001 0.072314 0.760898 0.086777 0.7714660000000001 0.14876 0.807133 0.161157 0.809775 0.179752 0.809775 0.183884 0.807133 0.190083 0.812417 0.219008 0.824306 0.231405 0.8335540000000001 0.272727 0.844122 0.285124 0.852048 0.303719 0.858653 0.31405 0.858653 0.326446 0.862616 0.369835 0.862616 0.421488 0.873184 0.454545 0.874505 0.46281 0.871863 0.46281 0.858653 0.450413 0.852048 0.456612 0.8507270000000001 0.471074 0.856011 0.493802 0.858653 0.508264 0.8652580000000001 0.522727 0.866579 0.53719 0.871863 0.566116 0.874505 0.576446 0.878468 0.652893 0.878468 0.681818 0.870542 0.690083 0.8652580000000001 0.716942 0.873184 0.754132 0.873184 0.764463 0.870542 0.77686 0.858653 0.830579 0.858653 0.849174 0.85469 0.859504 0.8480850000000001 0.869835 0.8480850000000001 0.886364 0.844122 0.902893 0.844122 0.919421 0.840159 0.931818 0.8309109999999998 0.933884 0.824306 0.944215 0.812417 0.9462810000000001 0.804491 0.954545 0.793923 0.956612 0.782034 0.975207 0.7688240000000001 0.983471 0.7556140000000001
1 0.045455 0.808454 0.047521 0.815059 0.105372 0.8494060000000001 0.146694 0.859974 0.169421 0.882431 0.188017 0.891678 0.206612 0.892999 0.237603 0.9114929999999999 0.245868 0.9114929999999999 0.264463 0.918098 0.280992 0.918098 0.295455 0.923382 0.311983 0.924703 0.32438 0.9299870000000001 0.353306 0.932629 0.363636 0.936592 0.427686 0.937913 0.444215 0.941876 0.5 0.941876 0.506198 0.939234 0.603306 0.937913 0.613636 0.935271 0.654959 0.935271 0.663223 0.932629 0.714876 0.9313080000000001 0.752066 0.9260239999999998 0.770661 0.9260239999999998 0.791322 0.92074 0.820248 0.919419 0.847107 0.9114929999999999 0.859504 0.903567 0.871901 0.906209 0.892562 0.906209 0.909091 0.903567 0.954545 0.890357 0.97314 0.882431 0.975207 0.878468 0.981405 0.875826 0.991736 0.861295 0.991736 0.8454429999999998 0.997934 0.84148 0.997934 0.824306 0.9876030000000001 0.825627 0.971074 0.8361960000000002 0.969008 0.856011 0.952479 0.873184 0.894628 0.890357 0.88843 0.889036 0.886364 0.882431 0.867769 0.88111 0.834711 0.8956409999999999 0.830579 0.899604 0.81405 0.904888 0.694215 0.918098 0.607438 0.92074 0.584711 0.924703 0.450413 0.9273449999999999 0.438017 0.924703 0.392562 0.924703 0.384298 0.922061 0.369835 0.922061 0.363636 0.919419 0.336777 0.916777 0.322314 0.9114929999999999 0.307851 0.9101719999999999 0.299587 0.906209 0.270661 0.903567 0.243802 0.89432 0.231405 0.885073 0.216942 0.878468 0.198347 0.877147 0.183884 0.869221 0.181818 0.8639370000000001 0.165289 0.8494060000000001 0.121901 0.837517 0.066116 0.804491 0.053719 0.8031699999999999
1 0 0.856011 0 0.869221 0.06405 0.904888 0.072314 0.9154560000000002 0.092975 0.9299870000000001 0.130165 0.939234 0.140496 0.9445180000000001 0.150826 0.9445180000000001 0.190083 0.964333 0.252066 0.970938 0.260331 0.9749009999999999 0.297521 0.9775429999999999 0.316116 0.982827 0.382231 0.984148 0.392562 0.988111 0.429752 0.9933950000000001 0.444215 0.998679 0.502066 0.998679 0.512397 0.9947160000000002 0.568182 0.996037 0.603306 0.9920739999999999 0.640496 0.9920739999999999 0.646694 0.9894319999999999 0.659091 0.9894319999999999 0.67562 0.984148 0.688017 0.9762219999999999 0.706612 0.97358 0.71281 0.9775429999999999 0.725207 0.980185 0.75 0.980185 0.818182 0.964333 0.859504 0.961691 0.894628 0.949802 0.927686 0.9286660000000001 0.944215 0.923382 0.954545 0.916777 0.958678 0.908851 0.97314 0.8969619999999999 0.985537 0.891678 0.997934 0.890357 0.995868 0.877147 0.9876030000000001 0.874505 0.97314 0.875826 0.942149 0.8969619999999999 0.929752 0.9114929999999999 0.909091 0.918098 0.867769 0.9431970000000001 0.838843 0.949802 0.797521 0.952444 0.743802 0.965654 0.731405 0.965654 0.716942 0.959049 0.698347 0.957728 0.665289 0.966975 0.659091 0.972259 0.646694 0.9762219999999999 0.634298 0.9775429999999999 0.597107 0.9775429999999999 0.551653 0.982827 0.502066 0.981506 0.495868 0.984148 0.460744 0.985469 0.392562 0.970938 0.328512 0.969617 0.307851 0.964333 0.274793 0.961691 0.243802 0.953765 0.204545 0.951123 0.169421 0.93395 0.152893 0.9313080000000001 0.134298 0.923382 0.109504 0.918098 0.097107 0.9101719999999999 0.082645 0.8956409999999999 0.039256 0.869221 0.024793 0.8639370000000001 0.012397 0.856011