0 0.283721 0.10627400000000001 0.282171 0.11395599999999999 0.285271 0.12548 0.285271 0.15621 0.289922 0.165173 0.293023 0.18822 0.305426 0.22919299999999998 0.311628 0.24071700000000001 0.311628 0.258643 0.316279 0.263764 0.32093 0.275288 0.334884 0.335467 0.334884 0.36747799999999997 0.331783 0.37388 0.331783 0.384123 0.341085 0.38668399999999997 0.362791 0.38796400000000003 0.368992 0.390525 0.451163 0.393086 0.539535 0.391805 0.55969 0.393086 0.565891 0.395647 0.609302 0.395647 0.617054 0.393086 0.671318 0.391805 0.665116 0.371319 0.666667 0.323944 0.675969 0.294494 0.677519 0.28041 0.686822 0.257362 0.688372 0.239437 0.697674 0.22022999999999998 0.697674 0.206146 0.702326 0.192061 0.703876 0.162612 0.706977 0.15749 0.706977 0.145967 0.713178 0.131882 0.713178 0.121639 0.716279 0.11523700000000002 0.716279 0.11011499999999999 0.710078 0.10243300000000001 0.699225 0.101152 0.682171 0.09347 0.674419 0.09475 0.644961 0.088348 0.612403 0.08706800000000002 0.595349 0.09475 0.56124 0.103713 0.517829 0.122919 0.482171 0.122919 0.44031000000000003 0.103713 0.387597 0.08706800000000002 0.351938 0.088348 0.334884 0.09347 0.31938 0.09347 0.294574 0.10243300000000001 0.289922 0.10243300000000001
4 0.330233 0.384123 0.325581 0.400768 0.303876 0.434059 0.283721 0.48143400000000003 0.265116 0.546735 0.262016 0.572343 0.258915 0.577465 0.254264 0.599232 0.254264 0.615877 0.251163 0.62484 0.252713 0.635083 0.24651200000000004 0.654289 0.24651200000000004 0.676056 0.243411 0.682458 0.243411 0.6991040000000001 0.24030999999999997 0.7131879999999999 0.24186 0.736236 0.237209 0.7580029999999999 0.235659 0.8271450000000001 0.232558 0.833547 0.232558 0.846351 0.24651200000000004 0.860435 0.269767 0.871959 0.286822 0.878361 0.303876 0.880922 0.317829 0.8860439999999999 0.341085 0.8886040000000001 0.355039 0.892446 0.4 0.895006 0.406202 0.897567 0.46666700000000005 0.9001280000000002 0.514729 0.9001280000000002 0.539535 0.897567 0.553488 0.898848 0.55969 0.896287 0.568992 0.896287 0.579845 0.90781 0.592248 0.916773 0.593798 0.921895 0.606202 0.93598 0.620155 0.9398210000000001 0.626357 0.946223 0.632558 0.9475029999999999 0.648062 0.960307 0.652713 0.960307 0.658915 0.9641489999999999 0.662016 0.973111 0.67907 0.989757 0.697674 0.997439 0.716279 0.996159 0.753488 0.946223 0.75814 0.928297 0.764341 0.920615 0.770543 0.877081 0.768992 0.820743 0.765891 0.814341 0.765891 0.793854 0.75969 0.774648 0.75969 0.7323940000000001 0.756589 0.7144690000000001 0.756589 0.693982 0.753488 0.661972 0.745736 0.627401 0.745736 0.605634 0.734884 0.5621 0.734884 0.551857 0.728682 0.53137 0.727132 0.517286 0.714729 0.483995 0.711628 0.46863 0.699225 0.44174100000000005 0.675969 0.403329 0.671318 0.400768 0.671318 0.393086 0.617054 0.394366 0.609302 0.396927 0.565891 0.396927 0.55969 0.394366 0.539535 0.393086 0.396899 0.393086 0.368992 0.391805 0.362791 0.38924499999999995 0.341085 0.38796400000000003
5 0.296124 0.458387 0.283721 0.485275 0.275969 0.514725 0.20155 0.06402 0.165891 0.06274 0.151938 0.066581 0.089922 0.099872 0.068217 0.116517 0.04031 0.142125 0 0.189501 0.0031009999999999996 0.222791 0.018605 0.244558 0.032558 0.270166 0.049612 0.28041 0.10387599999999998 0.294494 0.116279 0.300896 0.130233 0.31242 0.12093 0.380282 0.116279 0.390525 0.114729 0.414853 0.110078 0.42509600000000003 0.108527 0.451985 0.10387599999999998 0.46222799999999997 0.093023 0.556978 0.088372 0.565941 0.088372 0.586428 0.085271 0.595391 0.072868 0.677337 0.072868 0.692702 0.091473 0.702945 0.155039 0.702945 0.162791 0.696543 0.164341 0.6747760000000002 0.167442 0.670935 0.170543 0.645327 0.175194 0.636364 0.184496 0.591549 0.193798 0.565941 0.19845 0.541613 0.215504 0.483995 0.22015500000000002 0.446863 0.22635700000000003 0.428937 0.22635700000000003 0.413572 0.231008 0.400768 0.231008 0.38540300000000005 0.237209 0.36619700000000005 0.237209 0.34955200000000003 0.24186 0.34443 0.269767 0.34443 0.277519 0.339309 0.288372 0.326504 0.296124 0.306018 0.296124 0.270166 0.300775 0.257362 0.302326 0.22022999999999998 0.291473 0.18822 0.288372 0.165173 0.283721 0.15621 0.283721 0.12548 0.28062 0.11395599999999999 0.282171 0.104994 0.27907 0.104994 0.269767 0.09859199999999999 0.271318 0.096031 0.262016 0.08706800000000002 0.249612 0.08706800000000002 0.232558 0.075544 0.218605 0.074264
5 0.796899 0.06402 0.779845 0.072983 0.772093 0.072983 0.768992 0.075544 0.76124 0.076825 0.750388 0.084507 0.739535 0.084507 0.728682 0.09475 0.725581 0.09475 0.716279 0.10627400000000001 0.717829 0.11523700000000002 0.714729 0.121639 0.714729 0.131882 0.708527 0.145967 0.708527 0.15749 0.705426 0.162612 0.703876 0.192061 0.699225 0.206146 0.697674 0.22151099999999999 0.703876 0.225352 0.702326 0.294494 0.710078 0.323944 0.716279 0.335467 0.733333 0.345711 0.755039 0.34443 0.76124 0.3508319999999999 0.781395 0.475032 0.8310079999999999 0.654289 0.8356589999999999 0.6798980000000001 0.8356589999999999 0.6991040000000001 0.83876 0.701665 0.906977 0.701665 0.9147290000000001 0.700384 0.925581 0.693982 0.927132 0.685019 0.92093 0.6594110000000001 0.9147290000000001 0.596671 0.911628 0.59283 0.911628 0.571063 0.899225 0.509603 0.894574 0.458387 0.889922 0.446863 0.889922 0.430218 0.8852710000000001 0.41997400000000007 0.8697669999999998 0.316261 0.8744189999999998 0.307298 0.896124 0.294494 0.906977 0.290653 0.9178289999999999 0.290653 0.937984 0.28169 0.9472869999999999 0.28041 0.967442 0.268886 0.981395 0.243278 0.9937979999999998 0.226633 0.9968990000000001 0.21895 0.99845 0.194622 0.9937979999999998 0.18181800000000004 0.975194 0.158771 0.9364339999999999 0.121639 0.92093 0.108835 0.889922 0.088348 0.8682169999999999 0.076825 0.863566 0.076825 0.858915 0.072983 0.8542639999999999 0.072983 0.832558 0.06274
7 0.327132 0.384123 0.328682 0.390525 0.333333 0.393086 0.35969 0.395647 0.365891 0.398207 0.488372 0.398207 0.629457 0.402049 0.651163 0.398207 0.662016 0.399488 0.669767 0.396927 0.672868 0.393086 0.671318 0.38668399999999997 0.666667 0.384123 0.646512 0.384123 0.637209 0.38668399999999997 0.626357 0.38668399999999997 0.621705 0.38924499999999995 0.49302300000000004 0.384123 0.370543 0.384123 0.364341 0.381562 0.333333 0.379001
2 0.285271 0.104994 0.286822 0.111396 0.296124 0.11395599999999999 0.322481 0.101152 0.331783 0.101152 0.337984 0.09859199999999999 0.396899 0.096031 0.40930200000000005 0.097311 0.418605 0.103713 0.42635700000000004 0.103713 0.4356590000000001 0.11011499999999999 0.45426399999999995 0.117798 0.457364 0.121639 0.47907000000000005 0.130602 0.527132 0.130602 0.570543 0.11395599999999999 0.587597 0.11011499999999999 0.59845 0.103713 0.617054 0.103713 0.626357 0.101152 0.654264 0.103713 0.658915 0.10627400000000001 0.682171 0.11011499999999999 0.700775 0.11011499999999999 0.710078 0.11395599999999999 0.716279 0.11395599999999999 0.72093 0.111396 0.72093 0.10243300000000001 0.708527 0.096031 0.686822 0.09090900000000002 0.675969 0.09090900000000002 0.655814 0.083227 0.621705 0.083227 0.617054 0.08578699999999999 0.609302 0.08578699999999999 0.6 0.09090900000000002 0.590698 0.09090900000000002 0.584496 0.09475 0.553488 0.103713 0.52093 0.116517 0.485271 0.116517 0.469767 0.107554 0.444961 0.097311 0.43876 0.09219 0.429457 0.09090900000000002 0.417054 0.083227 0.40155 0.081946 0.342636 0.083227 0.337984 0.08578699999999999 0.317829 0.08706800000000002 0.289922 0.09859199999999999
2 0.311628 0.241997 0.313178 0.24839899999999998 0.317829 0.25096 0.351938 0.24839899999999998 0.35969 0.245839 0.496124 0.247119 0.500775 0.24967999999999999 0.530233 0.24967999999999999 0.544186 0.247119 0.553488 0.24967999999999999 0.683721 0.25096 0.689922 0.245839 0.688372 0.239437 0.68062 0.235595 0.506977 0.235595 0.47907000000000005 0.234315 0.46821699999999994 0.23175399999999996 0.451163 0.234315 0.4418599999999999 0.23175399999999996 0.355039 0.23175399999999996 0.317829 0.236876
2 0.39844999999999997 0.23047400000000004 0.4 0.23815600000000003 0.40930200000000005 0.24071700000000001 0.44031000000000003 0.216389 0.457364 0.206146 0.46666700000000005 0.20358499999999996 0.469767 0.199744 0.497674 0.18437900000000002 0.511628 0.18437900000000002 0.527132 0.190781 0.547287 0.20358499999999996 0.59845 0.245839 0.613953 0.245839 0.613953 0.234315 0.590698 0.21895 0.55969 0.192061 0.525581 0.17285499999999998 0.513178 0.169014 0.49302300000000004 0.170294 0.485271 0.17285499999999998 0.47907000000000005 0.177977 0.429457 0.20486600000000002 0.40930200000000005 0.21895
1 0.229457 0.84251 0.229457 0.846351 0.23876 0.857875 0.249612 0.8655570000000001 0.293023 0.8860439999999999 0.308527 0.891165 0.322481 0.891165 0.341085 0.896287 0.365891 0.897567 0.370543 0.9001280000000002 0.389147 0.902689 0.40930200000000005 0.902689 0.413953 0.9052500000000001 0.572093 0.90653 0.590698 0.9244559999999999 0.606202 0.933419 0.612403 0.942382 0.617054 0.9436619999999999 0.64031 0.9641489999999999 0.646512 0.966709 0.686822 0.9987199999999999 0.71938 0.9987199999999999 0.728682 0.992318 0.742636 0.974392 0.745736 0.965429 0.753488 0.9577460000000001 0.753488 0.953905 0.76124 0.942382 0.76124 0.93726 0.772093 0.918054 0.772093 0.911652 0.768992 0.90781 0.76124 0.90653 0.756589 0.9090909999999999 0.747287 0.925736 0.744186 0.9385400000000002 0.728682 0.961588 0.728682 0.965429 0.722481 0.970551 0.72093 0.975672 0.714729 0.9820739999999999 0.708527 0.984635 0.705426 0.988476 0.688372 0.979513 0.658915 0.955186 0.652713 0.952625 0.64031 0.942382 0.63876 0.9385400000000002 0.624806 0.930858 0.620155 0.9244559999999999 0.593798 0.9052500000000001 0.586047 0.895006 0.576744 0.891165 0.418605 0.891165 0.362791 0.8847630000000001 0.327132 0.877081 0.308527 0.8758 0.260465 0.854033 0.24030999999999997 0.837388 0.232558 0.838668
7 0.76124 0.763124 0.751938 0.760563 0.734884 0.768246 0.711628 0.783611 0.694574 0.797695 0.688372 0.806658 0.671318 0.7925740000000001 0.643411 0.77977 0.621705 0.77977 0.6 0.788732 0.570543 0.81306 0.562791 0.8271450000000001 0.55814 0.847631 0.55814 0.873239 0.56124 0.8860439999999999 0.568992 0.898848 0.578295 0.901408 0.584496 0.896287 0.582946 0.8860439999999999 0.576744 0.8758 0.573643 0.857875 0.581395 0.828425 0.589147 0.818182 0.613953 0.798976 0.618605 0.798976 0.631008 0.7925740000000001 0.635659 0.7925740000000001 0.655814 0.801536 0.663566 0.809219 0.668217 0.8104990000000001 0.67907 0.822023 0.691473 0.824584 0.703876 0.815621 0.706977 0.809219 0.737984 0.784891 0.748837 0.778489 0.75969 0.778489 0.764341 0.7759280000000001 0.765891 0.769526
6 0.8449609999999999 0.065301 0.83876 0.060179 0.818605 0.060179 0.779845 0.067862 0.739535 0.084507 0.727132 0.09219 0.713178 0.103713 0.711628 0.111396 0.714729 0.11523700000000002 0.725581 0.11523700000000002 0.734884 0.10627400000000001 0.768992 0.088348 0.803101 0.076825 0.8232560000000001 0.074264 0.83876 0.075544 0.843411 0.072983
6 0.162791 0.061459999999999994 0.16124 0.067862 0.164341 0.071703 0.186047 0.076825 0.193798 0.076825 0.22480600000000003 0.089629 0.24186 0.101152 0.251163 0.103713 0.258915 0.11011499999999999 0.266667 0.111396 0.274419 0.117798 0.283721 0.117798 0.288372 0.11523700000000002 0.288372 0.10627400000000001 0.282171 0.101152 0.260465 0.09090900000000002 0.255814 0.09090900000000002 0.235659 0.078105 0.196899 0.06274 0.175194 0.058899 0.167442 0.058899
6 0.8713180000000001 0.314981 0.865116 0.309859 0.852713 0.308579 0.84031 0.309859 0.8310079999999999 0.3137 0.807752 0.317542 0.787597 0.323944 0.778295 0.323944 0.750388 0.335467 0.745736 0.340589 0.745736 0.34443 0.748837 0.34827099999999994 0.756589 0.34955200000000003 0.782946 0.338028 0.792248 0.338028 0.8124029999999999 0.33162600000000003 0.843411 0.326504 0.8480620000000001 0.323944 0.865116 0.323944 0.8697669999999998 0.321383
6 0.125581 0.3137 0.127132 0.320102 0.133333 0.323944 0.155039 0.326504 0.170543 0.33162600000000003 0.20465100000000003 0.338028 0.213953 0.338028 0.235659 0.3508319999999999 0.243411 0.3508319999999999 0.248062 0.34827099999999994 0.248062 0.339309 0.221705 0.323944 0.209302 0.323944 0.187597 0.320102 0.165891 0.3137 0.136434 0.308579 0.128682 0.309859