0 0.846774 0.054645 0.830645 0.054645 0.810484 0.081967 0.7983870000000001 0.081967 0.782258 0.098361 0.75 0.098361 0.709677 0.131148 0.689516 0.131148 0.677419 0.15847 0.649194 0.163934 0.645161 0.191257 0.637097 0.20218600000000003 0.584677 0.20765 0.568548 0.23497300000000002 0.508065 0.229508 0.487903 0.180328 0.447581 0.169399 0.431452 0.136612 0.358871 0.131148 0.330645 0.10929 0.302419 0.125683 0.290323 0.103825 0.274194 0.09289600000000002 0.205645 0.09289600000000002 0.189516 0.076503 0.165323 0.081967 0.157258 0.098361 0.157258 0.136612 0.181452 0.15847 0.193548 0.20765 0.193548 0.3551909999999999 0.185484 0.40437200000000006 0.19758100000000003 0.464481 0.241935 0.557377 0.266129 0.661202 0.270161 0.73224 0.282258 0.775956 0.28629 0.912568 0.33871 0.956284 0.427419 0.9890710000000001 0.649194 0.983607 0.733871 0.95082 0.745968 0.934426 0.762097 0.797814 0.794355 0.622951 0.814516 0.562842 0.854839 0.491803 0.870968 0.4153009999999999 0.870968 0.300546 0.858871 0.23497300000000002 0.830645 0.169399 0.830645 0.10929 0.842742 0.08743200000000001
5 0.040323000000000005 0.005464 0.044355 0.071038 0.028226 0.09289600000000002 0.012097 0.136612 0.012097 0.295082 0.024194 0.338798 0 0.37704899999999997 0 0.387978 0.012097 0.40437200000000006 0.084677 0.398907 0.104839 0.420765 0.120968 0.40983600000000003 0.145161 0.40983600000000003 0.16129 0.420765 0.185484 0.393443 0.181452 0.382514 0.189516 0.3551909999999999 0.189516 0.20765 0.17741899999999997 0.15847 0.153226 0.136612 0.153226 0.098361 0.165323 0.076503 0.17741899999999997 0.076503 0.153226 0.071038 0.133065 0.038251 0.08871 0.038251 0.056452 0
5 0.939516 0.010929000000000001 0.919355 0.016393 0.895161 0.04918 0.866935 0.04918 0.846774 0.060109 0.846774 0.08743200000000001 0.834677 0.10929 0.834677 0.169399 0.862903 0.23497300000000002 0.879032 0.327869 0.870968 0.43715800000000005 0.879032 0.42623 0.895161 0.4316940000000001 0.915323 0.40983600000000003 0.9516129999999999 0.4153009999999999 0.959677 0.40437200000000006 0.983871 0.40983600000000003 0.995968 0.398907 0.995968 0.382514 0.971774 0.344262 0.979839 0.311475 0.975806 0.142077 0.939516 0.076503
2 0.846774 0.04918 0.818548 0.060109 0.78629 0.098361 0.75 0.09289600000000002 0.71371 0.125683 0.689516 0.125683 0.677419 0.147541 0.657258 0.153005 0.633065 0.196721 0.596774 0.196721 0.568548 0.229508 0.516129 0.224044 0.491935 0.174863 0.455645 0.169399 0.447581 0.147541 0.431452 0.131148 0.375 0.136612 0.346774 0.114754 0.310484 0.120219 0.274194 0.08743200000000001 0.225806 0.09289600000000002 0.205645 0.076503 0.169355 0.081967 0.185484 0.081967 0.205645 0.098361 0.266129 0.098361 0.302419 0.131148 0.33871 0.125683 0.354839 0.142077 0.423387 0.142077 0.447581 0.180328 0.483871 0.18579200000000004 0.495968 0.21857900000000002 0.516129 0.240437 0.572581 0.240437 0.612903 0.20218600000000003 0.649194 0.20218600000000003 0.665323 0.163934 0.689516 0.15847 0.7016129999999999 0.136612 0.729839 0.131148 0.758065 0.103825 0.790323 0.10929 0.806452 0.098361 0.8266129999999999 0.071038 0.842742 0.065574
7 0.278226 0.8961750000000002 0.282258 0.923497 0.314516 0.95082 0.415323 0.994536 0.645161 0.994536 0.725806 0.967213 0.75 0.95082 0.75 0.934426 0.741935 0.934426 0.717742 0.956284 0.677419 0.972678 0.604839 0.9890710000000001 0.459677 0.9890710000000001 0.403226 0.9781419999999998 0.330645 0.9453550000000001 0.298387 0.9180329999999999 0.28629 0.8961750000000002
6 0.16129 0.076503 0.153226 0.09289600000000002 0.153226 0.125683 0.185484 0.196721 0.185484 0.360656 0.193548 0.360656 0.193548 0.180328 0.16129 0.114754 0.165323 0.09289600000000002 0.17741899999999997 0.076503
6 0.83871 0.054645 0.842742 0.09289600000000002 0.830645 0.120219 0.8266129999999999 0.15847 0.866935 0.289617 0.875 0.371585 0.883065 0.371585 0.883065 0.31694 0.850806 0.18579200000000004 0.83871 0.163934 0.83871 0.131148 0.850806 0.10929 0.850806 0.054645
6 0.040323000000000005 0.060109 0.040323000000000005 0.071038 0.060484 0.098361 0.104839 0.114754 0.16129 0.114754 0.16129 0.098361 0.092742 0.098361
6 0.020161 0.322404 0.020161 0.333333 0.08871 0.3551909999999999 0.189516 0.344262 0.189516 0.327869 0.173387 0.338798 0.096774 0.344262
6 0.943548 0.076503 0.927419 0.081967 0.915323 0.098361 0.846774 0.10929 0.834677 0.120219 0.834677 0.131148 0.870968 0.114754 0.927419 0.10929 0.943548 0.09289600000000002
6 0.975806 0.327869 0.91129 0.3551909999999999 0.879032 0.3551909999999999 0.870968 0.36612 0.919355 0.36612 0.971774 0.344262