3 0.44276100000000007 0.001408 0.44444399999999995 0.044366 0.45117799999999997 0.05140800000000001 0.45117799999999997 0.05493000000000001 0.459596 0.06831 0.459596 0.073944 0.468013 0.082394 0.47643100000000005 0.099296 0.47643100000000005 0.167606 0.47979800000000006 0.172535 0.47979800000000006 0.197183 0.48316500000000007 0.2 0.48316500000000007 0.221127 0.488215 0.22816899999999998 0.491582 0.279577 0.49494900000000003 0.283099 0.49494900000000003 0.293662 0.5 0.303521 0.5 0.323239 0.505051 0.328873 0.505051 0.34507 0.510101 0.359155 0.510101 0.3915489999999999 0.513468 0.395775 0.516835 0.472535 0.520202 0.479577 0.523569 0.630986 0.523569 0.9816899999999998 0.526936 0.983803 0.535354 0.9845069999999999 0.540404 0.98662 0.545455 0.985915 0.553872 0.990141 0.56734 0.989437 0.580808 0.990141 0.585859 0.9915489999999999 0.590909 0.990845 0.599327 0.9950699999999999 0.611111 0.993662 0.616162 0.9950699999999999 0.63468 0.996479 0.661616 0.996479 0.671717 0.9950699999999999 0.683502 0.996479 0.767677 0.995775 0.796296 0.997183 0.814815 0.995775 0.851852 0.996479 0.8821550000000001 0.994366 0.895623 0.995775 0.909091 0.993662 0.9141409999999999 0.9915489999999999 0.919192 0.9922539999999999 0.925926 0.989437 0.9393940000000001 0.990141 0.947811 0.985915 0.968013 0.9845069999999999 0.9915819999999999 0.9774650000000001 0.9983159999999999 0.9711270000000001 0.9949489999999999 0.921127 0.986532 0.890845 0.983165 0.794366 0.979798 0.7866199999999999 0.979798 0.752817 0.9764310000000002 0.746479 0.9730640000000002 0.679577 0.964646 0.634507 0.964646 0.620423 0.961279 0.611268 0.961279 0.570423 0.957912 0.561972 0.957912 0.540845 0.9629630000000001 0.534507 0.9629630000000001 0.527465 0.9562290000000001 0.519718 0.951178 0.507042 0.9494950000000001 0.44788700000000004 0.9377099999999999 0.34507 0.9377099999999999 0.324648 0.947811 0.309859 0.947811 0.30493 0.9377099999999999 0.292254 0.936027 0.285915 0.922559 0.272535 0.915825 0.255634 0.9175079999999999 0.23662 0.9208749999999999 0.234507 0.9276089999999999 0.234507 0.93266 0.23239400000000002 0.9343429999999999 0.227465 0.9309759999999999 0.22394399999999998 0.922559 0.221127 0.9141409999999999 0.21338 0.8922560000000002 0.15 0.873737 0.12253500000000002 0.8686870000000001 0.10985899999999998 0.835017 0.076056 0.813131 0.048592 0.808081 0.035915 0.794613 0.020423 0.792929 0.014085000000000002 0.782828 0.005634 0.779461 0.004225 0.765993 0.004225 0.759259 0.002113 0.737374 0.004225 0.728956 0.002817 0.575758 0.003521 0.52862 0.001408 0.506734 0.003521 0.493266 0.003521 0.48316500000000007 0.002113 0.478114 0.002817 0.461279 0.001408
3 0.43939400000000006 0.002113 0.390572 0.002113 0.373737 0.003521 0.316498 0.002113 0.284512 0.003521 0.26936 0.005634 0.254209 0.002817 0.239057 0.002817 0.232323 0.00493 0.21885499999999997 0.004225 0.207071 0.009859 0.183502 0.046479 0.181818 0.052817 0.148148 0.085211 0.122896 0.117606 0.090909 0.185915 0.084175 0.20915500000000004 0.082492 0.233099 0.075758 0.246479 0.075758 0.279577 0.069024 0.296479 0.057239 0.36338 0.042088 0.519718 0.031987 0.534507 0.031987 0.542254 0.037037 0.549296 0.035354 0.624648 0.030303 0.679577 0.025253 0.692958 0.023569 0.7352109999999998 0.018519 0.7549300000000001 0.015152000000000002 0.828873 0.008418 0.85 0.006734 0.903521 0.0016840000000000002 0.91831 0 0.96831 0.006734 0.9774650000000001 0.011785 0.979577 0.025253 0.9816899999999998 0.030303 0.9845069999999999 0.038721 0.983803 0.052189 0.9852109999999998 0.06229 0.989437 0.084175 0.989437 0.092593 0.9922539999999999 0.099327 0.9915489999999999 0.106061 0.9950699999999999 0.127946 0.993662 0.132997 0.9950699999999999 0.146465 0.995775 0.19697 0.9950699999999999 0.210438 0.996479 0.232323 0.996479 0.250842 0.9950699999999999 0.26936 0.996479 0.279461 0.9950699999999999 0.326599 0.995775 0.3367 0.994366 0.378788 0.994366 0.383838 0.9922539999999999 0.390572 0.9922539999999999 0.393939 0.990845 0.429293 0.989437 0.43266000000000004 0.985915 0.452862 0.9845069999999999 0.462963 0.9809859999999999 0.47306400000000004 0.980282 0.47643100000000005 0.975352 0.478114 0.940845 0.47306400000000004 0.86338 0.47306400000000004 0.680986 0.47643100000000005 0.634507 0.474747 0.53169 0.478114 0.512676 0.47643100000000005 0.47323899999999997 0.47979800000000006 0.44507 0.47979800000000006 0.402817 0.474747 0.388732 0.474747 0.37253499999999995 0.481481 0.35493 0.481481 0.321127 0.4865320000000001 0.31338 0.4865320000000001 0.307746 0.48316500000000007 0.304225 0.489899 0.292254 0.491582 0.280282 0.489899 0.256338 0.4865320000000001 0.251408 0.4865320000000001 0.22816899999999998 0.481481 0.221127 0.481481 0.2 0.478114 0.197183 0.478114 0.172535 0.474747 0.167606 0.474747 0.099296 0.46633 0.082394 0.457912 0.073944 0.457912 0.06831 0.449495 0.05493000000000001 0.449495 0.05140800000000001 0.44276100000000007 0.044366 0.44107699999999994 0.004225 0.4343429999999999 0.003521
7 0.791246 0.002817 0.786195 0 0.742424 0 0.734007 0.002113 0.688552 0.002113 0.683502 0.003521 0.501684 0.003521 0.49494900000000003 0.00493 0.415825 0.00493 0.409091 0.003521 0.254209 0.003521 0.237374 0.002113 0.215488 0.002113 0.205387 0.00493 0.20202 0.007746 0.20202 0.011268 0.208754 0.015493000000000002 0.23063999999999998 0.017606 0.397306 0.017606 0.407407 0.019718 0.503367 0.019718 0.513468 0.017606 0.695286 0.017606 0.700337 0.016197 0.747475 0.016197 0.752525 0.014789 0.765993 0.014789 0.774411 0.012676 0.782828 0.012676 0.791246 0.009155
7 0.811448 0.041549 0.801347 0.035211 0.794613 0.033803 0.786195 0.033803 0.776094 0.03662 0.750842 0.03662 0.73569 0.038732 0.715488 0.038732 0.686869 0.042254 0.666667 0.042254 0.659933 0.043662 0.607744 0.043662 0.599327 0.04507 0.577441 0.04507 0.526936 0.048592 0.503367 0.048592 0.49494900000000003 0.05 0.410774 0.05 0.388889 0.047887 0.348485 0.047182999999999996 0.323232 0.043662 0.30303 0.043662 0.252525 0.038732 0.188552 0.03662 0.178451 0.039437 0.175084 0.042254 0.175084 0.045775 0.181818 0.05 0.191919 0.052113 0.239057 0.052817 0.245791 0.054224999999999995 0.257576 0.054224999999999995 0.262626 0.055634 0.287879 0.057746 0.311448 0.057746 0.341751 0.061972000000000006 0.390572 0.062676 0.402357 0.064789 0.503367 0.064789 0.516835 0.062676 0.543771 0.062676 0.553872 0.061268 0.607744 0.059859 0.621212 0.057746 0.673401 0.057746 0.680135 0.056338 0.700337 0.056338 0.712121 0.054224999999999995 0.722222 0.054224999999999995 0.728956 0.052817 0.750842 0.052817 0.759259 0.05140800000000001 0.79798 0.05140800000000001 0.808081 0.048592 0.811448 0.045775
1 0.9983159999999999 0.9640850000000001 0.981481 0.9640850000000001 0.974747 0.965493 0.9663300000000001 0.9704230000000001 0.951178 0.972535 0.936027 0.9774650000000001 0.9175079999999999 0.9774650000000001 0.909091 0.979577 0.9006729999999998 0.979577 0.895623 0.9809859999999999 0.877104 0.9809859999999999 0.851852 0.9845069999999999 0.792929 0.9845069999999999 0.787879 0.985915 0.670034 0.985915 0.649832 0.9845069999999999 0.617845 0.9845069999999999 0.611111 0.983099 0.599327 0.983099 0.545455 0.9746480000000001 0.535354 0.9746480000000001 0.52862 0.976056 0.521886 0.980282 0.521886 0.983803 0.52862 0.9880279999999999 0.585859 0.997183 0.597643 0.997183 0.604377 0.998592 0.8686870000000001 0.998592 0.8888890000000002 0.9950699999999999 0.9074069999999999 0.9950699999999999 0.9276089999999999 0.9922539999999999 0.944444 0.9922539999999999 0.964646 0.9880279999999999 0.97138 0.9852109999999998 0.978114 0.9852109999999998 0.996633 0.9809859999999999
1 0 0.969014 0 0.9816899999999998 0.038721 0.9915489999999999 0.063973 0.9950699999999999 0.072391 0.9950699999999999 0.077441 0.996479 0.132997 0.999296 0.363636 0.998592 0.382155 0.9950699999999999 0.390572 0.9950699999999999 0.397306 0.993662 0.409091 0.993662 0.415825 0.9922539999999999 0.44781099999999996 0.9922539999999999 0.456229 0.990141 0.46633 0.990141 0.474747 0.9880279999999999 0.47979800000000006 0.9852109999999998 0.47979800000000006 0.9739440000000001 0.474747 0.9711270000000001 0.468013 0.969718 0.459596 0.969718 0.452862 0.9711270000000001 0.44781099999999996 0.9746480000000001 0.43770999999999993 0.9774650000000001 0.407407 0.9774650000000001 0.395623 0.979577 0.37037 0.9809859999999999 0.351852 0.9845069999999999 0.326599 0.9845069999999999 0.306397 0.9880279999999999 0.291246 0.9880279999999999 0.282828 0.989437 0.22727299999999998 0.989437 0.22222199999999998 0.9880279999999999 0.176768 0.9880279999999999 0.144781 0.9845069999999999 0.077441 0.9809859999999999 0.055556 0.9781689999999998 0.013468 0.9676060000000001 0.005051 0.9676060000000001
7 0.631313 0.05493000000000001 0.624579 0.059155 0.624579 0.062676 0.632997 0.073239 0.632997 0.08662 0.638047 0.09014099999999999 0.639731 0.1 0.644781 0.10633800000000002 0.644781 0.11338 0.649832 0.119718 0.649832 0.138732 0.653199 0.142958 0.653199 0.154225 0.656566 0.158451 0.656566 0.179577 0.661616 0.18450699999999998 0.661616 0.192958 0.664983 0.196479 0.666667 0.20845100000000003 0.678451 0.219014 0.681818 0.224648 0.681818 0.237324 0.685185 0.239437 0.685185 0.24788699999999997 0.691919 0.254225 0.703704 0.257746 0.722222 0.257746 0.727273 0.256338 0.759259 0.25493 0.784512 0.251408 0.8787880000000001 0.251408 0.887205 0.25 0.9006729999999998 0.25 0.909091 0.24788699999999997 0.9208749999999999 0.247183 0.9309759999999999 0.242958 0.9309759999999999 0.234507 0.9242419999999999 0.22816899999999998 0.9141409999999999 0.225352 0.905724 0.225352 0.89899 0.226761 0.8922560000000002 0.230986 0.890572 0.235211 0.8787880000000001 0.235211 0.8619530000000001 0.237324 0.76936 0.237324 0.750842 0.24014100000000002 0.739057 0.24014100000000002 0.727273 0.242254 0.718855 0.241549 0.718855 0.234507 0.715488 0.23239400000000002 0.715488 0.21831 0.698653 0.2 0.698653 0.190141 0.695286 0.187324 0.695286 0.178873 0.691919 0.175352 0.691919 0.15493 0.686869 0.148592 0.686869 0.135915 0.683502 0.13169 0.683502 0.11338 0.680135 0.10985899999999998 0.680135 0.102817 0.675084 0.098592 0.673401 0.085915 0.666667 0.080986 0.666667 0.067606 0.661616 0.059859 0.653199 0.05493000000000001 0.646465 0.053521 0.638047 0.053521
7 0.954545 0.44788700000000004 0.9494950000000001 0.44507 0.9276089999999999 0.44084500000000004 0.9175079999999999 0.44084500000000004 0.895623 0.447183 0.8855220000000001 0.447183 0.877104 0.449296 0.867003 0.449296 0.8619530000000001 0.450704 0.833333 0.450704 0.824916 0.452113 0.808081 0.452113 0.794613 0.454225 0.774411 0.454225 0.76936 0.455634 0.715488 0.455634 0.707071 0.454225 0.6633 0.454225 0.606061 0.450704 0.56229 0.450704 0.540404 0.447183 0.530303 0.447183 0.520202 0.45 0.516835 0.45281699999999997 0.516835 0.45633799999999997 0.523569 0.460563 0.548822 0.46478900000000006 0.589226 0.46478900000000006 0.639731 0.46830999999999995 0.693603 0.46830999999999995 0.700337 0.4697180000000001 0.781145 0.4697180000000001 0.787879 0.46830999999999995 0.833333 0.466901 0.845118 0.46478900000000006 0.873737 0.46478900000000006 0.880471 0.46338 0.893939 0.46338 0.9006729999999998 0.46126800000000007 0.922559 0.459859 0.9276089999999999 0.458451 0.9427610000000001 0.458451 0.9494950000000001 0.457042 0.954545 0.454225
7 0.974747 0.666901 0.9696970000000001 0.664085 0.9629630000000001 0.662676 0.9494950000000001 0.662676 0.9309759999999999 0.666901 0.9208749999999999 0.671831 0.912458 0.673239 0.9040399999999998 0.677465 0.890572 0.678873 0.873737 0.684507 0.856902 0.685915 0.83165 0.690845 0.811448 0.690845 0.754209 0.696479 0.728956 0.697183 0.656566 0.692958 0.638047 0.690845 0.599327 0.690845 0.550505 0.685915 0.538721 0.685915 0.531987 0.687324 0.525253 0.691549 0.525253 0.69507 0.52862 0.697887 0.535354 0.7 0.582492 0.70493 0.624579 0.70493 0.648148 0.707746 0.720539 0.711972 0.762626 0.711268 0.767677 0.709859 0.813131 0.707042 0.826599 0.70493 0.845118 0.70493 0.8821550000000001 0.698592 0.890572 0.698592 0.9074069999999999 0.692254 0.929293 0.689437 0.936027 0.685211 0.947811 0.683099 0.957912 0.678169 0.9696970000000001 0.676056 0.974747 0.673239
7 0.87037 0.685915 0.863636 0.687324 0.856902 0.691549 0.856902 0.697887 0.867003 0.723239 0.8720540000000001 0.728873 0.877104 0.7647890000000002 0.877104 0.819014 0.880471 0.824648 0.880471 0.8852110000000001 0.883838 0.890141 0.883838 0.9577459999999999 0.880471 0.961972 0.880471 0.987324 0.883838 0.989437 0.883838 0.9922539999999999 0.890572 0.996479 0.909091 0.997183 0.915825 0.9950699999999999 0.919192 0.9922539999999999 0.919192 0.983099 0.9141409999999999 0.979577 0.9141409999999999 0.9676060000000001 0.919192 0.961268 0.919192 0.88662 0.9141409999999999 0.879577 0.9107739999999999 0.748592 0.9074069999999999 0.725352 0.902357 0.7211270000000001 0.8922560000000002 0.691549 0.8855220000000001 0.687324 0.8787880000000001 0.685915
7 0.074074 0.24436600000000003 0.074074 0.24788699999999997 0.080808 0.252113 0.102694 0.255634 0.122896 0.257746 0.158249 0.257746 0.1633 0.259155 0.183502 0.259859 0.22727299999999998 0.264789 0.250842 0.266197 0.255892 0.267606 0.287879 0.269718 0.294613 0.271127 0.324916 0.271127 0.338384 0.273239 0.360269 0.273239 0.37037 0.274648 0.4461280000000001 0.274648 0.454545 0.276761 0.47979800000000006 0.276761 0.4865320000000001 0.275352 0.491582 0.272535 0.489899 0.264789 0.47138 0.260563 0.385522 0.260563 0.368687 0.258451 0.308081 0.257042 0.198653 0.245775 0.170034 0.24366200000000002 0.139731 0.24366200000000002 0.099327 0.238732 0.087542 0.238732 0.080808 0.24014100000000002
7 0.052189 0.527465 0.042088 0.530282 0.038721 0.533099 0.038721 0.53662 0.063973 0.553521 0.094276 0.56338 0.149832 0.577465 0.188552 0.589437 0.200337 0.59507 0.21885499999999997 0.614789 0.21885499999999997 0.75 0.22222199999999998 0.755634 0.22222199999999998 0.809155 0.21885499999999997 0.811972 0.21885499999999997 0.8338030000000001 0.22222199999999998 0.8366200000000001 0.228956 0.838732 0.24747499999999997 0.838732 0.255892 0.835211 0.255892 0.747183 0.252525 0.742958 0.252525 0.609155 0.23063999999999998 0.58662 0.213805 0.578169 0.20202 0.575352 0.185185 0.569014 0.131313 0.555634 0.097643 0.545775 0.06734 0.528873 0.060606 0.527465
7 0.006734 0.808451 0.006734 0.8133800000000001 0.010101 0.816197 0.016835 0.81831 0.03367 0.81831 0.045455 0.821127 0.11616200000000002 0.8309859999999999 0.136364 0.83169 0.146465 0.8338030000000001 0.198653 0.835211 0.21885499999999997 0.838732 0.294613 0.838732 0.306397 0.8366200000000001 0.340067 0.8366200000000001 0.368687 0.8338030000000001 0.378788 0.8338030000000001 0.392256 0.83169 0.412458 0.8309859999999999 0.4461280000000001 0.825352 0.459596 0.825352 0.46969700000000003 0.822535 0.47643100000000005 0.81831 0.47643100000000005 0.814789 0.46969700000000003 0.810563 0.462963 0.809155 0.44276100000000007 0.809155 0.427609 0.812676 0.410774 0.8140849999999998 0.402357 0.816197 0.375421 0.817606 0.321549 0.822535 0.294613 0.822535 0.279461 0.824648 0.232323 0.824648 0.210438 0.821127 0.190236 0.821127 0.176768 0.819014 0.154882 0.819014 0.148148 0.817606 0.12457900000000001 0.816197 0.053872 0.8063380000000001 0.045455 0.804225 0.03367 0.804225 0.02862 0.8028170000000001 0.020202 0.8028170000000001 0.013468 0.804225