0 0.459514 0.190202 0.45749 0.195965 0.465587 0.20893400000000004 0.47166 0.227666 0.469636 0.256484 0.475709 0.263689 0.479757 0.276657 0.491903 0.292507 0.489879 0.324207 0.532389 0.34438 0.544534 0.345821 0.574899 0.357349 0.593117 0.360231 0.61336 0.34438 0.623482 0.332853 0.62753 0.302594 0.623482 0.259366 0.62753 0.253602 0.629555 0.23342900000000003 0.615385 0.20893400000000004 0.603239 0.197406 0.603239 0.190202 0.59919 0.18732 0.560729 0.191643 0.489879 0.191643 0.47166 0.188761
5 0.449393 0.181556 0.417004 0.182997 0.410931 0.18732 0.402834 0.20028799999999997 0.38056700000000004 0.21757899999999997 0.374494 0.22622500000000004 0.376518 0.23486999999999997 0.390688 0.25072 0.406883 0.260807 0.419028 0.262248 0.417004 0.285303 0.396761 0.322767 0.37247 0.34438 0.32996 0.370317 0.299595 0.380403 0.27530400000000005 0.391931 0.259109 0.396254 0.246964 0.396254 0.253036 0.412104 0.236842 0.41786699999999993 0.236842 0.426513 0.253036 0.436599 0.257085 0.44524499999999995 0.267206 0.44524499999999995 0.27530400000000005 0.456772 0.285425 0.45965400000000006 0.285425 0.466859 0.293522 0.4697410000000001 0.301619 0.47838600000000003 0.309717 0.47838600000000003 0.313765 0.48415 0.334008 0.48415 0.350202 0.489914 0.366397 0.48847300000000005 0.376518 0.492795 0.435223 0.49423600000000006 0.441296 0.48703199999999996 0.449393 0.48415 0.463563 0.48415 0.463563 0.472622 0.45749 0.465418 0.45749 0.440922 0.451417 0.430836 0.441296 0.386167 0.435223 0.377522 0.439271 0.355908 0.453441 0.321326 0.45749 0.291066 0.47166 0.257925 0.467611 0.256484 0.469636 0.227666 0.463563 0.20893400000000004 0.455466 0.195965 0.459514 0.18732
4 0.489879 0.318444 0.435223 0.357349 0.40081 0.39337199999999994 0.382591 0.402017 0.368421 0.414986 0.362348 0.42507200000000006 0.334008 0.449568 0.311741 0.47838600000000003 0.311741 0.485591 0.267206 0.537464 0.267206 0.543228 0.261134 0.553314 0.218623 0.605187 0.208502 0.612392 0.180162 0.645533 0.168016 0.667147 0.157895 0.698847 0.147773 0.711816 0.147773 0.716138 0.101215 0.7708930000000002 0.097166 0.7795389999999999 0.018219 0.880403 0.018219 0.893372 0.026316 0.894813 0.038462 0.8904899999999999 0.048583 0.8904899999999999 0.060729 0.899135 0.07085 0.912104 0.095142 0.914986 0.11336 0.9135449999999999 0.123482 0.920749 0.123482 0.929395 0.119433 0.9351589999999999 0.147773 0.933718 0.165992 0.9279539999999998 0.174089 0.9221900000000001 0.180162 0.9221900000000001 0.186235 0.929395 0.204453 0.939481 0.202429 0.9567720000000001 0.230769 0.945245 0.234818 0.9481269999999999 0.234818 0.955331 0.240891 0.963977 0.253036 0.963977 0.263158 0.958213 0.271255 0.958213 0.283401 0.965418 0.283401 0.9697409999999999 0.287449 0.9726220000000001 0.301619 0.9726220000000001 0.309717 0.975504 0.338057 0.975504 0.348178 0.981268 0.342105 0.994236 0.346154 0.9985590000000001 0.362348 0.9985590000000001 0.37247 0.992795 0.390688 0.988473 0.396761 0.98415 0.40081 0.9726220000000001 0.412955 0.9726220000000001 0.423077 0.975504 0.453441 0.975504 0.465587 0.9798270000000001 0.477733 0.9798270000000001 0.48583000000000004 0.9827089999999999 0.522267 0.9827089999999999 0.5283399999999999 0.9798270000000001 0.554656 0.9798270000000001 0.576923 0.98415 0.635628 0.98415 0.706478 0.978386 0.720648 0.974063 0.724696 0.9697409999999999 0.732794 0.9697409999999999 0.736842 0.9726220000000001 0.759109 0.9726220000000001 0.775304 0.9683 0.801619 0.955331 0.807692 0.9567720000000001 0.813765 0.965418 0.827935 0.976945 0.848178 0.978386 0.866397 0.9827089999999999 0.866397 0.974063 0.846154 0.9510089999999999 0.846154 0.943804 0.850202 0.940922 0.866397 0.939481 0.884615 0.930836 0.906883 0.926513 0.91498 0.9164269999999999 0.945344 0.8976949999999999 0.963563 0.899135 0.973684 0.9034580000000001 0.981781 0.9034580000000001 0.997976 0.8976949999999999 0.9716600000000001 0.873199 0.919028 0.7925070000000001 0.91498 0.782421 0.908907 0.776657 0.904858 0.762248 0.892713 0.75072 0.868421 0.716138 0.874494 0.698847 0.862348 0.681556 0.860324 0.668588 0.848178 0.657061 0.834008 0.628242 0.803644 0.580692 0.801619 0.556196 0.779352 0.523055 0.773279 0.508646 0.744939 0.4697410000000001 0.742915 0.4639769999999999 0.746964 0.456772 0.690283 0.396254 0.678138 0.37464 0.629555 0.327089 0.625506 0.32853 0.625506 0.332853 0.615385 0.34438 0.591093 0.361671 0.574899 0.35879 0.562753 0.353026 0.55668 0.353026 0.544534 0.347262 0.520243 0.341499 0.487854 0.324207
7 0.479757 0.324207 0.481781 0.331412 0.493927 0.340058 0.506073 0.342939 0.51417 0.350144 0.5283399999999999 0.351585 0.54251 0.35879 0.560729 0.360231 0.58502 0.371758 0.595142 0.370317 0.607287 0.357349 0.639676 0.334294 0.635628 0.325648 0.623482 0.324207 0.611336 0.32853 0.607287 0.334294 0.582996 0.350144 0.530364 0.335735 0.495951 0.318444 0.487854 0.318444
2 0.59919 0.180115 0.587045 0.177233 0.578947 0.182997 0.578947 0.191643 0.589069 0.20893400000000004 0.587045 0.211816 0.538462 0.211816 0.530364 0.214697 0.520243 0.204611 0.51417 0.191643 0.502024 0.185879 0.489879 0.188761 0.487854 0.198847 0.497976 0.206052 0.497976 0.21037499999999998 0.506073 0.21757899999999997 0.512146 0.231988 0.520243 0.236311 0.5283399999999999 0.236311 0.546559 0.227666 0.58502 0.227666 0.591093 0.230548 0.607287 0.230548 0.61336 0.227666 0.617409 0.216138 0.607287 0.198847 0.6052629999999999 0.18732
1 0.445344 0.354467 0.445344 0.360231 0.455466 0.370317 0.487854 0.384726 0.522267 0.412104 0.538462 0.41066299999999994 0.546559 0.403458 0.562753 0.396254 0.576923 0.386167 0.587045 0.37464 0.617409 0.39337199999999994 0.623482 0.402017 0.633603 0.40634 0.651822 0.403458 0.672065 0.380403 0.67004 0.368876 0.657895 0.365994 0.651822 0.368876 0.639676 0.386167 0.625506 0.37464 0.61336 0.370317 0.603239 0.361671 0.595142 0.35879 0.576923 0.35879 0.57085 0.361671 0.560729 0.373199 0.530364 0.391931 0.508097 0.37464 0.475709 0.360231 0.463563 0.350144 0.453441 0.348703
1 0.593117 0.361671 0.582996 0.360231 0.574899 0.364553 0.558704 0.389049 0.54251 0.403458 0.524291 0.4351590000000001 0.518219 0.456772 0.508097 0.474063 0.508097 0.48415 0.479757 0.567723 0.477733 0.586455 0.467611 0.610951 0.461538 0.642651 0.44332 0.690202 0.42915 0.740634 0.421053 0.785303 0.412955 0.806916 0.410931 0.82853 0.40081 0.8501440000000001 0.40081 0.864553 0.390688 0.896254 0.390688 0.910663 0.384615 0.9279539999999998 0.384615 0.9380400000000001 0.38056700000000004 0.943804 0.378543 0.9697409999999999 0.374494 0.9726220000000001 0.354251 0.9726220000000001 0.336032 0.965418 0.301619 0.963977 0.285425 0.958213 0.259109 0.943804 0.222672 0.943804 0.204453 0.930836 0.200405 0.923631 0.190283 0.9193080000000001 0.165992 0.920749 0.15587 0.9135449999999999 0.131579 0.9135449999999999 0.121457 0.917867 0.105263 0.9164269999999999 0.09919 0.9135449999999999 0.095142 0.9034580000000001 0.076923 0.891931 0.048583 0.8904899999999999 0.032389 0.8847260000000001 0.026316 0.8847260000000001 0.018219 0.8904899999999999 0.018219 0.896254 0.026316 0.9034580000000001 0.066802 0.907781 0.074899 0.912104 0.080972 0.925072 0.09919 0.9322769999999999 0.123482 0.9351589999999999 0.139676 0.929395 0.147773 0.936599 0.15587 0.939481 0.165992 0.939481 0.180162 0.9351589999999999 0.200405 0.9538900000000001 0.216599 0.959654 0.248988 0.959654 0.261134 0.963977 0.271255 0.971182 0.295547 0.9798270000000001 0.32996 0.981268 0.348178 0.988473 0.37247 0.988473 0.38056700000000004 0.992795 0.388664 0.992795 0.394737 0.989914 0.402834 0.974063 0.402834 0.949568 0.412955 0.914986 0.412955 0.9005760000000002 0.419028 0.8876080000000001 0.423077 0.854467 0.433198 0.832853 0.435223 0.811239 0.44332 0.791066 0.451417 0.7449569999999999 0.465587 0.694524 0.483806 0.646974 0.48583000000000004 0.629683 0.5 0.590778 0.5 0.580692 0.508097 0.551873 0.518219 0.530259 0.518219 0.523055 0.530364 0.48847300000000005 0.530364 0.479827 0.560729 0.414986 0.57085 0.407781 0.597166 0.370317
1 0.623482 0.39337199999999994 0.615385 0.39913499999999996 0.615385 0.407781 0.625506 0.429395 0.631579 0.458213 0.649798 0.49423600000000006 0.651822 0.504323 0.668016 0.528818 0.67004 0.540346 0.6821859999999998 0.567723 0.692308 0.582133 0.694332 0.597983 0.708502 0.632565 0.716599 0.681556 0.724696 0.70317 0.728745 0.740634 0.736842 0.7608069999999999 0.7388659999999999 0.782421 0.746964 0.8083570000000001 0.757085 0.82853 0.777328 0.902017 0.791498 0.9279539999999998 0.801619 0.9668589999999999 0.807692 0.974063 0.825911 0.976945 0.831984 0.974063 0.834008 0.965418 0.852227 0.9567720000000001 0.868421 0.945245 0.884615 0.940922 0.90081 0.9322769999999999 0.921053 0.9164269999999999 0.935223 0.910663 0.945344 0.910663 0.951417 0.907781 0.975709 0.907781 0.98583 0.9034580000000001 0.987854 0.896254 0.977733 0.889049 0.919028 0.896254 0.904858 0.9034580000000001 0.87247 0.926513 0.850202 0.933718 0.825911 0.949568 0.821862 0.9481269999999999 0.813765 0.930836 0.813765 0.923631 0.799595 0.8976949999999999 0.781377 0.829971 0.7611340000000001 0.778098 0.759109 0.756484 0.751012 0.736311 0.746964 0.698847 0.7388659999999999 0.677233 0.732794 0.636888 0.716599 0.59366 0.714575 0.57781 0.704453 0.563401 0.692308 0.536023 0.690283 0.524496 0.674089 0.5 0.672065 0.489914 0.659919 0.4683 0.637652 0.39913499999999996 0.633603 0.394813
1 0.801619 0.955331 0.797571 0.9510089999999999 0.787449 0.949568 0.777328 0.955331 0.7611340000000001 0.958213 0.742915 0.958213 0.720648 0.963977 0.678138 0.965418 0.633603 0.9726220000000001 0.550607 0.9726220000000001 0.532389 0.975504 0.404858 0.965418 0.398785 0.9683 0.396761 0.975504 0.40081 0.9798270000000001 0.412955 0.9827089999999999 0.461538 0.987032 0.487854 0.987032 0.512146 0.9913540000000001 0.538462 0.9913540000000001 0.55668 0.988473 0.639676 0.988473 0.6842110000000001 0.981268 0.726721 0.9798270000000001 0.748988 0.974063 0.767206 0.974063 0.775304 0.971182 0.793522 0.9697409999999999 0.801619 0.963977
6 0.453441 0.182997 0.447368 0.18732 0.447368 0.197406 0.455466 0.21037499999999998 0.455466 0.220461 0.461538 0.229107 0.463563 0.24927999999999997 0.467611 0.252161 0.479757 0.252161 0.481781 0.229107 0.475709 0.214697 0.475709 0.204611 0.465587 0.185879 0.461538 0.182997
6 0.419028 0.256484 0.419028 0.262248 0.425101 0.266571 0.437247 0.269452 0.465587 0.269452 0.47166 0.26513 0.47166 0.259366 0.463563 0.253602 0.445344 0.255043 0.425101 0.252161
6 0.398785 0.314121 0.398785 0.319885 0.41498 0.331412 0.42915 0.335735 0.449393 0.334294 0.449393 0.325648 0.421053 0.315562 0.41498 0.309798 0.404858 0.309798