0 0.818421 0.012216 0.801316 0.00349 0.759211 0.001745 0.707895 0.008726 0.7 0.013961999999999999 0.6789470000000001 0.013961999999999999 0.665789 0.022688 0.651316 0.024433 0.638158 0.017452 0.623684 0.017452 0.614474 0.010471 0.594737 0.008726 0.588158 0.00349 0.584211 0.00349 0.577632 0.010471 0.575 0.022688 0.563158 0.04014 0.532895 0.064572 0.523684 0.064572 0.514474 0.075044 0.506579 0.078534 0.48026300000000005 0.076789 0.459211 0.085515 0.443421 0.085515 0.43289500000000003 0.069808 0.410526 0.069808 0.398684 0.059337 0.386842 0.054101 0.371053 0.031414 0.369737 0.017452 0.367105 0.013961999999999999 0.34473700000000007 0.013961999999999999 0.336842 0.019197 0.326316 0.019197 0.321053 0.024433 0.310526 0.027923 0.302632 0.027923 0.289474 0.013961999999999999 0.278947 0.008726 0.267105 0.008726 0.260526 0.012216 0.182895 0.010471 0.177632 0.013961999999999999 0.148684 0.015707 0.147368 0.020942 0.152632 0.031414 0.153947 0.041885 0.151316 0.04712 0.15 0.059337 0.147368 0.062827 0.146053 0.089005 0.151316 0.102967 0.151316 0.108202 0.138158 0.129145 0.139474 0.150087 0.143421 0.164049 0.157895 0.186736 0.163158 0.190227 0.18026300000000003 0.191972 0.188158 0.200698 0.192105 0.209424 0.192105 0.219895 0.186842 0.232112 0.186842 0.256545 0.190789 0.25829 0.198684 0.268761 0.206579 0.293194 0.206579 0.343805 0.205263 0.357766 0.201316 0.369983 0.201316 0.382199 0.21842100000000003 0.429319 0.22894699999999998 0.445026 0.244737 0.46247799999999994 0.267105 0.46247799999999994 0.276316 0.4677140000000001 0.288158 0.483421 0.296053 0.486911 0.301316 0.493892 0.303947 0.49040100000000003 0.311842 0.49040100000000003 0.319737 0.495637 0.319737 0.504363 0.317105 0.509599 0.317105 0.537522 0.321053 0.544503 0.319737 0.565445 0.322368 0.574171 0.323684 0.617801 0.328947 0.635253 0.327632 0.643979 0.331579 0.65096 0.380263 0.649215 0.396053 0.652705 0.48552600000000007 0.652705 0.494737 0.656195 0.551316 0.657941 0.567105 0.663176 0.581579 0.663176 0.588158 0.666667 0.621053 0.670157 0.626316 0.673647 0.626316 0.617801 0.630263 0.612565 0.631579 0.586387 0.635526 0.579407 0.639474 0.5637 0.639474 0.539267 0.648684 0.514834 0.648684 0.504363 0.659211 0.47818499999999997 0.667105 0.472949 0.676316 0.457243 0.676316 0.431065 0.672368 0.406632 0.667105 0.396161 0.665789 0.361257 0.669737 0.357766 0.6894740000000001 0.357766 0.703947 0.364747 0.7197369999999998 0.34904 0.7236839999999999 0.342059 0.725 0.317627 0.730263 0.296684 0.738158 0.286213 0.7486840000000001 0.280977 0.756579 0.270506 0.761842 0.251309 0.761842 0.24607300000000001 0.756579 0.239092 0.752632 0.226876 0.752632 0.212914 0.756579 0.200698 0.765789 0.188482 0.792105 0.17103 0.798684 0.169284 0.796053 0.158813 0.796053 0.146597 0.802632 0.1274 0.805263 0.109948 0.802632 0.085515 0.8 0.082024 0.8 0.059337 0.807895 0.036649 0.8144740000000001 0.026178
5 0.282895 0.010471 0.263158 0.010471 0.257895 0.013961999999999999 0.18552600000000002 0.010471 0.18026300000000003 0.013961999999999999 0.164474 0.013961999999999999 0.161842 0.017452 0.146053 0.017452 0.153947 0.034904 0.153947 0.041885 0.146053 0.066318 0.146053 0.089005 0.151316 0.099476 0.151316 0.108202 0.138158 0.125654 0.139474 0.151832 0.146053 0.169284 0.156579 0.184991 0.164474 0.191972 0.184211 0.193717 0.192105 0.209424 0.190789 0.226876 0.186842 0.232112 0.18552600000000002 0.284468 0.181579 0.30541 0.165789 0.352531 0.161842 0.380454 0.155263 0.394415 0.147368 0.422339 0.143421 0.45026200000000005 0.132895 0.488656 0.131579 0.509599 0.125 0.52356 0.123684 0.537522 0.11710500000000001 0.556719 0.107895 0.572426 0.103947 0.589878 0.090789 0.617801 0.088158 0.635253 0.088158 0.69459 0.071053 0.722513 0.003947 0.811518 0 0.823735 0 0.841187 0.005263 0.856894 0.023684 0.888307 0.035526 0.9040139999999999 0.090789 0.940663 0.103947 0.9441540000000002 0.126316 0.9563699999999999 0.131579 0.9563699999999999 0.155263 0.977312 0.198684 0.982548 0.206579 0.977312 0.211842 0.977312 0.219737 0.961606 0.221053 0.9249559999999999 0.22368400000000002 0.9162299999999999 0.225 0.897033 0.22763199999999997 0.893543 0.22763199999999997 0.773124 0.230263 0.766143 0.244737 0.750436 0.246053 0.745201 0.252632 0.73822 0.257895 0.727749 0.257895 0.712042 0.261842 0.703316 0.265789 0.671902 0.271053 0.657941 0.275 0.624782 0.282895 0.598604 0.289474 0.589878 0.288158 0.579407 0.294737 0.546248 0.297368 0.507853 0.302632 0.492147 0.305263 0.488656 0.309211 0.488656 0.3 0.425829 0.297368 0.315881 0.294737 0.307155 0.294737 0.284468 0.290789 0.270506 0.290789 0.193717 0.294737 0.167539 0.294737 0.136126 0.298684 0.104712 0.296053 0.073298 0.297368 0.031414 0.293421 0.029668 0.297368 0.022688 0.290789 0.013961999999999999
5 0.677632 0.013961999999999999 0.665789 0.020942 0.668421 0.026178 0.668421 0.094241 0.664474 0.137871 0.664474 0.24607300000000001 0.667105 0.263525 0.667105 0.312391 0.669737 0.342059 0.667105 0.34904 0.667105 0.361257 0.661842 0.375218 0.661842 0.390925 0.665789 0.403141 0.669737 0.408377 0.673684 0.43281 0.673684 0.45026200000000005 0.6789470000000001 0.46945899999999996 0.6789470000000001 0.47992999999999997 0.6855259999999999 0.509599 0.690789 0.521815 0.692105 0.542757 0.702632 0.588133 0.703947 0.61082 0.711842 0.643979 0.711842 0.657941 0.715789 0.668412 0.7197369999999998 0.712042 0.728947 0.73822 0.742105 0.753927 0.7552629999999999 0.774869 0.759211 0.788831 0.759211 0.928447 0.760526 0.949389 0.763158 0.9563699999999999 0.763158 0.987784 0.767105 0.991274 0.781579 0.9930189999999999 0.785526 0.99651 0.859211 0.99651 0.8736840000000001 0.9895290000000001 0.890789 0.986038 0.925 0.9668409999999998 0.975 0.9005240000000001 0.976316 0.8952879999999999 0.985526 0.884817 0.997368 0.862129 0.990789 0.856894 0.986842 0.858639 0.978947 0.849913 0.976316 0.834206 0.968421 0.82548 0.965789 0.815009 0.953947 0.801047 0.952632 0.794066 0.944737 0.78534 0.940789 0.773124 0.932895 0.764398 0.925 0.750436 0.921053 0.736475 0.913158 0.727749 0.9078949999999999 0.710297 0.9052630000000002 0.556719 0.896053 0.52356 0.871053 0.45898800000000006 0.871053 0.45200699999999994 0.856579 0.417103 0.85 0.385689 0.840789 0.364747 0.836842 0.342059 0.8315790000000001 0.329843 0.828947 0.310646 0.819737 0.286213 0.8144740000000001 0.251309 0.806579 0.226876 0.798684 0.184991 0.798684 0.162304 0.796053 0.157068 0.796053 0.146597 0.802632 0.129145 0.805263 0.11518300000000001 0.8039470000000001 0.09075 0.8 0.078534 0.8 0.061082 0.807895 0.036649 0.818421 0.017452 0.818421 0.008726 0.806579 0.008726 0.8 0.00349 0.730263 0.005236 0.726316 0.008726 0.7065790000000001 0.008726 0.702632 0.013961999999999999
2 0.588158 0.00349 0.585526 0 0.577632 0 0.571053 0.017452 0.555263 0.045375 0.538158 0.062827 0.526316 0.069808 0.502632 0.073298 0.477632 0.073298 0.452632 0.064572 0.419737 0.061082 0.4 0.054101 0.385526 0.045375 0.3723679999999999 0.026178 0.371053 0.010471 0.365789 0.010471 0.36184199999999994 0.015707 0.36184199999999994 0.033159 0.3776320000000001 0.057592000000000004 0.385526 0.062827 0.390789 0.062827 0.4 0.069808 0.426316 0.076789 0.44736800000000004 0.078534 0.472368 0.08726 0.507895 0.08726 0.535526 0.082024 0.556579 0.064572 0.576316 0.036649 0.577632 0.029668 0.588158 0.013961999999999999
7 0.327632 0.643979 0.327632 0.652705 0.334211 0.657941 0.352632 0.65445 0.48157900000000003 0.657941 0.539474 0.661431 0.555263 0.664921 0.596053 0.664921 0.609211 0.670157 0.627632 0.671902 0.626316 0.657941 0.615789 0.657941 0.598684 0.65096 0.560526 0.65096 0.544737 0.647469 0.48684199999999994 0.643979 0.422368 0.643979 0.401316 0.640489 0.330263 0.640489
2 0.667105 0.024433 0.661842 0.024433 0.659211 0.027923 0.657895 0.04363 0.65 0.069808 0.647368 0.095986 0.643421 0.109948 0.628947 0.198953 0.623684 0.216405 0.622368 0.23385700000000004 0.617105 0.251309 0.617105 0.26178 0.614474 0.268761 0.611842 0.296684 0.607895 0.314136 0.607895 0.331588 0.603947 0.347295 0.601316 0.385689 0.597368 0.401396 0.597368 0.417103 0.589474 0.47120399999999996 0.588158 0.509599 0.584211 0.532286 0.582895 0.575916 0.575 0.638743 0.575 0.65445 0.577632 0.657941 0.582895 0.657941 0.586842 0.65096 0.589474 0.603839 0.593421 0.582897 0.598684 0.485166 0.607895 0.424084 0.607895 0.408377 0.611842 0.39267 0.614474 0.354276 0.618421 0.338569 0.618421 0.321117 0.627632 0.267016 0.627632 0.256545 0.632895 0.24083799999999997 0.634211 0.223386 0.639474 0.205934 0.647368 0.164049 0.65 0.139616 0.653947 0.123909 0.653947 0.113438 0.657895 0.101222 0.659211 0.082024 0.668421 0.050611 0.669737 0.027923
2 0.298684 0.036649 0.296053 0.04014 0.293421 0.062827 0.289474 0.143106 0.290789 0.226876 0.294737 0.267016 0.296053 0.326353 0.301316 0.371728 0.301316 0.406632 0.305263 0.427574 0.306579 0.492147 0.310526 0.521815 0.310526 0.547993 0.315789 0.572426 0.315789 0.586387 0.321053 0.609075 0.321053 0.619546 0.326316 0.640489 0.326316 0.649215 0.328947 0.652705 0.334211 0.652705 0.336842 0.649215 0.336842 0.633508 0.334211 0.628272 0.331579 0.602094 0.326316 0.579407 0.326316 0.565445 0.321053 0.541012 0.321053 0.521815 0.315789 0.47992999999999997 0.314474 0.413613 0.310526 0.39267 0.309211 0.331588 0.306579 0.319372 0.305263 0.260035 0.301316 0.219895 0.301316 0.101222 0.306579 0.04014 0.303947 0.036649
7 0.817105 0.010471 0.811842 0.010471 0.802632 0.022688 0.7934209999999999 0.04712 0.790789 0.062827 0.790789 0.078534 0.794737 0.097731 0.7934209999999999 0.141361 0.7828949999999999 0.165794 0.759211 0.188482 0.743421 0.216405 0.743421 0.232112 0.7486840000000001 0.247818 0.7447370000000001 0.265271 0.722368 0.291449 0.7171050000000001 0.30541 0.715789 0.321117 0.705263 0.338569 0.692105 0.34555 0.642105 0.357766 0.630263 0.371728 0.626316 0.382199 0.626316 0.38918 0.628947 0.394415 0.647368 0.408377 0.661842 0.413613 0.665789 0.418848 0.664474 0.4363 0.661842 0.443281 0.648684 0.45898800000000006 0.605263 0.49040100000000003 0.597368 0.492147 0.593421 0.500873 0.593421 0.507853 0.596053 0.511344 0.602632 0.511344 0.618421 0.497382 0.625 0.495637 0.628947 0.49040100000000003 0.653947 0.472949 0.671053 0.453752 0.675 0.443281 0.675 0.438045 0.677632 0.434555 0.676316 0.411867 0.669737 0.401396 0.642105 0.387435 0.639474 0.383944 0.642105 0.376963 0.651316 0.369983 0.697368 0.359511 0.7131580000000001 0.350785 0.725 0.331588 0.727632 0.322862 0.727632 0.312391 0.731579 0.30192 0.746053 0.286213 0.7552629999999999 0.272251 0.759211 0.25829 0.759211 0.24083799999999997 0.753947 0.22513100000000003 0.767105 0.200698 0.7934209999999999 0.172775 0.8039470000000001 0.148342 0.8039470000000001 0.08377 0.801316 0.069808 0.805263 0.04712 0.819737 0.020942 0.819737 0.013961999999999999
7 0.146053 0.020942 0.143421 0.024433 0.143421 0.031414 0.148684 0.038394 0.148684 0.04712 0.139474 0.08377 0.140789 0.099476 0.146053 0.111693 0.140789 0.118674 0.138158 0.129145 0.136842 0.155323 0.15 0.183246 0.168421 0.195462 0.178947 0.197208 0.182895 0.202443 0.18026300000000003 0.219895 0.18026300000000003 0.247818 0.196053 0.275742 0.196053 0.287958 0.198684 0.298429 0.198684 0.375218 0.2 0.387435 0.205263 0.404887 0.225 0.441536 0.242105 0.455497 0.267105 0.47120399999999996 0.278947 0.47644 0.285526 0.47644 0.289474 0.481675 0.303947 0.485166 0.310526 0.49040100000000003 0.318421 0.49040100000000003 0.318421 0.474695 0.302632 0.47120399999999996 0.292105 0.464223 0.272368 0.457243 0.268421 0.45200699999999994 0.260526 0.45026200000000005 0.238158 0.434555 0.226316 0.418848 0.226316 0.415358 0.214474 0.39267 0.21052599999999996 0.380454 0.207895 0.34904 0.209211 0.289703 0.206579 0.280977 0.206579 0.268761 0.190789 0.239092 0.193421 0.195462 0.188158 0.184991 0.173684 0.181501 0.168421 0.176265 0.160526 0.17452 0.151316 0.158813 0.147368 0.146597 0.15 0.13089 0.157895 0.11692800000000002 0.157895 0.102967 0.151316 0.09075 0.151316 0.082024 0.157895 0.062827 0.160526 0.031414 0.152632 0.020942
6 0.298684 0.033159 0.294737 0.038394 0.296053 0.048866 0.292105 0.075044 0.290789 0.125654 0.285526 0.193717 0.285526 0.253054 0.290789 0.315881 0.296053 0.343805 0.296053 0.364747 0.298684 0.378709 0.302632 0.383944 0.307895 0.383944 0.309211 0.364747 0.306579 0.357766 0.306579 0.336824 0.301316 0.308901 0.301316 0.291449 0.298684 0.280977 0.296053 0.24607300000000001 0.297368 0.17103 0.301316 0.132635 0.303947 0.064572 0.306579 0.055846 0.306579 0.036649 0.303947 0.033159
6 0.669737 0.022688 0.667105 0.026178 0.663158 0.057592000000000004 0.659211 0.13089 0.663158 0.195462 0.665789 0.361257 0.675 0.363002 0.676316 0.303665 0.673684 0.253054 0.673684 0.188482 0.671053 0.155323 0.671053 0.102967 0.677632 0.026178 0.675 0.022688
7 0.08552600000000002 0.69459 0.08552600000000002 0.701571 0.098684 0.719023 0.107895 0.724258 0.118421 0.726003 0.12105299999999998 0.729494 0.152632 0.743455 0.164474 0.745201 0.173684 0.752182 0.20263200000000003 0.760908 0.214474 0.767888 0.23289500000000002 0.767888 0.23289500000000002 0.757417 0.22894699999999998 0.750436 0.22368400000000002 0.750436 0.219737 0.753927 0.217105 0.750436 0.211842 0.750436 0.203947 0.745201 0.190789 0.743455 0.168421 0.731239 0.161842 0.731239 0.126316 0.715532 0.123684 0.712042 0.113158 0.710297 0.10526299999999998 0.705061 0.09473699999999999 0.691099 0.088158 0.691099
7 0.9118419999999999 0.726003 0.909211 0.722513 0.902632 0.722513 0.884211 0.73822 0.877632 0.73822 0.865789 0.745201 0.860526 0.745201 0.851316 0.752182 0.827632 0.757417 0.819737 0.762653 0.792105 0.769634 0.7789469999999998 0.776614 0.756579 0.77836 0.753947 0.78185 0.753947 0.790576 0.784211 0.790576 0.797368 0.783595 0.825 0.776614 0.832895 0.771379 0.856579 0.766143 0.865789 0.759162 0.877632 0.757417 0.885526 0.750436 0.893421 0.750436 0.9013160000000001 0.745201 0.9118419999999999 0.734729
7 0.817105 0.012216 0.811842 0.012216 0.807895 0.017452 0.794737 0.04712 0.790789 0.076789 0.7894739999999999 0.151832 0.785526 0.157068 0.784211 0.164049 0.767105 0.184991 0.756579 0.193717 0.75 0.204188 0.7447370000000001 0.228621 0.7447370000000001 0.23560199999999998 0.747368 0.24083799999999997 0.746053 0.254799 0.7210530000000002 0.293194 0.7131580000000001 0.328098 0.702632 0.338569 0.6855259999999999 0.34555 0.671053 0.347295 0.668421 0.350785 0.668421 0.359511 0.671053 0.363002 0.690789 0.359511 0.707895 0.352531 0.722368 0.338569 0.731579 0.30192 0.753947 0.268761 0.759211 0.251309 0.759211 0.239092 0.756579 0.232112 0.759211 0.21466 0.765789 0.204188 0.781579 0.188482 0.794737 0.17103 0.796053 0.164049 0.8 0.158813 0.8 0.089005 0.805263 0.054101 0.819737 0.022688 0.819737 0.015707
7 0.146053 0.024433 0.143421 0.027923 0.143421 0.034904 0.147368 0.052356 0.139474 0.094241 0.139474 0.104712 0.144737 0.111693 0.139474 0.13438 0.139474 0.169284 0.15 0.188482 0.163158 0.195462 0.177632 0.198953 0.18026300000000003 0.202443 0.18026300000000003 0.251309 0.19473699999999997 0.277487 0.196053 0.324607 0.2 0.347295 0.2 0.375218 0.207895 0.403141 0.22368400000000002 0.4363 0.247368 0.46247799999999994 0.272368 0.474695 0.281579 0.47644 0.290789 0.483421 0.298684 0.483421 0.307895 0.49040100000000003 0.315789 0.49040100000000003 0.315789 0.47818499999999997 0.307895 0.47120399999999996 0.298684 0.47120399999999996 0.289474 0.464223 0.269737 0.457243 0.251316 0.446771 0.231579 0.424084 0.219737 0.399651 0.21052599999999996 0.366492 0.21052599999999996 0.340314 0.205263 0.30541 0.205263 0.270506 0.190789 0.244328 0.190789 0.191972 0.182895 0.184991 0.157895 0.176265 0.15 0.160558 0.15 0.141361 0.155263 0.12041899999999998 0.155263 0.104712 0.151316 0.092496 0.157895 0.059337 0.157895 0.04363 0.155263 0.027923 0.152632 0.024433