0 0.270021 0.006309 0.270021 0.160883 0.272074 0.167192 0.272074 0.190326 0.276181 0.205047 0.281314 0.208202 0.292608 0.231335 0.294661 0.241851 0.302875 0.256572 0.310062 0.28075700000000003 0.314168 0.289169 0.319302 0.3101999999999999 0.321355 0.336488 0.326489 0.359621 0.327515 0.419558 0.332649 0.430074 0.344969 0.442692 0.359343 0.452156 0.373717 0.465825 0.426078 0.500526 0.452772 0.513144 0.483573 0.521556 0.508214 0.521556 0.5154 0.518402 0.529774 0.518402 0.544148 0.513144 0.565708 0.501577 0.570842 0.500526 0.613963 0.472135 0.666324 0.429022 0.666324 0.392219 0.669405 0.374343 0.670431 0.348055 0.680698 0.291272 0.695072 0.24816 0.704312 0.229232 0.713552 0.216614 0.7145789999999999 0.211356 0.726899 0.18717099999999998 0.731006 0.174553 0.731006 0.15878 0.73306 0.157729 0.73306 0.005258 0.719713 0.002103 0.678645 0.002103 0.63963 0 0.328542 0 0.318275 0.003155 0.302875 0.003155 0.294661 0.006309
5 0.265914 0.004206 0.25154 0.004206 0.243326 0.007361 0.234086 0.007361 0.226899 0.009464 0.167351 0.009464 0.162218 0.012618 0.143737 0.012618 0.138604 0.01367 0.13655000000000003 0.015773 0.13039 0.030494 0.126283 0.051525 0.12731 0.080967 0.12423 0.08938 0.123203 0.129338 0.12115 0.13775 0.120123 0.162986 0.123203 0.168244 0.131417 0.173502 0.134497 0.17770800000000003 0.135524 0.196635 0.131417 0.210305 0.129363 0.256572 0.119097 0.309148 0.112936 0.366982 0.10883 0.381703 0.107803 0.412198 0.104723 0.424816 0.102669 0.444795 0.097536 0.460568 0.097536 0.467928 0.088296 0.507886 0.088296 0.518402 0.083162 0.538381 0.08213599999999999 0.5615140000000001 0.073922 0.59306 0.070842 0.621451 0.064682 0.643533 0.054415 0.709779 0.04106799999999999 0.761304 0.037988 0.788644 0.034907999999999995 0.798107 0.034907999999999995 0.804416 0.027721 0.837014 0.016427 0.874869 0.014374 0.892744 0.00924 0.908517 0.007187 0.923239 0 0.942166 0.001027 0.9484750000000001 0.010266999999999998 0.950578 0.014374 0.953733 0.01848 0.953733 0.029774 0.961094 0.035934 0.961094 0.042094 0.964248 0.055441 0.9653 0.071869 0.973712 0.083162 0.975815 0.086242 0.9789699999999999 0.102669 0.981073 0.106776 0.984227 0.13655000000000003 0.98633 0.14271 0.991588 0.14989699999999997 0.9926390000000002 0.151951 0.995794 0.157084 0.994742 0.164271 0.996845 0.255647 0.996845 0.267967 0.994742 0.272074 0.991588 0.279261 0.989485 0.282341 0.983176 0.282341 0.941115 0.278234 0.900105 0.277207 0.784437 0.275154 0.77918 0.275154 0.73081 0.273101 0.722397 0.272074 0.6898 0.270021 0.685594 0.270021 0.648791 0.26694 0.638275 0.265914 0.532072 0.270021 0.505783 0.270021 0.470032 0.273101 0.457413 0.273101 0.418507 0.275154 0.410095 0.275154 0.301788 0.273101 0.29653 0.273101 0.28286 0.278234 0.262881 0.278234 0.242902 0.272074 0.221872 0.272074 0.211356 0.276181 0.206099 0.271047 0.190326 0.271047 0.167192 0.268994 0.160883 0.270021 0.005258
5 0.734086 0.006309 0.734086 0.157729 0.732033 0.15878 0.731006 0.178759 0.717659 0.208202 0.724846 0.21346 0.723819 0.22818099999999997 0.720739 0.239748 0.720739 0.268139 0.724846 0.28075700000000003 0.721766 0.33123 0.721766 0.392219 0.723819 0.397476 0.726899 0.509989 0.729979 0.534175 0.728953 0.623554 0.726899 0.630915 0.725873 0.6898 0.723819 0.695058 0.724846 0.729758 0.720739 0.762355 0.718686 0.871714 0.715606 0.892744 0.715606 0.9705570000000001 0.717659 0.987382 0.722793 0.994742 0.7381929999999999 0.996845 0.8121149999999999 0.994742 0.814168 0.991588 0.854209 0.991588 0.859343 0.989485 0.890144 0.989485 0.894251 0.98633 0.914784 0.984227 0.924025 0.9789699999999999 0.932238 0.9789699999999999 0.9363450000000001 0.975815 0.946612 0.973712 0.955852 0.968454 0.964066 0.968454 0.983573 0.957939 0.98768 0.957939 0.994867 0.95163 0.998973 0.945321 0.998973 0.931651 0.988706 0.893796 0.985626 0.870662 0.979466 0.855941 0.971253 0.826498 0.9661189999999998 0.798107 0.9661189999999998 0.790747 0.957906 0.767613 0.948665 0.712934 0.941478 0.691903 0.940452 0.675079 0.931211 0.647739 0.929158 0.624606 0.924025 0.607781 0.921971 0.582545 0.916838 0.563617 0.914784 0.534175 0.907598 0.505783 0.905544 0.4773919999999999 0.902464 0.46898 0.902464 0.452156 0.896304 0.427971 0.895277 0.401682 0.889117 0.380652 0.88193 0.321767 0.870637 0.278654 0.871663 0.240799 0.86345 0.205047 0.86653 0.182965 0.871663 0.170347 0.871663 0.073607 0.867556 0.04837 0.86653 0.030494 0.864476 0.023134 0.85729 0.014721 0.852156 0.012618 0.839836 0.012618 0.836756 0.009464 0.752567 0.009464
2 0.26078 0.008412 0.261807 0.014721 0.265914 0.017876 0.285421 0.017876 0.291581 0.015773 0.312115 0.015773 0.319302 0.01367 0.362423 0.012618 0.36653 0.010515 0.514374 0.010515 0.519507 0.012618 0.596509 0.011567 0.622177 0.01367 0.682752 0.01367 0.685832 0.015773 0.706366 0.015773 0.709446 0.017876 0.734086 0.017876 0.7381929999999999 0.014721 0.7381929999999999 0.006309 0.734086 0.003155 0.694045 0.002103 0.688912 0 0.309035 0 0.281314 0.003155 0.265914 0.003155
7 0.268994 0.162986 0.272074 0.167192 0.277207 0.169295 0.291581 0.171399 0.310062 0.171399 0.322382 0.166141 0.330595 0.156677 0.337782 0.15142 0.350103 0.152471 0.359343 0.157729 0.370637 0.157729 0.379877 0.160883 0.406571 0.162986 0.416838 0.15878 0.430185 0.157729 0.437372 0.152471 0.441478 0.152471 0.447639 0.149317 0.451745 0.14511 0.462012 0.15142 0.473306 0.152471 0.477413 0.14721300000000004 0.478439 0.140904 0.49384 0.144059 0.508214 0.15142 0.522587 0.154574 0.544148 0.154574 0.549281 0.152471 0.605749 0.15142 0.63963 0.14511 0.650924 0.146162 0.660164 0.15142 0.666324 0.157729 0.686858 0.15878 0.689938 0.160883 0.712526 0.160883 0.715606 0.162986 0.7351130000000001 0.161935 0.737166 0.159832 0.737166 0.15142 0.73306 0.148265 0.698152 0.14721300000000004 0.693018 0.14511 0.674538 0.144059 0.667351 0.136698 0.6642710000000001 0.136698 0.657084 0.132492 0.648871 0.132492 0.643737 0.130389 0.631417 0.130389 0.601643 0.136698 0.562628 0.136698 0.555441 0.138801 0.526694 0.139853 0.51232 0.136698 0.49384 0.128286 0.479466 0.125131 0.469199 0.125131 0.465092 0.128286 0.463039 0.133544 0.458932 0.130389 0.447639 0.128286 0.442505 0.131441 0.437372 0.13775 0.433265 0.13775 0.421971 0.144059 0.410678 0.14511 0.402464 0.148265 0.389117 0.14721300000000004 0.37885 0.144059 0.36653 0.144059 0.353183 0.13775 0.333676 0.136698 0.326489 0.139853 0.312115 0.154574 0.305955 0.156677 0.295688 0.156677 0.274127 0.153523 0.270021 0.156677
2 0.696099 0.247108 0.691992 0.243954 0.658111 0.243954 0.654004 0.241851 0.632444 0.241851 0.626283 0.243954 0.537988 0.245005 0.505133 0.24921099999999996 0.390144 0.250263 0.37885 0.247108 0.341889 0.245005 0.334702 0.247108 0.305955 0.247108 0.301848 0.250263 0.300821 0.256572 0.303901 0.260778 0.371663 0.260778 0.380903 0.263933 0.519507 0.262881 0.526694 0.260778 0.573922 0.259727 0.582136 0.257624 0.694045 0.257624 0.696099 0.255521
7 0.323409 0.422713 0.324435 0.429022 0.339836 0.440589 0.356263 0.45636199999999993 0.36037 0.457413 0.373717 0.467928 0.38809 0.475289 0.398357 0.483701 0.402464 0.484753 0.406571 0.490011 0.422998 0.50368 0.446612 0.518402 0.454825 0.519453 0.464066 0.524711 0.470226 0.524711 0.473306 0.526814 0.50924 0.526814 0.513347 0.524711 0.537988 0.524711 0.553388 0.518402 0.572895 0.504732 0.581109 0.49632 0.585216 0.495268 0.596509 0.485804 0.602669 0.48265 0.607803 0.4773919999999999 0.625257 0.465825 0.63039 0.464774 0.63655 0.458465 0.641684 0.45636199999999993 0.660164 0.436383 0.669405 0.429022 0.669405 0.42061 0.667351 0.418507 0.656057 0.418507 0.632444 0.443743 0.62731 0.445846 0.622177 0.451104 0.610883 0.45636199999999993 0.592402 0.471083 0.586242 0.474238 0.580082 0.480547 0.570842 0.484753 0.5636549999999999 0.492114 0.559548 0.493165 0.555441 0.498423 0.548255 0.50368 0.530801 0.511041 0.477413 0.512093 0.470226 0.511041 0.464066 0.506835 0.451745 0.50368 0.433265 0.492114 0.410678 0.472135 0.406571 0.471083 0.401437 0.465825 0.387064 0.458465 0.36961 0.444795 0.365503 0.443743 0.358316 0.438486 0.338809 0.419558 0.328542 0.417455
7 0.73614 0.161935 0.737166 0.169295 0.747433 0.174553 0.76078 0.174553 0.76386 0.17245 0.806982 0.169295 0.811088 0.171399 0.843943 0.171399 0.850103 0.17245 0.858316 0.17770800000000003 0.871663 0.17770800000000003 0.873717 0.175605 0.873717 0.167192 0.871663 0.165089 0.864476 0.161935 0.86037 0.161935 0.851129 0.156677 0.786448 0.15562600000000001 0.756674 0.159832 0.7412729999999998 0.156677
7 0.272074 0.15142 0.262834 0.144059 0.246407 0.144059 0.240246 0.14721300000000004 0.231006 0.15562600000000001 0.195072 0.156677 0.159138 0.165089 0.151951 0.165089 0.12423 0.159832 0.120123 0.162986 0.119097 0.170347 0.12423 0.175605 0.147844 0.179811 0.163244 0.179811 0.199179 0.171399 0.207392 0.171399 0.210472 0.169295 0.238193 0.169295 0.252567 0.157729 0.255647 0.157729 0.262834 0.162986 0.267967 0.162986 0.272074 0.159832
6 0.13963 0.009464 0.13655000000000003 0.01367 0.13655000000000003 0.017876 0.13963 0.022082 0.190965 0.02103 0.22587299999999996 0.017876 0.229979 0.015773 0.240246 0.015773 0.243326 0.01367 0.255647 0.01367 0.261807 0.017876 0.264887 0.025237 0.264887 0.094637 0.26694 0.100946 0.26694 0.117771 0.268994 0.123028 0.26694 0.128286 0.26694 0.149317 0.264887 0.152471 0.264887 0.156677 0.271047 0.162986 0.280287 0.161935 0.282341 0.159832 0.282341 0.15142 0.280287 0.149317 0.282341 0.114616 0.280287 0.111462 0.279261 0.090431 0.279261 0.02103 0.275154 0.012618 0.274127 0.006309 0.261807 0 0.23716600000000002 0 0.221766 0.003155 0.17556499999999997 0.007361 0.150924 0.007361
6 0.86345 0.004206 0.843943 0 0.803901 0 0.798768 0.002103 0.787474 0.003155 0.7351130000000001 0.003155 0.731006 0.006309 0.727926 0.01367 0.727926 0.022082 0.731006 0.030494 0.729979 0.101998 0.727926 0.10935900000000001 0.727926 0.128286 0.725873 0.132492 0.725873 0.153523 0.722793 0.157729 0.722793 0.161935 0.725873 0.166141 0.73614 0.167192 0.740246 0.160883 0.7412729999999998 0.117771 0.743326 0.112513 0.743326 0.018927 0.767967 0.015773 0.774127 0.017876 0.791581 0.017876 0.806982 0.015773 0.810062 0.01367 0.833676 0.01367 0.845996 0.017876 0.861396 0.017876 0.865503 0.014721 0.865503 0.006309
6 0.138604 0.178759 0.138604 0.182965 0.14271 0.18822300000000003 0.164271 0.195584 0.177618 0.195584 0.183778 0.198738 0.220739 0.200841 0.223819 0.202944 0.23922 0.203996 0.2423 0.206099 0.26078 0.206099 0.268994 0.201893 0.268994 0.193481 0.264887 0.190326 0.24846 0.192429 0.24538 0.190326 0.23716600000000002 0.190326 0.234086 0.18822300000000003 0.221766 0.18717099999999998 0.216632 0.185068 0.187885 0.184017 0.183778 0.181914 0.168378 0.180862 0.147844 0.173502 0.141684 0.174553
6 0.123203 0.255521 0.12423 0.26183 0.13347 0.267087 0.145791 0.26919 0.152977 0.272345 0.164271 0.272345 0.167351 0.274448 0.184805 0.276551 0.212526 0.283912 0.23716600000000002 0.283912 0.240246 0.286015 0.275154 0.286015 0.277207 0.283912 0.277207 0.275499 0.271047 0.270242 0.261807 0.270242 0.258727 0.272345 0.24846 0.272345 0.243326 0.270242 0.221766 0.270242 0.188912 0.26183 0.157084 0.257624 0.13347 0.250263 0.128337 0.250263
6 0.721766 0.216614 0.724846 0.22082 0.7351130000000001 0.22082 0.775154 0.206099 0.782341 0.206099 0.787474 0.203996 0.826489 0.203996 0.830595 0.206099 0.840862 0.206099 0.850103 0.211356 0.85729 0.211356 0.8624229999999999 0.20715 0.8624229999999999 0.198738 0.853183 0.193481 0.839836 0.192429 0.833676 0.190326 0.779261 0.190326 0.7618070000000001 0.194532 0.728953 0.206099 0.722793 0.210305
6 0.870637 0.272345 0.86653 0.266036 0.86037 0.264984 0.855236 0.26919 0.823409 0.270242 0.782341 0.277603 0.729979 0.275499 0.725873 0.278654 0.724846 0.284963 0.727926 0.289169 0.7412729999999998 0.291272 0.792608 0.291272 0.821355 0.287066 0.830595 0.283912 0.868583 0.28286 0.870637 0.28075700000000003