0 0.40296799999999994 0.007228999999999999 0.394977 0.010442 0.391553 0.013655 0.376712 0.037751 0.364155 0.053012 0.350457 0.062651 0.333333 0.066667 0.327626 0.06988 0.31392699999999996 0.073092 0.305936 0.077108 0.296804 0.077912 0.285388 0.082731 0.275114 0.084337 0.263699 0.089157 0.257991 0.089157 0.243151 0.092369 0.224886 0.098795 0.21347 0.099598 0.200913 0.10522100000000001 0.195205 0.106024 0.187215 0.11084300000000001 0.194064 0.118072 0.196347 0.126104 0.200913 0.130924 0.206621 0.143775 0.210046 0.146988 0.218037 0.165462 0.218037 0.171888 0.223744 0.180723 0.226027 0.191165 0.23401800000000003 0.20241 0.239726 0.22409599999999996 0.243151 0.22811199999999998 0.248858 0.243373 0.25 0.269076 0.255708 0.279518 0.255708 0.286747 0.261416 0.300402 0.267123 0.322892 0.273973 0.333333 0.277397 0.344578 0.285388 0.354217 0.291096 0.368675 0.293379 0.380723 0.299087 0.394378 0.305936 0.431325 0.305936 0.452209 0.3025109999999999 0.46506 0.3025109999999999 0.472289 0.299087 0.4843370000000001 0.293379 0.495582 0.293379 0.502811 0.287671 0.516466 0.273973 0.534137 0.253425 0.578313 0.238584 0.596787 0.226027 0.623293 0.222603 0.626506 0.218037 0.638554 0.211187 0.648996 0.23173499999999997 0.658635 0.243151 0.660241 0.254566 0.66747 0.270548 0.673092 0.303653 0.677912 0.34246599999999994 0.677912 0.349315 0.679518 0.621005 0.679518 0.638128 0.682731 0.664384 0.682731 0.6826479999999999 0.677912 0.691781 0.677912 0.708904 0.673896 0.72032 0.673896 0.732877 0.670683 0.745434 0.66988 0.760274 0.664257 0.792237 0.658635 0.792237 0.655422 0.7819630000000001 0.637751 0.776256 0.632129 0.773973 0.623293 0.7659820000000002 0.612851 0.762557 0.598394 0.757991 0.588755 0.739726 0.564659 0.738584 0.560643 0.731735 0.553414 0.729452 0.546185 0.723744 0.539759 0.700913 0.477912 0.692922 0.466667 0.690639 0.4289160000000001 0.692922 0.424096 0.6940640000000001 0.412048 0.696347 0.406426 0.699772 0.403213 0.708904 0.372691 0.7123289999999999 0.368675 0.72032 0.351004 0.723744 0.347791 0.726027 0.349398 0.729452 0.333333 0.738584 0.310843 0.738584 0.304418 0.747717 0.277912 0.7488579999999999 0.246586 0.752283 0.240161 0.754566 0.228916 0.767123 0.20241 0.767123 0.193574 0.769406 0.186345 0.777397 0.1751 0.77968 0.167871 0.785388 0.161446 0.78653 0.154217 0.794521 0.135743 0.795662 0.12369499999999999 0.802511 0.107631 0.791096 0.102008 0.777397 0.100402 0.759132 0.094779 0.752283 0.094779 0.731735 0.088353 0.696347 0.082731 0.68379 0.077912 0.675799 0.077108 0.667808 0.073092 0.6495429999999999 0.069076 0.631279 0.053012 0.615297 0.0249 0.606164 0.013655 0.592466 0.010442 0.583333 0.006426 0.563927 0.004819 0.554795 0.001606 0.519406 0.001606 0.512557 0 0.464612 0 0.458904 0.001606 0.43607300000000004 0.00241 0.41895 0.006426
5 0.777397 0.099598 0.791096 0.101205 0.802511 0.106827 0.803653 0.11004 0.796804 0.12369499999999999 0.795662 0.135743 0.788813 0.151004 0.78653 0.161446 0.780822 0.167871 0.7785389999999999 0.1751 0.770548 0.186345 0.768265 0.193574 0.768265 0.20241 0.759132 0.22008 0.759132 0.22409599999999996 0.755708 0.228916 0.753425 0.240161 0.7488579999999999 0.250602 0.7488579999999999 0.277912 0.739726 0.304418 0.739726 0.310843 0.730594 0.333333 0.729452 0.342972 0.726027 0.350201 0.729452 0.361446 0.729452 0.403213 0.732877 0.41445800000000005 0.7340179999999998 0.42811199999999994 0.743151 0.473092 0.759132 0.53494 0.757991 0.544578 0.755708 0.544578 0.755708 0.547791 0.768265 0.583133 0.768265 0.589558 0.777397 0.613655 0.7785389999999999 0.623293 0.78653 0.638554 0.7876710000000001 0.64739 0.794521 0.657831 0.793379 0.659438 0.8059359999999999 0.685944 0.808219 0.694779 0.824201 0.722892 0.828767 0.742972 0.839041 0.758233 0.840183 0.767871 0.843607 0.771888 0.84589 0.782329 0.85274 0.793574 0.853881 0.801606 0.858447 0.811245 0.861872 0.8248999999999999 0.868721 0.8361449999999999 0.871005 0.836948 0.871005 0.834538 0.8778539999999999 0.8305220000000001 0.9052509999999999 0.831325 0.914384 0.8289160000000001 0.9383560000000001 0.8289160000000001 0.9440640000000001 0.8265059999999999 0.9714610000000001 0.8248999999999999 0.974886 0.82249 0.980594 0.82249 0.995434 0.817671 0.9988579999999999 0.812048 0.993151 0.796787 0.990868 0.77992 0.988584 0.776707 0.987443 0.759036 0.981735 0.742169 0.980594 0.726908 0.973744 0.708434 0.9680369999999999 0.670683 0.9623289999999999 0.656225 0.961187 0.640964 0.950913 0.611245 0.947489 0.590361 0.937215 0.564659 0.936073 0.551807 0.931507 0.542169 0.930365 0.529317 0.923516 0.508434 0.923516 0.498795 0.917808 0.485141 0.9166670000000001 0.471486 0.9121 0.46184699999999995 0.910959 0.44738999999999995 0.9052509999999999 0.43453800000000004 0.90411 0.421687 0.8995429999999999 0.411245 0.893836 0.380723 0.888128 0.367068 0.8869860000000002 0.350201 0.88242 0.337349 0.878995 0.310843 0.875571 0.304418 0.873288 0.281124 0.86758 0.265863 0.866438 0.253012 0.8630139999999998 0.246586 0.860731 0.22409599999999996 0.853881 0.204819 0.85274 0.196787 0.84589 0.175904 0.828767 0.138956 0.828767 0.129317 0.824201 0.118072 0.8173520000000001 0.11084300000000001 0.802511 0.102811 0.78653 0.099598
5 0.189498 0.11004 0.18379 0.11405599999999999 0.17351600000000003 0.127711 0.17009100000000002 0.139759 0.159817 0.159839 0.157534 0.171084 0.151826 0.182329 0.149543 0.194378 0.143836 0.20642599999999997 0.142694 0.22008 0.13242 0.252209 0.130137 0.270683 0.125571 0.279518 0.123288 0.298795 0.118721 0.310843 0.118721 0.323695 0.115297 0.33012 0.110731 0.356627 0.107306 0.363855 0.105023 0.383936 0.099315 0.395984 0.093607 0.42008 0.092466 0.43534100000000003 0.08789999999999999 0.446586 0.08675800000000002 0.460241 0.082192 0.4706830000000001 0.079909 0.48915699999999995 0.075342 0.498795 0.074201 0.509237 0.068493 0.523695 0.067352 0.537349 0.061644 0.55261 0.059361000000000004 0.569478 0.042237 0.626506 0.028539 0.695582 0.018264999999999997 0.727711 0.017123 0.742972 0.012557 0.754217 0.004566 0.793574 0 0.803213 0 0.812851 0.004566 0.817671 0.011416 0.820884 0.019405999999999996 0.82249 0.03652999999999999 0.82249 0.041096 0.8248999999999999 0.061644 0.8265059999999999 0.06621 0.8289160000000001 0.09589 0.8305220000000001 0.099315 0.832129 0.118721 0.832129 0.123288 0.834538 0.124429 0.836948 0.134703 0.808835 0.139269 0.804016 0.143836 0.789558 0.15411 0.771084 0.155251 0.764659 0.160959 0.756627 0.17009100000000002 0.733333 0.181507 0.710843 0.190639 0.685944 0.197489 0.671486 0.215753 0.641767 0.219178 0.629719 0.226027 0.616064 0.229452 0.596787 0.23515999999999998 0.586345 0.23630100000000004 0.568675 0.252283 0.529317 0.254566 0.510843 0.261416 0.48915699999999995 0.261416 0.480321 0.263699 0.47550200000000004 0.263699 0.454618 0.265982 0.44979900000000006 0.265982 0.436145 0.268265 0.431325 0.268265 0.394378 0.270548 0.389558 0.270548 0.37751 0.272831 0.372691 0.272831 0.346185 0.276256 0.337349 0.265982 0.322892 0.262557 0.307631 0.254566 0.286747 0.254566 0.279518 0.248858 0.269076 0.246575 0.23775100000000002 0.244292 0.236145 0.243151 0.230522 0.238584 0.22409599999999996 0.232877 0.20241 0.224886 0.191165 0.222603 0.180723 0.216895 0.171888 0.216895 0.165462 0.210046 0.149398 0.205479 0.143775 0.199772 0.130924 0.195205 0.126104 0.192922 0.118072 0.188356 0.113253
4 0.097032 0.906024 0.097032 0.918876 0.101598 0.922088 0.111872 0.925301 0.148402 0.948594 0.152968 0.948594 0.1621 0.945382 0.167808 0.9461849999999999 0.17009100000000002 0.950201 0.16894999999999996 0.9534140000000001 0.17465799999999998 0.9622490000000001 0.190639 0.9670679999999999 0.197489 0.967871 0.202055 0.9702809999999998 0.216895 0.971084 0.224886 0.966265 0.23630100000000004 0.9686749999999998 0.243151 0.9686749999999998 0.273973 0.982329 0.283105 0.983133 0.289954 0.985542 0.307078 0.983133 0.319635 0.992771 0.323059 0.9935740000000001 0.335616 0.9935740000000001 0.36758 0.99759 0.381279 0.989558 0.396119 0.989558 0.477169 0.9991969999999999 0.48516 0.99759 0.490868 0.9887549999999999 0.517123 0.9935740000000001 0.542237 0.995984 0.578767 0.995181 0.586758 0.991165 0.590183 0.9863449999999999 0.618721 0.9863449999999999 0.626712 0.987952 0.676941 0.9887549999999999 0.68379 0.9863449999999999 0.6883560000000001 0.9815260000000001 0.760274 0.9815260000000001 0.769406 0.976707 0.770548 0.9726910000000001 0.776256 0.9670679999999999 0.796804 0.966265 0.8116439999999999 0.9622490000000001 0.81621 0.959036 0.818493 0.9534140000000001 0.823059 0.948594 0.83105 0.946988 0.840183 0.946988 0.843607 0.945382 0.849315 0.945382 0.864155 0.942169 0.868721 0.9389560000000001 0.868721 0.933333 0.874429 0.926908 0.898402 0.918876 0.902968 0.914056 0.902968 0.910843 0.89726 0.906024 0.89726 0.901205 0.892694 0.893976 0.892694 0.88996 0.883562 0.870683 0.875571 0.858635 0.873288 0.8497990000000001 0.871005 0.8481930000000001 0.871005 0.834538 0.86758 0.832129 0.866438 0.8265059999999999 0.8630139999999998 0.8232929999999999 0.864155 0.810442 0.843607 0.779116 0.843607 0.7751 0.839041 0.767871 0.835616 0.75261 0.829909 0.744578 0.829909 0.738956 0.826484 0.73494 0.824201 0.728514 0.824201 0.723695 0.819635 0.719679 0.8173520000000001 0.711647 0.812785 0.706024 0.808219 0.689157 0.8059359999999999 0.68755 0.792237 0.657028 0.785388 0.661044 0.783105 0.660241 0.76484 0.66506 0.760274 0.66506 0.745434 0.670683 0.732877 0.671486 0.72032 0.674699 0.708904 0.674699 0.691781 0.678715 0.6826479999999999 0.678715 0.664384 0.683534 0.638128 0.683534 0.621005 0.680321 0.349315 0.680321 0.34246599999999994 0.678715 0.303653 0.678715 0.270548 0.673896 0.254566 0.668273 0.243151 0.661044 0.23401800000000003 0.660241 0.211187 0.649799 0.20433800000000002 0.659438 0.20433800000000002 0.661847 0.19863 0.670683 0.19863 0.673896 0.190639 0.686747 0.188356 0.696386 0.175799 0.721285 0.17009100000000002 0.738153 0.166667 0.742169 0.165525 0.747791 0.146119 0.785542 0.140411 0.803213 0.136986 0.806426 0.13242 0.815261 0.131279 0.820884 0.127854 0.825703 0.127854 0.8305220000000001 0.122146 0.838554 0.121005 0.8481930000000001 0.11757999999999999 0.853012 0.115297 0.8658629999999999 0.113014 0.868273 0.113014 0.8746989999999999 0.107306 0.881928 0.106164 0.88755 0.101598 0.893173
1 0.093607 0.913253 0.094749 0.922088 0.101598 0.9261039999999999 0.107306 0.9317270000000001 0.111872 0.9317270000000001 0.11643800000000001 0.93494 0.118721 0.93494 0.139269 0.9510040000000001 0.159817 0.951807 0.165525 0.9598390000000001 0.182648 0.969478 0.21347 0.9702809999999998 0.219178 0.967871 0.226027 0.9670679999999999 0.23401800000000003 0.971084 0.240868 0.971888 0.245434 0.974297 0.245434 0.975904 0.248858 0.978313 0.254566 0.978313 0.259132 0.982329 0.263699 0.983936 0.276256 0.985542 0.285388 0.9887549999999999 0.311644 0.9887549999999999 0.325342 0.9967869999999999 0.332192 0.9991969999999999 0.368721 0.9991969999999999 0.37442899999999996 0.998394 0.3789950000000001 0.9935740000000001 0.391553 0.998394 0.40411 0.9991969999999999 0.487443 0.9991969999999999 0.497717 0.9887549999999999 0.505708 0.9935740000000001 0.523973 0.998394 0.603881 0.9991969999999999 0.607306 0.995181 0.630137 0.995181 0.633562 0.9967869999999999 0.643836 0.9967869999999999 0.64726 0.998394 0.673516 0.998394 0.697489 0.992771 0.702055 0.9887549999999999 0.708904 0.9887549999999999 0.714612 0.9903610000000002 0.7511420000000001 0.9887549999999999 0.757991 0.985542 0.763699 0.984739 0.777397 0.971888 0.81621 0.966265 0.824201 0.9606430000000001 0.824201 0.95502 0.826484 0.9534140000000001 0.840183 0.9510040000000001 0.843607 0.948594 0.860731 0.9461849999999999 0.864155 0.943775 0.866438 0.9389560000000001 0.875571 0.9365459999999999 0.881279 0.93253 0.8869860000000002 0.9317270000000001 0.89726 0.9244979999999999 0.9052509999999999 0.922088 0.909817 0.918876 0.909817 0.910843 0.906393 0.9084339999999999 0.893836 0.9084339999999999 0.884703 0.911647 0.874429 0.918876 0.869863 0.9196790000000001 0.861872 0.9244979999999999 0.855023 0.925301 0.851598 0.9277109999999998 0.847032 0.928514 0.841324 0.934137 0.8333329999999999 0.93494 0.809361 0.942972 0.8059359999999999 0.945382 0.803653 0.9526100000000001 0.7659820000000002 0.9582329999999999 0.754566 0.966265 0.7511420000000001 0.971084 0.743151 0.974297 0.729452 0.974297 0.724886 0.975904 0.719178 0.975904 0.69863 0.9726910000000001 0.686073 0.976707 0.681507 0.980723 0.664384 0.984739 0.642694 0.983133 0.6369860000000002 0.980723 0.610731 0.980723 0.599315 0.9775099999999999 0.5947490000000001 0.9775099999999999 0.5879 0.980723 0.585616 0.9863449999999999 0.577626 0.9863449999999999 0.573059 0.984739 0.531963 0.984739 0.519406 0.9815260000000001 0.504566 0.971888 0.4920089999999999 0.971084 0.482877 0.975904 0.468037 0.991165 0.442922 0.991165 0.438356 0.989558 0.422374 0.9887549999999999 0.410959 0.984739 0.400685 0.984739 0.391553 0.9799200000000001 0.383562 0.9775099999999999 0.36758 0.978313 0.355023 0.9871489999999999 0.344749 0.9863449999999999 0.339041 0.984739 0.321918 0.974297 0.31621 0.9726910000000001 0.291096 0.974297 0.283105 0.971084 0.275114 0.971084 0.269406 0.966265 0.262557 0.964659 0.251142 0.9582329999999999 0.23173499999999997 0.9526100000000001 0.214612 0.9526100000000001 0.205479 0.9558229999999999 0.192922 0.9558229999999999 0.18379 0.9510040000000001 0.179224 0.944578 0.17123299999999997 0.938153 0.151826 0.937349 0.131279 0.922088 0.122146 0.918876 0.109589 0.9084339999999999 0.098174 0.9084339999999999
7 0.206621 0.651406 0.20776300000000003 0.657028 0.211187 0.659438 0.219178 0.660241 0.252283 0.676305 0.265982 0.679518 0.275114 0.683534 0.297945 0.686747 0.319635 0.691566 0.44863 0.691566 0.455479 0.693173 0.507991 0.693173 0.511416 0.691566 0.591324 0.691566 0.598174 0.693173 0.631279 0.693173 0.6369860000000002 0.691566 0.65411 0.691566 0.670091 0.688353 0.687215 0.688353 0.703196 0.685141 0.719178 0.685141 0.745434 0.677912 0.760274 0.672289 0.772831 0.671486 0.7819630000000001 0.66506 0.789954 0.664257 0.793379 0.661847 0.793379 0.653815 0.785388 0.648193 0.777397 0.64739 0.773973 0.648193 0.761416 0.657831 0.7488579999999999 0.659438 0.71347 0.670683 0.697489 0.670683 0.6826479999999999 0.673896 0.665525 0.673896 0.6495429999999999 0.677108 0.63242 0.677108 0.6221460000000001 0.679518 0.608447 0.679518 0.597032 0.677108 0.506849 0.677108 0.498858 0.679518 0.465753 0.679518 0.454338 0.677108 0.325342 0.677108 0.284247 0.66988 0.275114 0.665863 0.268265 0.66506 0.244292 0.654618 0.232877 0.648193 0.224886 0.645783 0.211187 0.646586
2 0.386986 0.017671 0.388128 0.027309 0.398402 0.035341 0.399543 0.039357 0.40753400000000006 0.044177 0.423516 0.063454 0.441781 0.076305 0.4474890000000001 0.077912 0.455479 0.077912 0.47031999999999996 0.082731 0.511416 0.082731 0.538813 0.077108 0.546804 0.071486 0.55137 0.071486 0.563927 0.06747 0.568493 0.064257 0.571918 0.064257 0.575342 0.061847 0.575342 0.060241 0.5947490000000001 0.04739 0.598174 0.041767 0.606164 0.036145 0.607306 0.032129 0.614155 0.025703000000000004 0.6130139999999998 0.02008 0.6095890000000002 0.017671 0.59589 0.017671 0.589041 0.024096 0.586758 0.028915999999999997 0.578767 0.034538 0.577626 0.037751 0.549087 0.055422 0.535388 0.058635 0.522831 0.06506 0.515982 0.06506 0.504566 0.068273 0.478311 0.068273 0.462329 0.063454 0.455479 0.063454 0.44063900000000006 0.053814999999999995 0.424658 0.034538 0.40753400000000006 0.02008 0.406393 0.015261 0.40296799999999994 0.012851 0.391553 0.012851
2 0.25 0.24417699999999998 0.254566 0.248996 0.265982 0.248996 0.272831 0.24257000000000004 0.300228 0.2249 0.303653 0.22409599999999996 0.312785 0.21767100000000003 0.321918 0.215261 0.327626 0.212048 0.363014 0.204819 0.390411 0.203213 0.396119 0.201606 0.4121000000000001 0.201606 0.41895 0.199197 0.429224 0.201606 0.449772 0.201606 0.460046 0.199197 0.585616 0.199197 0.593607 0.201606 0.599315 0.201606 0.6130139999999998 0.199197 0.6221460000000001 0.201606 0.638128 0.201606 0.642694 0.203213 0.6552509999999999 0.203213 0.659817 0.204819 0.673516 0.204819 0.680365 0.20722900000000002 0.695205 0.21767100000000003 0.705479 0.22249 0.710046 0.225703 0.711187 0.228916 0.732877 0.24417699999999998 0.744292 0.24417699999999998 0.747717 0.24176699999999998 0.7488579999999999 0.23453799999999997 0.747717 0.232129 0.728311 0.218474 0.727169 0.215261 0.722603 0.212048 0.719178 0.211245 0.692922 0.194378 0.678082 0.190361 0.664384 0.190361 0.659817 0.188755 0.6495429999999999 0.188755 0.644977 0.187149 0.626712 0.187149 0.621005 0.185542 0.452055 0.185542 0.445205 0.187149 0.434932 0.187149 0.430365 0.185542 0.410959 0.185542 0.406393 0.187149 0.391553 0.187149 0.385845 0.188755 0.358447 0.190361 0.349315 0.192771 0.334475 0.194378 0.297945 0.205622 0.289954 0.212048 0.285388 0.21365499999999998 0.255708 0.232932 0.251142 0.23775100000000002
2 0.23515999999999998 0.603213 0.23630100000000004 0.608835 0.239726 0.611245 0.245434 0.612048 0.255708 0.618474 0.265982 0.621687 0.276256 0.621687 0.288813 0.6249 0.308219 0.6249 0.333333 0.629719 0.380137 0.629719 0.421233 0.635341 0.453196 0.635341 0.461187 0.636948 0.494292 0.636948 0.503425 0.638554 0.631279 0.638554 0.635845 0.636948 0.658676 0.635341 0.6666670000000001 0.632932 0.679224 0.632932 0.681507 0.631325 0.697489 0.631325 0.71347 0.628112 0.722603 0.6249 0.736301 0.624096 0.745434 0.619277 0.7511420000000001 0.62008 0.759132 0.617671 0.762557 0.615261 0.762557 0.607229 0.759132 0.604819 0.743151 0.604016 0.728311 0.608032 0.724886 0.610442 0.710046 0.612048 0.689498 0.617671 0.673516 0.617671 0.66895 0.619277 0.658676 0.619277 0.65411 0.620884 0.644977 0.620884 0.626712 0.624096 0.507991 0.624096 0.498858 0.62249 0.425799 0.620884 0.391553 0.616064 0.34246599999999994 0.616064 0.326484 0.612048 0.3184930000000001 0.612048 0.31392699999999996 0.610442 0.293379 0.610442 0.280822 0.607229 0.271689 0.607229 0.262557 0.600803 0.25 0.595984 0.242009 0.596787
6 0.190639 0.11004 0.18379 0.113253 0.182648 0.118876 0.202055 0.161446 0.219178 0.192771 0.219178 0.200803 0.222603 0.20642599999999997 0.224886 0.216064 0.237443 0.236145 0.23401800000000003 0.238554 0.232877 0.24417699999999998 0.23401800000000003 0.246586 0.244292 0.252209 0.252283 0.253012 0.255708 0.252209 0.260274 0.24738999999999997 0.257991 0.232129 0.245434 0.212048 0.243151 0.203213 0.238584 0.195181 0.238584 0.187149 0.22032 0.153414 0.203196 0.11405599999999999 0.19863 0.11084300000000001
6 0.804795 0.11004 0.796804 0.11084300000000001 0.793379 0.113253 0.785388 0.144578 0.780822 0.154217 0.7785389999999999 0.167068 0.762557 0.189558 0.757991 0.20241 0.7511420000000001 0.208835 0.75 0.21445800000000004 0.746575 0.21767100000000003 0.744292 0.2249 0.740868 0.228916 0.738584 0.240964 0.739726 0.243373 0.746575 0.246586 0.753425 0.246586 0.760274 0.243373 0.760274 0.23453799999999997 0.76484 0.228916 0.76484 0.225703 0.769406 0.221687 0.770548 0.216064 0.776256 0.21044200000000002 0.77968 0.2 0.799087 0.171084 0.800228 0.162249 0.8059359999999999 0.147791 0.812785 0.122088 0.8116439999999999 0.113253