0 0.721591 0.015408 0.701705 0.006163 0.673295 0.0015410000000000003 0.65625 0.006163 0.659091 0.009245 0.644886 0.01849 0.619318 0.020031 0.605114 0.012327 0.599432 0.012327 0.579545 0.023112 0.545455 0.016949 0.525568 0.01849 0.511364 0.012327 0.505682 0.004622 0.47727300000000006 0.004622 0.38920499999999997 0.026194 0.394886 0.047766 0.417614 0.084746 0.417614 0.09245 0.426136 0.10631699999999998 0.45170499999999997 0.10631699999999998 0.46590899999999996 0.100154 0.494318 0.093991 0.565341 0.089368 0.579545 0.086287 0.676136 0.087827 0.701705 0.09245 0.721591 0.069337 0.727273 0.057011 0.730114 0.026194
4 0.494318 0.095532 0.46590899999999996 0.10169499999999998 0.45170499999999997 0.107858 0.43465899999999996 0.107858 0.4375 0.132512 0.426136 0.141757 0.426136 0.146379 0.40625 0.169492 0.40625 0.177196 0.394886 0.189522 0.375 0.226502 0.295455 0.328197 0.252841 0.403698 0.227273 0.429892 0.215909 0.44684099999999993 0.210227 0.466872 0.221591 0.474576 0.244318 0.477658 0.247159 0.48382099999999995 0.139205 0.607088 0.085227 0.687211 0.073864 0.710324 0.048295 0.738059 0.051136 0.747304 0.068182 0.756549 0.085227 0.756549 0.10511399999999999 0.751926 0.122159 0.761171 0.122159 0.770416 0.085227 0.8135590000000001 0.065341 0.845917 0.05681800000000001 0.87057 0 0.92604 0 0.9322029999999999 0.025568 0.936826 0.042614 0.936826 0.048295 0.939908 0.051136 0.955316 0.085227 0.956857 0.096591 0.9537750000000002 0.136364 0.9537750000000002 0.144886 0.9661019999999999 0.213068 0.975347 0.227273 0.967643 0.267045 0.9661019999999999 0.28125 0.98151 0.3125 0.986133 0.363636 0.986133 0.369318 0.984592 0.37784100000000004 0.973806 0.40340899999999996 0.972265 0.411932 0.978428 0.41477300000000006 0.986133 0.42329500000000003 0.989214 0.45170499999999997 0.989214 0.474432 0.986133 0.49715899999999996 0.992296 0.534091 0.992296 0.548295 0.986133 0.565341 0.986133 0.590909 0.995378 0.647727 0.996918 0.647727 0.989214 0.653409 0.984592 0.676136 0.984592 0.701705 0.990755 0.710227 0.995378 0.730114 0.995378 0.735795 0.989214 0.747159 0.984592 0.792614 0.983051 0.8068179999999999 0.992296 0.863636 0.992296 0.883523 0.984592 0.886364 0.972265 0.892045 0.967643 0.934659 0.964561 0.948864 0.969183 0.9630679999999999 0.969183 0.96875 0.964561 0.96875 0.9537750000000002 0.997159 0.946071 0.991477 0.912173 0.971591 0.875193 0.940341 0.835131 0.928977 0.795069 0.914773 0.767334 0.914773 0.755008 0.926136 0.742681 0.9431820000000001 0.739599 0.957386 0.731895 0.957386 0.727273 0.9318179999999999 0.699538 0.9318179999999999 0.693374 0.917614 0.670262 0.917614 0.665639 0.9318179999999999 0.661017 0.9318179999999999 0.654854 0.90625 0.614792 0.8806820000000001 0.548536 0.840909 0.466872 0.84375 0.460709 0.866477 0.44684099999999993 0.866477 0.432974 0.855114 0.4067799999999999 0.8068179999999999 0.325116 0.8068179999999999 0.31433 0.78125 0.261941 0.767045 0.22188000000000002 0.710227 0.12943 0.710227 0.118644 0.693182 0.093991 0.696023 0.09245 0.647727 0.087827 0.579545 0.087827 0.565341 0.090909
5 0.39772699999999994 0.023112 0.37215899999999996 0.029276 0.284091 0.038521 0.267045 0.038521 0.261364 0.027735000000000003 0.255682 0.027735000000000003 0.255682 0.035439 0.247159 0.040062 0.238636 0.050847 0.244318 0.061633 0.201705 0.090909 0.164773 0.126348 0.142045 0.141757 0.150568 0.155624 0.167614 0.154083 0.173295 0.146379 0.181818 0.149461 0.173295 0.164869 0.15625 0.181818 0.136364 0.194145 0.142045 0.201849 0.153409 0.201849 0.176136 0.21109400000000003 0.190341 0.21109400000000003 0.196023 0.208012 0.207386 0.21109400000000003 0.232955 0.20955300000000002 0.252841 0.215716 0.269886 0.20955300000000002 0.28125 0.20955300000000002 0.286932 0.214176 0.301136 0.21109400000000003 0.326705 0.212635 0.34375 0.206471 0.363636 0.206471 0.37215899999999996 0.201849 0.38920499999999997 0.198767 0.400568 0.187982 0.411932 0.157165 0.43465899999999996 0.132512 0.431818 0.107858 0.426136 0.107858 0.42045499999999997 0.103236 0.41477300000000006 0.083205 0.39204500000000003 0.047766 0.386364 0.026194
7 0.71875 0.084746 0.653409 0.080123 0.639205 0.077042 0.571023 0.077042 0.548295 0.081664 0.508523 0.084746 0.494318 0.089368 0.47159100000000004 0.09245 0.42897699999999994 0.104777 0.426136 0.112481 0.43465899999999996 0.117103 0.44602300000000006 0.117103 0.480114 0.10631699999999998 0.488636 0.10631699999999998 0.511364 0.100154 0.579545 0.090909 0.630682 0.090909 0.678977 0.097072 0.713068 0.097072 0.71875 0.095532
1 0.579545 0.089368 0.565341 0.090909 0.559659 0.107858 0.556818 0.254237 0.548295 0.263482 0.514205 0.283513 0.49147699999999994 0.291217 0.457386 0.292758 0.44034100000000004 0.297381 0.4375 0.300462 0.44034100000000004 0.312789 0.45454500000000003 0.317411 0.522727 0.317411 0.553977 0.323575 0.528409 0.331279 0.448864 0.334361 0.43465899999999996 0.342065 0.43465899999999996 0.346687 0.443182 0.352851 0.474432 0.357473 0.5 0.357473 0.519886 0.363636 0.525568 0.368259 0.517045 0.372881 0.494318 0.375963 0.48579500000000003 0.382126 0.48295499999999997 0.389831 0.46590899999999996 0.397535 0.4375 0.403698 0.40625 0.403698 0.39204500000000003 0.4067799999999999 0.37784100000000004 0.416025 0.37215899999999996 0.42680999999999997 0.335227 0.42680999999999997 0.318182 0.431433 0.301136 0.44221900000000003 0.235795 0.440678 0.224432 0.44376000000000004 0.210227 0.453005 0.210227 0.466872 0.221591 0.477658 0.232955 0.48227999999999993 0.247159 0.48227999999999993 0.255682 0.477658 0.252841 0.469954 0.244318 0.468413 0.235795 0.46225 0.235795 0.4591680000000001 0.244318 0.45454500000000003 0.3125 0.45608600000000005 0.326705 0.453005 0.329545 0.44684099999999993 0.34375 0.440678 0.394886 0.440678 0.40340899999999996 0.436055 0.400568 0.42527 0.41477300000000006 0.417565 0.448864 0.417565 0.48295499999999997 0.4098609999999999 0.505682 0.399076 0.514205 0.38829 0.534091 0.38829 0.551136 0.374422 0.548295 0.357473 0.534091 0.349769 0.519886 0.346687 0.525568 0.343606 0.545455 0.343606 0.576705 0.334361 0.585227 0.326656 0.585227 0.320493 0.571023 0.311248 0.553977 0.306626 0.511364 0.302003 0.53125 0.29584 0.573864 0.271186 0.582386 0.260401 0.588068 0.093991
1 0.659091 0.084746 0.650568 0.089368 0.650568 0.206471 0.65625 0.212635 0.65625 0.22804300000000002 0.664773 0.257319 0.673295 0.266564 0.673295 0.272727 0.6875 0.286595 0.738636 0.302003 0.721591 0.315871 0.727273 0.328197 0.7443179999999999 0.33282 0.764205 0.33282 0.778409 0.337442 0.761364 0.368259 0.7755679999999999 0.392912 0.8125 0.4067799999999999 0.823864 0.42527 0.835227 0.428351 0.8380679999999999 0.434515 0.852273 0.436055 0.860795 0.431433 0.857955 0.41910600000000003 0.84375 0.41294299999999995 0.829545 0.391371 0.8068179999999999 0.386749 0.795455 0.380586 0.789773 0.3698 0.795455 0.355932 0.803977 0.348228 0.8068179999999999 0.33282 0.801136 0.326656 0.7869320000000001 0.323575 0.784091 0.320493 0.75 0.317411 0.767045 0.306626 0.767045 0.294299 0.764205 0.291217 0.730114 0.283513 0.727273 0.280431 0.710227 0.275809 0.698864 0.268105 0.698864 0.261941 0.690341 0.252696 0.681818 0.232666 0.676136 0.200308 0.676136 0.089368 0.673295 0.086287
1 0.619318 0.086287 0.605114 0.087827 0.599432 0.100154 0.602273 0.194145 0.59375 0.249615 0.59375 0.368259 0.588068 0.391371 0.585227 0.528505 0.579545 0.53775 0.565341 0.542373 0.553977 0.542373 0.514205 0.550077 0.505682 0.550077 0.48579500000000003 0.540832 0.46875 0.540832 0.45454500000000003 0.548536 0.46022699999999994 0.559322 0.457386 0.562404 0.380682 0.565485 0.369318 0.568567 0.360795 0.57473 0.360795 0.588598 0.369318 0.596302 0.38352300000000006 0.604006 0.40909100000000004 0.61171 0.448864 0.619414 0.463068 0.625578 0.463068 0.6302 0.45454500000000003 0.634823 0.40625 0.636364 0.369318 0.6302 0.335227 0.6302 0.289773 0.634823 0.258523 0.644068 0.247159 0.651772 0.25 0.665639 0.272727 0.679507 0.309659 0.690293 0.326705 0.702619 0.309659 0.711864 0.269886 0.719569 0.227273 0.721109 0.210227 0.724191 0.142045 0.724191 0.071023 0.728814 0.05681800000000001 0.733436 0.053977000000000004 0.744222 0.068182 0.755008 0.099432 0.764253 0.130682 0.767334 0.136364 0.765794 0.139205 0.758089 0.127841 0.751926 0.099432 0.747304 0.090909 0.742681 0.09375 0.74114 0.150568 0.738059 0.21875 0.738059 0.235795 0.734977 0.278409 0.733436 0.318182 0.725732 0.34375 0.714946 0.352273 0.714946 0.355114 0.701079 0.34375 0.68567 0.321023 0.676425 0.301136 0.671803 0.275568 0.657935 0.301136 0.64869 0.34375 0.644068 0.375 0.645609 0.394886 0.650231 0.46022699999999994 0.64869 0.480114 0.644068 0.488636 0.636364 0.488636 0.620955 0.48295499999999997 0.614792 0.47159100000000004 0.608629 0.40909100000000004 0.594761 0.38920499999999997 0.585516 0.386364 0.580894 0.47159100000000004 0.576271 0.49147699999999994 0.571649 0.49715899999999996 0.563945 0.522727 0.563945 0.590909 0.553159 0.605114 0.543914 0.610795 0.49152500000000005 0.610795 0.405239 0.619318 0.372881 0.619318 0.254237 0.627841 0.198767 0.627841 0.090909
1 0.625 0.098613 0.616477 0.103236 0.616477 0.117103 0.622159 0.127889 0.622159 0.177196 0.636364 0.235747 0.636364 0.315871 0.647727 0.362096 0.647727 0.42064700000000005 0.661932 0.465331 0.661932 0.486903 0.670455 0.503852 0.673295 0.530046 0.690341 0.553159 0.710227 0.562404 0.784091 0.570108 0.8181820000000001 0.570108 0.832386 0.57473 0.758523 0.596302 0.747159 0.605547 0.747159 0.613251 0.767045 0.625578 0.815341 0.639445 0.866477 0.64869 0.889205 0.650231 0.9005679999999999 0.654854 0.897727 0.657935 0.8693179999999999 0.665639 0.852273 0.68567 0.852273 0.696456 0.857955 0.702619 0.897727 0.713405 0.9318179999999999 0.730354 0.9119320000000001 0.739599 0.90625 0.745763 0.909091 0.753467 0.923295 0.755008 0.9431820000000001 0.744222 0.951705 0.742681 0.957386 0.736518 0.957386 0.72265 0.940341 0.711864 0.917614 0.702619 0.889205 0.696456 0.877841 0.690293 0.892045 0.674884 0.9375 0.662558 0.9375 0.647149 0.897727 0.636364 0.883523 0.636364 0.8693179999999999 0.631741 0.823864 0.625578 0.778409 0.610169 0.821023 0.594761 0.855114 0.587057 0.860795 0.579353 0.857955 0.565485 0.832386 0.557781 0.727273 0.550077 0.710227 0.540832 0.698864 0.525424 0.696023 0.49923 0.684659 0.474576 0.684659 0.451464 0.673295 0.416025 0.673295 0.357473 0.661932 0.311248 0.661932 0.231125 0.647727 0.177196 0.644886 0.114022 0.639205 0.100154
1 0.997159 0.9152540000000001 0.977273 0.912173 0.9630679999999999 0.9044679999999999 0.917614 0.898305 0.863636 0.8967639999999999 0.857955 0.893683 0.857955 0.8828970000000002 0.84375 0.872111 0.7869320000000001 0.8644069999999999 0.7755679999999999 0.859784 0.7755679999999999 0.850539 0.758523 0.83359 0.7443179999999999 0.827427 0.735795 0.8181819999999999 0.741477 0.804314 0.738636 0.788906 0.730114 0.784284 0.696023 0.776579 0.678977 0.768875 0.664773 0.758089 0.673295 0.733436 0.684659 0.72265 0.684659 0.699538 0.670455 0.697997 0.659091 0.705701 0.659091 0.711864 0.650568 0.72265 0.627841 0.736518 0.622159 0.747304 0.607955 0.755008 0.590909 0.75963 0.579545 0.773498 0.576705 0.788906 0.568182 0.8012330000000001 0.525568 0.8258859999999999 0.502841 0.830508 0.48295499999999997 0.8412940000000001 0.45170499999999997 0.8489980000000001 0.41477300000000006 0.850539 0.369318 0.87057 0.315341 0.873652 0.286932 0.8828970000000002 0.269886 0.8967639999999999 0.196023 0.8998459999999999 0.164773 0.906009 0.127841 0.921418 0.116477 0.922958 0.028409000000000004 0.9198770000000001 0.005682 0.92604 0.002841 0.933744 0.011364 0.938367 0.022727 0.938367 0.036932 0.933744 0.079545 0.936826 0.136364 0.9352849999999999 0.159091 0.929122 0.181818 0.9183360000000002 0.198864 0.916795 0.213068 0.912173 0.286932 0.909091 0.3125 0.8921419999999999 0.340909 0.885978 0.37784100000000004 0.8844380000000001 0.400568 0.878274 0.42329500000000003 0.8644069999999999 0.44602300000000006 0.8644069999999999 0.47727300000000006 0.859784 0.511364 0.8489980000000001 0.525568 0.8412940000000001 0.545455 0.8366720000000001 0.571023 0.8228039999999999 0.59375 0.8058550000000001 0.602273 0.7935289999999999 0.607955 0.773498 0.622159 0.768875 0.636364 0.75963 0.650568 0.775039 0.681818 0.7904469999999999 0.704545 0.7935289999999999 0.715909 0.798151 0.710227 0.807396 0.710227 0.824345 0.721591 0.8366720000000001 0.741477 0.8474580000000002 0.75 0.8567029999999999 0.75 0.867488 0.761364 0.875193 0.826705 0.8844380000000001 0.832386 0.887519 0.832386 0.902928 0.84375 0.909091 0.9119320000000001 0.912173 0.946023 0.9183360000000002 0.971591 0.9275809999999999 0.9943179999999999 0.9275809999999999
1 0.997159 0.9198770000000001 0.991477 0.922958 0.982955 0.938367 0.971591 0.94453 0.957386 0.947612 0.951705 0.9583980000000001 0.9119320000000001 0.9583980000000001 0.894886 0.961479 0.8806820000000001 0.9707239999999999 0.872159 0.972265 0.860795 0.987673 0.846591 0.984592 0.823864 0.984592 0.8068179999999999 0.978428 0.747159 0.979969 0.735795 0.984592 0.721591 0.986133 0.704545 0.978428 0.667614 0.978428 0.647727 0.98151 0.625 0.989214 0.590909 0.986133 0.579545 0.979969 0.559659 0.975347 0.542614 0.975347 0.517045 0.984592 0.5 0.975347 0.46022699999999994 0.975347 0.4375 0.98151 0.42897699999999994 0.978428 0.426136 0.9707239999999999 0.394886 0.964561 0.36647699999999994 0.9661019999999999 0.355114 0.969183 0.340909 0.978428 0.321023 0.979969 0.303977 0.978428 0.272727 0.9583980000000001 0.170455 0.9583980000000001 0.159091 0.946071 0.147727 0.942989 0.076705 0.946071 0.065341 0.936826 0.03125 0.9275809999999999 0.019886 0.9275809999999999 0.002841 0.9322029999999999 0 0.939908 0.008523 0.94453 0.03125 0.942989 0.045455 0.949153 0.053977000000000004 0.956857 0.065341 0.9599379999999998 0.136364 0.9583980000000001 0.147727 0.9707239999999999 0.252841 0.972265 0.284091 0.989214 0.306818 0.992296 0.357955 0.990755 0.37784100000000004 0.979969 0.39772699999999994 0.979969 0.40340899999999996 0.983051 0.40625 0.990755 0.417614 0.9938370000000001 0.45454500000000003 0.9938370000000001 0.46875 0.989214 0.48579500000000003 0.989214 0.49147699999999994 0.995378 0.5 0.9984589999999999 0.528409 0.9984589999999999 0.548295 0.990755 0.559659 0.990755 0.565341 0.995378 0.576705 0.9984589999999999 0.650568 0.9984589999999999 0.661932 0.9938370000000001 0.684659 0.990755 0.707386 0.9984589999999999 0.7443179999999999 0.9984589999999999 0.761364 0.9938370000000001 0.778409 0.9938370000000001 0.784091 0.990755 0.815341 0.9984589999999999 0.8806820000000001 0.9984589999999999 0.894886 0.983051 0.917614 0.972265 0.977273 0.9707239999999999 0.977273 0.9599379999999998 0.997159 0.952234
2 0.38920499999999997 0.026194 0.39772699999999994 0.030817 0.41477300000000006 0.030817 0.4375 0.023112 0.5 0.012327 0.519886 0.021572 0.568182 0.030817 0.602273 0.030817 0.630682 0.027735000000000003 0.650568 0.030817 0.678977 0.015408 0.698864 0.021572 0.721591 0.021572 0.721591 0.010786 0.690341 0 0.670455 0 0.65625 0.004622 0.644886 0.012327 0.576705 0.016949 0.542614 0.010786 0.534091 0.004622 0.519886 0 0.47727300000000006 0 0.45454500000000003 0.0030820000000000005 0.40909100000000004 0.013867 0.40625 0.016949 0.39204500000000003 0.01849
6 0.39772699999999994 0.030817 0.38920499999999997 0.026194 0.37215899999999996 0.026194 0.363636 0.029276 0.340909 0.029276 0.329545 0.032357 0.235795 0.040062 0.232955 0.047766 0.241477 0.052388 0.264205 0.052388 0.318182 0.047766 0.326705 0.044684 0.375 0.043143 0.394886 0.038521
7 0.43465899999999996 0.12480699999999999 0.426136 0.12018500000000001 0.41477300000000006 0.12018500000000001 0.38920499999999997 0.132512 0.37215899999999996 0.137134 0.352273 0.138675 0.289773 0.137134 0.235795 0.143297 0.207386 0.143297 0.193182 0.140216 0.147727 0.141757 0.142045 0.143297 0.139205 0.151002 0.147727 0.155624 0.184659 0.154083 0.196023 0.157165 0.244318 0.157165 0.298295 0.151002 0.363636 0.152542 0.38920499999999997 0.149461 0.40909100000000004 0.143297 0.431818 0.132512