0 0.6 0.001279 0.581955 0 0.57594 0.003836 0.572932 0 0.562406 0 0.557895 0.005115 0.55188 0.001279 0.542857 0.002558 0.541353 0.005115 0.538346 0.005115 0.536842 0.002558 0.526316 0.001279 0.520301 0.006394 0.500752 0.002558 0.48872200000000005 0.008951 0.475188 0.005115 0.467669 0.01023 0.463158 0.007673 0.455639 0.007673 0.44661699999999993 0.014066 0.443609 0.01023 0.434586 0.01023 0.430075 0.015345 0.427068 0.015345 0.42556400000000005 0.011509 0.415038 0.012788 0.413534 0.015345 0.410526 0.015345 0.410526 0.006394 0.403008 0.006394 0.40150399999999997 0.01023 0.393985 0.011509 0.393985 0.015345 0.4 0.023018 0.4 0.029412 0.396992 0.031969 0.392481 0.04731500000000001 0.403008 0.053708 0.455639 0.054987 0.45714299999999997 0.081841 0.461654 0.092072 0.466165 0.09590800000000001 0.467669 0.104859 0.47218000000000004 0.108696 0.476692 0.12020499999999999 0.475188 0.131714 0.499248 0.161125 0.529323 0.148338 0.55188 0.134271 0.560902 0.141944 0.569925 0.144501 0.584962 0.154731 0.593985 0.157289 0.593985 0.116368 0.596992 0.106138 0.596992 0.092072 0.6 0.086957 0.6 0.074169 0.603008 0.069054 0.603008 0.049872 0.607519 0.035806 0.596992 0.017903 0.596992 0.014066 0.603008 0.008951 0.603008 0.003836
2 0.603008 0.001279 0.560902 0 0.557895 0.002558 0.541353 0.001279 0.538346 0.003836 0.529323 0 0.520301 0 0.515789 0.003836 0.506767 0.001279 0.49624100000000004 0.001279 0.485714 0.006394 0.482707 0.003836 0.466165 0.003836 0.461654 0.006394 0.44811999999999996 0.006394 0.443609 0.01023 0.43308300000000005 0.007673 0.428571 0.01023 0.413534 0.011509 0.40902299999999997 0.005115 0.404511 0.005115 0.396992 0.007673 0.393985 0.01023 0.393985 0.014066 0.403008 0.014066 0.40902299999999997 0.02046 0.415038 0.02046 0.421053 0.016624 0.44811999999999996 0.016624 0.454135 0.012788 0.46466199999999996 0.014066 0.470677 0.01023 0.490226 0.012788 0.502256 0.007673 0.505263 0.01023 0.521805 0.01023 0.526316 0.007673 0.535338 0.012788 0.542857 0.012788 0.548872 0.007673 0.553383 0.01023 0.562406 0.01023 0.565414 0.006394 0.601504 0.006394
2 0.598496 0.014066 0.584962 0.01023 0.557895 0.01023 0.530827 0.014066 0.514286 0.014066 0.505263 0.016624 0.484211 0.016624 0.476692 0.019182 0.44060200000000005 0.02046 0.422556 0.024297 0.40150399999999997 0.025574999999999997 0.398496 0.028133 0.398496 0.031969 0.404511 0.033248 0.445113 0.026854 0.482707 0.025574999999999997 0.493233 0.023018 0.509774 0.023018 0.518797 0.02046 0.535338 0.02046 0.56391 0.016624 0.580451 0.016624 0.589474 0.02046 0.596992 0.02046
7 0.604511 0.038363 0.595489 0.037084 0.593985 0.040921 0.584962 0.048593 0.562406 0.05754499999999999 0.553383 0.05754499999999999 0.545865 0.060101999999999996 0.500752 0.060101999999999996 0.46466199999999996 0.051151 0.4586470000000001 0.05243 0.4586470000000001 0.05754499999999999 0.481203 0.063939 0.490226 0.063939 0.4947369999999999 0.066496 0.550376 0.066496 0.57594 0.061381 0.580451 0.05754499999999999 0.589474 0.054987 0.603008 0.044757000000000005
7 0.47218000000000004 0.129156 0.473684 0.13555 0.484211 0.14578 0.49624100000000004 0.163683 0.503759 0.163683 0.550376 0.140665 0.569925 0.153453 0.590977 0.162404 0.598496 0.161125 0.598496 0.131714 0.590977 0.132992 0.589474 0.152174 0.574436 0.147059 0.554887 0.132992 0.548872 0.132992 0.500752 0.154731 0.4781949999999999 0.127877
7 0.47218000000000004 0.112532 0.481203 0.112532 0.502256 0.098465 0.509774 0.098465 0.520301 0.104859 0.526316 0.104859 0.544361 0.112532 0.557895 0.112532 0.583459 0.098465 0.58797 0.107417 0.593985 0.108696 0.595489 0.099744 0.58797 0.090793 0.581955 0.090793 0.562406 0.102302 0.548872 0.106138 0.545865 0.103581 0.518797 0.09590800000000001 0.514286 0.092072 0.500752 0.090793 0.493233 0.09335 0.47218000000000004 0.108696
5 0.392481 0.048593 0.383459 0.063939 0.360902 0.085678 0.341353 0.109974 0.33985 0.129156 0.345865 0.149616 0.359398 0.170077 0.371429 0.176471 0.366917 0.19053699999999998 0.37594 0.19053699999999998 0.390977 0.194373 0.404511 0.20204600000000003 0.406015 0.19820999999999997 0.42405999999999994 0.182864 0.43609 0.17902800000000002 0.44962399999999997 0.168798 0.451128 0.162404 0.45714299999999997 0.154731 0.4586470000000001 0.139386 0.455639 0.09462900000000002 0.4586470000000001 0.086957 0.454135 0.071611 0.454135 0.054987 0.403008 0.054987
2 0.607519 0.035806 0.526316 0.034527 0.520301 0.037084 0.506767 0.037084 0.502256 0.039642 0.485714 0.040921 0.4781949999999999 0.044757000000000005 0.46015 0.04731500000000001 0.451128 0.051151 0.415038 0.05243 0.406015 0.051151 0.398496 0.04731500000000001 0.390977 0.04731500000000001 0.389474 0.05243 0.4 0.05754499999999999 0.4421050000000001 0.058824 0.455639 0.05754499999999999 0.46015 0.054987 0.47218000000000004 0.053708 0.491729 0.04731500000000001 0.506767 0.046036 0.512782 0.043478 0.524812 0.043478 0.533835 0.040921 0.606015 0.040921
4 0.469173 0.134271 0.443609 0.14578 0.42556400000000005 0.158568 0.415038 0.162404 0.37594 0.18542199999999998 0.36391 0.19820999999999997 0.347368 0.210997 0.303759 0.258312 0.273684 0.299233 0.267669 0.310742 0.252632 0.320972 0.249624 0.337596 0.231579 0.35166200000000003 0.22706799999999996 0.369565 0.209023 0.38491 0.207519 0.395141 0.215038 0.405371 0.215038 0.409207 0.18797 0.4462920000000001 0.159398 0.494885 0.138346 0.538363 0.123308 0.563939 0.106767 0.602302 0.10225600000000001 0.607417 0.096241 0.624041 0.090226 0.632992 0.090226 0.636829 0.079699 0.657289 0.079699 0.662404 0.070677 0.677749 0.064662 0.696931 0.049624 0.7289000000000001 0.049624 0.734015 0.043609 0.744246 0.022556 0.809463 0.010526 0.822251 0.01203 0.832481 0.010526 0.841432 0.006015 0.8491049999999999 0.006015 0.870844 0.003008 0.875959 0.003008 0.890026 0.009023 0.8951410000000001 0.019549 0.8951410000000001 0.031579 0.902813 0.031579 0.907928 0.040602 0.9117649999999999 0.046617 0.919437 0.063158 0.91688 0.07218 0.924552 0.082707 0.924552 0.084211 0.933504 0.088722 0.93734 0.099248 0.9283890000000001 0.123308 0.932225 0.133835 0.941176 0.148872 0.945013 0.157895 0.9565219999999999 0.168421 0.959079 0.177444 0.968031 0.20451100000000003 0.968031 0.221053 0.9769819999999999 0.24360899999999996 0.9782610000000002 0.252632 0.984655 0.261654 0.987212 0.291729 0.984655 0.300752 0.988491 0.315789 0.988491 0.323308 0.984655 0.333835 0.984655 0.350376 0.988491 0.36391 0.996164 0.380451 0.992327 0.386466 0.9936060000000001 0.390977 0.9974419999999999 0.427068 0.998721 0.430075 0.996164 0.43157899999999993 0.998721 0.44962399999999997 0.998721 0.46015 0.994885 0.48872200000000005 0.996164 0.493233 0.998721 0.529323 0.996164 0.541353 0.998721 0.601504 0.998721 0.606015 0.996164 0.66015 0.996164 0.67218 0.998721 0.684211 0.991049 0.697744 0.9936060000000001 0.714286 0.987212 0.72782 0.988491 0.745865 0.984655 0.765414 0.983376 0.77594 0.9769819999999999 0.809023 0.966752 0.837594 0.968031 0.842105 0.966752 0.8496239999999999 0.959079 0.8631579999999999 0.962916 0.873684 0.953964 0.8947369999999999 0.953964 0.902256 0.941176 0.911278 0.941176 0.921805 0.9360610000000001 0.936842 0.934783 0.930827 0.929668 0.930827 0.923274 0.938346 0.9143219999999999 0.945865 0.909207 0.950376 0.909207 0.983459 0.8951410000000001 0.9939850000000001 0.8861890000000001 0.992481 0.879795 0.996992 0.870844 0.995489 0.8503840000000001 0.98797 0.831202 0.98797 0.815857 0.981955 0.810742 0.962406 0.748082 0.9097739999999999 0.613811 0.8481199999999999 0.47954 0.8015040000000001 0.398977 0.8015040000000001 0.388747 0.804511 0.38491 0.804511 0.361893 0.78797 0.34399 0.784962 0.338875 0.784962 0.3286450000000001 0.774436 0.318414 0.7714290000000001 0.306905 0.766917 0.303069 0.748872 0.296675 0.730827 0.283887 0.729323 0.278772 0.702256 0.241688 0.673684 0.207161 0.655639 0.18925800000000004 0.651128 0.182864 0.651128 0.17902800000000002 0.637594 0.163683 0.616541 0.147059 0.6 0.138107 0.598496 0.153453 0.577444 0.152174 0.569925 0.154731 0.550376 0.141944 0.503759 0.164962 0.49624100000000004 0.164962 0.482707 0.14578 0.47218000000000004 0.134271
1 0.209023 0.405371 0.215038 0.4104860000000001 0.275188 0.4104860000000001 0.282707 0.40664999999999996 0.308271 0.40025600000000006 0.314286 0.396419 0.320301 0.396419 0.33985 0.38363200000000003 0.353383 0.378517 0.359398 0.373402 0.395489 0.356777 0.427068 0.33503799999999995 0.44060200000000005 0.319693 0.4586470000000001 0.304348 0.48721799999999993 0.326087 0.515789 0.338875 0.535338 0.341432 0.57594 0.341432 0.589474 0.340153 0.604511 0.33503799999999995 0.61203 0.33503799999999995 0.63609 0.319693 0.642105 0.318414 0.655639 0.308184 0.66015 0.308184 0.667669 0.303069 0.681203 0.326087 0.693233 0.341432 0.700752 0.345269 0.705263 0.35166200000000003 0.715789 0.359335 0.717293 0.36445000000000005 0.742857 0.38363200000000003 0.754887 0.39002600000000004 0.762406 0.39002600000000004 0.7699250000000001 0.395141 0.780451 0.396419 0.793985 0.402813 0.8030079999999999 0.40025600000000006 0.804511 0.392583 0.8015040000000001 0.388747 0.78797 0.382353 0.777444 0.38107399999999997 0.768421 0.375959 0.760902 0.375959 0.75188 0.37084399999999995 0.745865 0.36445000000000005 0.741353 0.363171 0.700752 0.324808 0.684211 0.296675 0.684211 0.29156 0.678195 0.286445 0.661654 0.287724 0.658647 0.29156 0.633083 0.303069 0.630075 0.306905 0.622556 0.308184 0.615038 0.315857 0.606015 0.320972 0.598496 0.320972 0.584962 0.326087 0.571429 0.327366 0.526316 0.326087 0.518797 0.322251 0.509774 0.320972 0.49624100000000004 0.310742 0.48721799999999993 0.306905 0.463158 0.287724 0.454135 0.286445 0.437594 0.299233 0.43609 0.303069 0.419549 0.317136 0.40902299999999997 0.329923 0.395489 0.336317 0.381955 0.346547 0.347368 0.361893 0.317293 0.38107399999999997 0.308271 0.382353 0.299248 0.387468 0.278195 0.392583 0.270677 0.396419 0.215038 0.396419 0.210526 0.398977
1 0.998496 0.879795 0.9894739999999999 0.8785169999999999 0.9774440000000001 0.883632 0.956391 0.8989769999999999 0.945865 0.902813 0.9278200000000001 0.918159 0.9248119999999999 0.9283890000000001 0.917293 0.934783 0.888722 0.938619 0.875188 0.942455 0.8661650000000001 0.9488490000000002 0.8496239999999999 0.955243 0.837594 0.955243 0.819549 0.961637 0.809023 0.961637 0.78797 0.968031 0.741353 0.975703 0.718797 0.975703 0.709774 0.97954 0.685714 0.983376 0.670677 0.98977 0.649624 0.98977 0.631579 0.992327 0.4947369999999999 0.98977 0.48721799999999993 0.987212 0.455639 0.984655 0.451128 0.982097 0.41203 0.982097 0.404511 0.984655 0.396992 0.982097 0.380451 0.982097 0.374436 0.97954 0.291729 0.97954 0.201504 0.960358 0.192481 0.955243 0.183459 0.955243 0.115789 0.920716 0.100752 0.919437 0.093233 0.9156010000000001 0.075188 0.9143219999999999 0.066165 0.909207 0.061654 0.901535 0.040602 0.8951410000000001 0.022556 0.887468 0.010526 0.879795 0.003008 0.881074 0 0.888747 0.013534 0.900256 0.049624 0.913043 0.057143 0.923274 0.069173 0.9283890000000001 0.088722 0.929668 0.096241 0.933504 0.109774 0.934783 0.114286 0.938619 0.129323 0.9437339999999999 0.174436 0.968031 0.186466 0.969309 0.192481 0.9731460000000001 0.215038 0.9769819999999999 0.234586 0.983376 0.287218 0.9936060000000001 0.369925 0.9936060000000001 0.37594 0.996164 0.392481 0.996164 0.4 0.998721 0.410526 0.998721 0.41654099999999994 0.996164 0.44661699999999993 0.996164 0.451128 0.998721 0.690226 0.998721 0.694737 0.996164 0.709774 0.994885 0.723308 0.98977 0.745865 0.98977 0.792481 0.982097 0.813534 0.975703 0.82406 0.975703 0.842105 0.969309 0.854135 0.969309 0.876692 0.961637 0.888722 0.953964 0.9278200000000001 0.9475699999999999 0.9398499999999999 0.939898 0.941353 0.9283890000000001 0.956391 0.9156010000000001 0.968421 0.910486 0.9789470000000001 0.901535 0.984962 0.900256 0.9894739999999999 0.8951410000000001 0.998496 0.892583
6 0.386466 0.049872 0.386466 0.053708 0.390977 0.058824 0.422556 0.067775 0.451128 0.069054 0.461654 0.065217 0.46466199999999996 0.061381 0.463158 0.054987 0.4586470000000001 0.05243 0.427068 0.053708 0.396992 0.044757000000000005 0.389474 0.046036