0 0.264398 0.022876 0.269634 0.065359 0.269634 0.127451 0.274869 0.166667 0.277487 0.303922 0.282723 0.362745 0.311518 0.552288 0.319372 0.565359 0.327225 0.630719 0.316754 0.630719 0.311518 0.637255 0.269634 0.732026 0.259162 0.764706 0.251309 0.810458 0.24083800000000002 0.833333 0.23822 0.8529409999999998 0.219895 0.8986929999999999 0.217277 0.915033 0.212042 0.921569 0.212042 0.934641 0.232984 0.95098 0.243455 0.95098 0.26178 0.9411760000000001 0.287958 0.9411760000000001 0.293194 0.954248 0.303665 0.964052 0.36125699999999994 0.9575160000000001 0.36911 0.970588 0.379581 0.9771239999999999 0.410995 0.986928 0.426702 0.986928 0.45288 0.9738559999999999 0.471204 0.9575160000000001 0.492147 0.954248 0.507853 0.9607840000000001 0.526178 0.986928 0.541885 0.9934639999999999 0.581152 0.990196 0.591623 0.98366 0.609948 0.954248 0.623037 0.95098 0.633508 0.954248 0.649215 0.9771239999999999 0.67801 0.98366 0.7068060000000002 0.970588 0.7303659999999998 0.9444440000000001 0.7565450000000001 0.9477119999999999 0.774869 0.9411760000000001 0.780105 0.934641 0.780105 0.9248370000000001 0.753927 0.830065 0.732984 0.781046 0.727749 0.751634 0.685864 0.660131 0.664921 0.637255 0.667539 0.630719 0.675393 0.637255 0.67801 0.562092 0.688482 0.539216 0.698953 0.454248 0.709424 0.42156899999999997 0.717277 0.362745 0.719895 0.173203 0.735602 0.058823999999999994 0.735602 0.03268 0.719895 0.03268 0.67801 0.013072 0.659686 0.013072 0.651832 0.006536 0.636126 0.009804 0.60733 0.029411999999999997 0.544503 0.039216 0.445026 0.039216 0.376963 0.022876 0.342932 0.003268 0.293194 0.019608
5 0.26178 0.022876 0.23822 0.019608 0.222513 0.026144 0.196335 0.062092 0.159686 0.140523 0.089005 0.313725 0.086387 0.333333 0.010471 0.51634 0.002618 0.542484 0.002618 0.594771 0.013089 0.607843 0.018325 0.650327 0.060209 0.676471 0.104712 0.69281 0.115183 0.689542 0.12041900000000001 0.676471 0.15445 0.650327 0.188482 0.598039 0.193717 0.578431 0.20680600000000002 0.555556 0.20680600000000002 0.539216 0.217277 0.513072 0.217277 0.493464 0.222513 0.48692799999999997 0.227749 0.45751600000000003 0.24083800000000002 0.42810500000000007 0.24083800000000002 0.411765 0.259162 0.369281 0.26178 0.346405 0.274869 0.30719 0.272251 0.166667
5 0.73822 0.035948 0.722513 0.173203 0.722513 0.330065 0.7303659999999998 0.336601 0.7434549999999999 0.372549 0.764398 0.47058800000000006 0.814136 0.627451 0.8455500000000001 0.669935 0.863874 0.676471 0.8821989999999998 0.702614 0.9214660000000001 0.69281 0.960733 0.673203 0.979058 0.656863 0.9842930000000001 0.617647 0.992147 0.607843 0.9973820000000001 0.588235 0.9973820000000001 0.562092 0.9895289999999999 0.545752 0.9842930000000001 0.519608 0.910995 0.352941 0.808901 0.091503 0.795812 0.065359 0.7696340000000002 0.035948
6 0.259162 0.022876 0.256545 0.03268 0.26178 0.04902 0.272251 0.300654 0.282723 0.300654 0.277487 0.163399 0.272251 0.120915 0.272251 0.04902 0.267016 0.022876
6 0.740838 0.029411999999999997 0.732984 0.03268 0.732984 0.052288 0.722513 0.104575 0.722513 0.130719 0.717277 0.147059 0.717277 0.336601 0.727749 0.333333 0.725131 0.173203 0.7434549999999999 0.04902
6 0.013089 0.620915 0.015707 0.633987 0.044503 0.643791 0.057592 0.656863 0.065445 0.656863 0.099476 0.676471 0.123037 0.679739 0.12041900000000001 0.666667 0.104712 0.663399 0.086387 0.650327 0.075916 0.650327 0.052356 0.630719 0.041885000000000006 0.630719 0.020942 0.617647
6 0.9842930000000001 0.633987 0.9764399999999999 0.630719 0.955497 0.643791 0.8821989999999998 0.669935 0.871728 0.676471 0.86911 0.686275 0.8821989999999998 0.689542 0.903141 0.676471 0.968586 0.653595 0.9842930000000001 0.643791
2 0.34031399999999995 0.006536 0.350785 0.039216 0.395288 0.127451 0.471204 0.24183 0.481675 0.264706 0.492147 0.27451 0.5 0.27451 0.515707 0.254902 0.612565 0.107843 0.617801 0.088235 0.641361 0.045752 0.649215 0.019608 0.649215 0.006536 0.638743 0.009804 0.636126 0.026144 0.615183 0.062092 0.60733 0.088235 0.518325 0.22875800000000002 0.494764 0.25817 0.410995 0.127451 0.3848170000000001 0.071895 0.37172800000000006 0.055556 0.3534030000000001 0.006536
2 0.311518 0.555556 0.311518 0.562092 0.32199 0.562092 0.33769600000000005 0.545752 0.363874 0.535948 0.382199 0.522876 0.431937 0.509804 0.45288 0.509804 0.468586 0.503268 0.528796 0.503268 0.609948 0.522876 0.65445 0.552288 0.667539 0.568627 0.6806279999999999 0.568627 0.6806279999999999 0.555556 0.670157 0.552288 0.664921 0.542484 0.628272 0.51634 0.591623 0.503268 0.549738 0.49673199999999995 0.539267 0.490196 0.46073300000000006 0.490196 0.44764400000000004 0.49673199999999995 0.400524 0.503268 0.332461 0.53268
2 0.32199 0.627451 0.324607 0.637255 0.387435 0.643791 0.489529 0.637255 0.670157 0.637255 0.670157 0.624183 0.484293 0.624183 0.424084 0.630719 0.356021 0.624183
7 0.212042 0.9281050000000001 0.21466 0.9444440000000001 0.22513099999999997 0.954248 0.264398 0.9575160000000001 0.28534 0.9477119999999999 0.298429 0.964052 0.314136 0.970588 0.356021 0.964052 0.397906 0.990196 0.431937 0.990196 0.489529 0.9575160000000001 0.539267 0.9967319999999998 0.58377 0.9934639999999999 0.599476 0.98366 0.615183 0.9607840000000001 0.623037 0.9575160000000001 0.633508 0.9607840000000001 0.657068 0.990196 0.685864 0.990196 0.717277 0.970588 0.727749 0.95098 0.7696340000000002 0.95098 0.78534 0.9444440000000001 0.78534 0.931373 0.772251 0.931373 0.764398 0.937908 0.722513 0.937908 0.7068060000000002 0.9607840000000001 0.6806279999999999 0.9771239999999999 0.662304 0.9771239999999999 0.638743 0.9477119999999999 0.617801 0.9444440000000001 0.578534 0.980392 0.544503 0.98366 0.497382 0.9444440000000001 0.473822 0.9477119999999999 0.426702 0.9771239999999999 0.403141 0.9771239999999999 0.356021 0.9477119999999999 0.319372 0.9575160000000001 0.290576 0.934641 0.274869 0.934641 0.259162 0.9444440000000001 0.230366 0.9411760000000001 0.219895 0.9248370000000001