0 0.786783 0.47286799999999996 0.786783 0.475083 0.78803 0.473976 0.23316700000000004 0.06423 0.22818 0.069767 0.225686 0.076412 0.22693300000000002 0.096346 0.23316700000000004 0.106312 0.23316700000000004 0.117386 0.22818 0.127353 0.235661 0.14175 0.244389 0.142857 0.256858 0.127353 0.258105 0.122924 0.260599 0.120709 0.264339 0.120709 0.26808 0.128461 0.26808 0.135105 0.273067 0.143965 0.290524 0.157254 0.296758 0.16722 0.309227 0.179402 0.316708 0.182724 0.32793 0.191584 0.34413999999999995 0.212625 0.35536200000000007 0.241417 0.36533699999999997 0.255814 0.36409 0.266888 0.351621 0.277962 0.351621 0.358804 0.35411499999999996 0.361019 0.362843 0.387597 0.372818 0.403101 0.37406500000000004 0.409745 0.38528700000000005 0.435216 0.392768 0.471761 0.39526200000000006 0.507198 0.401496 0.517165 0.410224 0.524917 0.42393999999999993 0.531561 0.431421 0.531561 0.44513699999999995 0.534884 0.458853 0.540421 0.506234 0.547065 0.527431 0.55371 0.554863 0.55371 0.577307 0.551495 0.623441 0.552602 0.63591 0.551495 0.639651 0.54928 0.664589 0.54928 0.670823 0.54485 0.706983 0.540421 0.7094759999999999 0.538206 0.7094759999999999 0.526024 0.71197 0.51938 0.713217 0.483942 0.718204 0.469546 0.718204 0.459579 0.723192 0.445183 0.724439 0.43189400000000006 0.721945 0.400886 0.721945 0.307863 0.72818 0.29235900000000004 0.7294259999999999 0.283499 0.738155 0.271318 0.738155 0.264673 0.7294259999999999 0.250277 0.726933 0.236988 0.726933 0.221484 0.7294259999999999 0.214839 0.726933 0.20155 0.723192 0.196013 0.723192 0.190476 0.7294259999999999 0.17829499999999998 0.72818 0.160576 0.714464 0.13289 0.71197 0.110742 0.706983 0.095238 0.694514 0.081949 0.693267 0.06423 0.6882789999999999 0.054264 0.670823 0.044297 0.653367 0.044297 0.63217 0.053156 0.610973 0.070875 0.604738 0.07309 0.594763 0.07309 0.574813 0.065338 0.562344 0.065338 0.557357 0.06866 0.546135 0.06866 0.543641 0.065338 0.543641 0.059801 0.5399 0.056478 0.53616 0.048726 0.537406 0.045404 0.548628 0.036545 0.553616 0.0299 0.554863 0.023256 0.551122 0.018826 0.546135 0.016611 0.526185 0.015504 0.511222 0.019934 0.476309 0.019934 0.4638399999999999 0.016611 0.44513699999999995 0.016611 0.432668 0.013289 0.418953 0.013289 0.41521199999999997 0.012182 0.402743 0.001107 0.390274 0.001107 0.382793 0.006645 0.382793 0.016611 0.386534 0.024363 0.397756 0.03433 0.39526200000000006 0.045404 0.387781 0.054264 0.372818 0.058693 0.362843 0.066445 0.339152 0.076412 0.312968 0.076412 0.298005 0.069767 0.28803 0.069767 0.284289 0.067553 0.278055 0.067553 0.27182 0.06423 0.260599 0.06423 0.255611 0.062016
5 0.321696 0.187154 0.311721 0.22591399999999998 0.310474 0.238095 0.300499 0.255814 0.285536 0.299003 0.263092 0.33665600000000007 0.259352 0.34773 0.249377 0.356589 0.243142 0.365449 0.23191999999999996 0.3732 0.23191999999999996 0.327796 0.229426 0.325581 0.224439 0.334441 0.209476 0.378738 0.184539 0.409745 0.183292 0.433001 0.174564 0.45072 0.174564 0.459579 0.179551 0.465116 0.185786 0.4662240000000001 0.190773 0.470653 0.190773 0.478405 0.180798 0.511628 0.173317 0.52381 0.170823 0.531561 0.160848 0.54485 0.140898 0.581395 0.129676 0.598007 0.088529 0.646733 0.071072 0.676633 0.064838 0.69546 0.063591 0.723145 0.067332 0.733112 0.0798 0.753045 0.092269 0.768549 0.093516 0.774086 0.087282 0.778516 0.081047 0.778516 0.07606 0.780731 0.052369 0.780731 0.033666 0.791805 0.011222 0.79845 0.008728 0.801772 0.009975 0.818383 0 0.831672 0 0.844961 0.003741 0.8538209999999999 0.012469 0.864895 0.026185 0.874862 0.03616 0.874862 0.0399 0.871539 0.053616 0.872647 0.058603 0.875969 0.071072 0.874862 0.077307 0.868217 0.082294 0.868217 0.089776 0.873754 0.094763 0.889258 0.104738 0.8970099999999999 0.114713 0.90144 0.123441 0.90144 0.138404 0.898117 0.144638 0.903654 0.145885 0.913621 0.143392 0.922481 0.145885 0.924695 0.15212 0.924695 0.157107 0.932447 0.154613 0.951274 0.15586 0.997785 0.16209500000000002 0.996678 0.17581 0.966777 0.178304 0.93134 0.180798 0.929125 0.18827900000000003 0.928018 0.199501 0.9147289999999999 0.205736 0.913621 0.209476 0.905869 0.209476 0.8970099999999999 0.205736 0.890365 0.203242 0.874862 0.21196999999999996 0.864895 0.21695799999999998 0.8538209999999999 0.21695799999999998 0.848283 0.20698300000000003 0.840532 0.204489 0.831672 0.20822900000000003 0.829457 0.210723 0.83278 0.214464 0.8338869999999999 0.229426 0.8338869999999999 0.23316700000000004 0.831672 0.239401 0.831672 0.241895 0.829457 0.24813 0.829457 0.275561 0.815061 0.301746 0.806202 0.314214 0.79845 0.320449 0.792913 0.32793 0.777409 0.339152 0.737542 0.341646 0.709856 0.3466330000000001 0.683278 0.3466330000000001 0.557032 0.350374 0.543743 0.351621 0.508306 0.35536200000000007 0.497231 0.359102 0.401993 0.357855 0.395349 0.360349 0.390919 0.360349 0.380952 0.357855 0.378738 0.356608 0.370986 0.350374 0.358804 0.350374 0.307863 0.356608 0.281285 0.369077 0.265781 0.369077 0.262458 0.36409 0.254707 0.359102 0.236988 0.351621 0.227021 0.349127 0.220377
5 0.7294259999999999 0.217054 0.7294259999999999 0.245847 0.733167 0.255814 0.739401 0.264673 0.739401 0.271318 0.7306729999999999 0.283499 0.7294259999999999 0.29235900000000004 0.723192 0.307863 0.723192 0.419712 0.725686 0.43189400000000006 0.724439 0.445183 0.719451 0.459579 0.719451 0.469546 0.714464 0.483942 0.714464 0.506091 0.7107230000000001 0.526024 0.7107230000000001 0.538206 0.706983 0.541528 0.677057 0.54485 0.674564 0.547065 0.6683289999999998 0.548173 0.674564 0.555925 0.685786 0.614618 0.6882789999999999 0.644518 0.697007 0.682171 0.7094759999999999 0.723145 0.7294259999999999 0.75969 0.734414 0.775194 0.7468829999999999 0.7851609999999999 0.761845 0.790698 0.785536 0.790698 0.794264 0.79402 0.82419 0.795127 0.82419 0.799557 0.814214 0.811739 0.816708 0.8261350000000001 0.80798 0.8460690000000001 0.8092269999999999 0.85825 0.82419 0.872647 0.829177 0.874862 0.865337 0.874862 0.874065 0.878184 0.892768 0.8770759999999999 0.896509 0.874862 0.918953 0.874862 0.921446 0.872647 0.926434 0.872647 0.936409 0.868217 0.941397 0.875969 0.941397 0.8970099999999999 0.9488779999999999 0.8970099999999999 0.955112 0.889258 0.956359 0.854928 0.973815 0.8438540000000001 0.9925190000000002 0.818383 0.996259 0.806202 0.996259 0.771872 0.998753 0.761905 0.988778 0.754153 0.981297 0.753045 0.978803 0.750831 0.98005 0.735327 0.9700749999999999 0.72536 0.961347 0.723145 0.953865 0.718715 0.94015 0.717608 0.937656 0.712071 0.947631 0.6843850000000001 0.946384 0.664452 0.942643 0.655592 0.935162 0.650055 0.9326680000000002 0.644518 0.9202 0.631229 0.9102239999999999 0.6157250000000001 0.8890269999999999 0.593577 0.872818 0.571429 0.842893 0.539313 0.837905 0.535991 0.816708 0.511628 0.795511 0.481728 0.786783 0.47286799999999996 0.763092 0.43632300000000007 0.755611 0.403101 0.755611 0.387597 0.760599 0.378738 0.764339 0.359911 0.760599 0.351052 0.761845 0.334441 0.755611 0.322259 0.754364 0.27464 0.7481300000000001 0.253599 0.738155 0.236988 0.734414 0.223699
7 0.391521 0.508306 0.391521 0.516058 0.396509 0.520487 0.431421 0.538206 0.441397 0.539313 0.450125 0.54485 0.45635900000000007 0.54485 0.471322 0.551495 0.488778 0.552602 0.49625900000000006 0.555925 0.507481 0.555925 0.511222 0.55814 0.625935 0.55814 0.629676 0.555925 0.6521200000000001 0.554817 0.65586 0.552602 0.682045 0.551495 0.695761 0.545958 0.705736 0.54485 0.7094759999999999 0.541528 0.7094759999999999 0.533776 0.705736 0.530454 0.693267 0.530454 0.6907730000000001 0.532669 0.680798 0.533776 0.67581 0.537099 0.659601 0.537099 0.65586 0.539313 0.637157 0.540421 0.633416 0.542636 0.619701 0.543743 0.582294 0.543743 0.578554 0.545958 0.557357 0.545958 0.551122 0.543743 0.517456 0.543743 0.497506 0.539313 0.490025 0.539313 0.486284 0.537099 0.477556 0.537099 0.47506200000000004 0.534884 0.467581 0.533776 0.4638399999999999 0.530454 0.45635900000000007 0.530454 0.450125 0.526024 0.437656 0.52381 0.431421 0.51938 0.422693 0.517165 0.418953 0.513843 0.410224 0.51052 0.402743 0.503876 0.396509 0.503876
2 0.380299 0.011074 0.380299 0.016611 0.396509 0.031008 0.447631 0.031008 0.467581 0.037652 0.528678 0.037652 0.541147 0.032115 0.549875 0.031008 0.553616 0.027685 0.553616 0.019934 0.549875 0.016611 0.5399 0.016611 0.537406 0.018826 0.532419 0.018826 0.522444 0.023256 0.473815 0.023256 0.453865 0.016611 0.40523699999999996 0.016611 0.40399 0.006645 0.399002 0.002215 0.389027 0.003322
2 0.339152 0.076412 0.33416500000000005 0.080842 0.33416500000000005 0.087486 0.339152 0.09413099999999999 0.362843 0.11184900000000002 0.366584 0.11295699999999999 0.387781 0.130676 0.397756 0.136213 0.41521199999999997 0.152824 0.42393999999999993 0.157254 0.44015 0.170543 0.46508700000000003 0.187154 0.473815 0.197121 0.483791 0.202658 0.518703 0.231451 0.578554 0.287929 0.581047 0.293466 0.604738 0.317829 0.61596 0.33333299999999993 0.628429 0.344408 0.634663 0.355482 0.645885 0.36766299999999996 0.654613 0.36766299999999996 0.663342 0.361019 0.664589 0.3410850000000001 0.6670819999999998 0.337763 0.6683289999999998 0.317829 0.6670819999999998 0.22591399999999998 0.664589 0.220377 0.663342 0.200443 0.660848 0.196013 0.659601 0.183832 0.6521200000000001 0.16832800000000003 0.638404 0.119601 0.633416 0.11295699999999999 0.633416 0.105205 0.629676 0.100775 0.619701 0.074197 0.614713 0.069767 0.608479 0.069767 0.603491 0.074197 0.603491 0.081949 0.609726 0.093023 0.613466 0.106312 0.617207 0.110742 0.617207 0.118494 0.623441 0.128461 0.623441 0.133998 0.630923 0.153931 0.63217 0.163898 0.640898 0.182724 0.6496259999999999 0.220377 0.6508729999999999 0.241417 0.653367 0.246955 0.653367 0.30897 0.6508729999999999 0.3134 0.6508729999999999 0.332226 0.648379 0.342193 0.630923 0.325581 0.591022 0.277962 0.546135 0.236988 0.526185 0.21594700000000003 0.517456 0.211517 0.49501199999999995 0.191584 0.488778 0.188261 0.477556 0.17608 0.470075 0.172757 0.458853 0.162791 0.451372 0.159468 0.433915 0.145072 0.42518700000000004 0.140642 0.407731 0.122924 0.397756 0.118494 0.369077 0.095238 0.359102 0.089701 0.34538700000000006 0.076412
7 0.23316700000000004 0.066445 0.22693300000000002 0.074197 0.22693300000000002 0.100775 0.22818 0.10742 0.23191999999999996 0.11295699999999999 0.23191999999999996 0.117386 0.22693300000000002 0.121816 0.22693300000000002 0.131783 0.23191999999999996 0.143965 0.230673 0.151717 0.235661 0.156146 0.245636 0.156146 0.249377 0.152824 0.249377 0.14175 0.244389 0.130676 0.24813 0.125138 0.253117 0.130676 0.263092 0.130676 0.266833 0.127353 0.26808 0.135105 0.265586 0.139535 0.265586 0.147287 0.27182 0.153931 0.280549 0.153931 0.285536 0.149502 0.286783 0.150609 0.286783 0.165006 0.305486 0.183832 0.312968 0.186047 0.326683 0.186047 0.33665800000000007 0.177187 0.337905 0.17829499999999998 0.337905 0.194906 0.342893 0.200443 0.3466330000000001 0.20155 0.3466330000000001 0.227021 0.350374 0.232558 0.366584 0.246955 0.380299 0.248062 0.386534 0.243632 0.391521 0.233666 0.399002 0.23588 0.402743 0.241417 0.40399 0.258029 0.417706 0.271318 0.43516200000000005 0.271318 0.441397 0.265781 0.44513699999999995 0.255814 0.453865 0.256921 0.458853 0.264673 0.458853 0.27021 0.4663340000000001 0.277962 0.46508700000000003 0.284607 0.45635900000000007 0.283499 0.451372 0.287929 0.451372 0.301218 0.453865 0.307863 0.462594 0.318937 0.483791 0.33333299999999993 0.5 0.33887 0.497506 0.3410850000000001 0.497506 0.35326699999999994 0.506234 0.368771 0.521197 0.380952 0.53616 0.380952 0.538653 0.378738 0.538653 0.374308 0.541147 0.370986 0.551122 0.374308 0.553616 0.376523 0.546135 0.38206 0.546135 0.390919 0.551122 0.404208 0.558603 0.410853 0.569825 0.41639 0.581047 0.41639 0.588529 0.42192700000000005 0.587282 0.440753 0.597257 0.449612 0.609726 0.452935 0.617207 0.459579 0.617207 0.477298 0.625935 0.48505 0.633416 0.48505 0.6521200000000001 0.48948 0.662095 0.48948 0.664589 0.48505 0.685786 0.468439 0.693267 0.4562570000000001 0.693267 0.442968 0.687032 0.434109 0.687032 0.430786 0.682045 0.426357 0.685786 0.418605 0.700748 0.406423 0.704489 0.400886 0.704489 0.389812 0.69202 0.379845 0.7094759999999999 0.365449 0.714464 0.357697 0.715711 0.34329999999999994 0.7094759999999999 0.330011 0.7094759999999999 0.323367 0.721945 0.3134 0.7306729999999999 0.296788 0.7306729999999999 0.287929 0.738155 0.27907 0.738155 0.259136 0.734414 0.253599 0.734414 0.246955 0.7306729999999999 0.24031 0.7319200000000001 0.228128 0.734414 0.22591399999999998 0.734414 0.207087 0.7306729999999999 0.20155 0.7306729999999999 0.191584 0.734414 0.181617 0.734414 0.170543 0.7319200000000001 0.16722 0.7306729999999999 0.153931 0.723192 0.142857 0.721945 0.136213 0.715711 0.125138 0.715711 0.115172 0.713217 0.11295699999999999 0.71197 0.09856 0.7094759999999999 0.095238 0.706983 0.08305600000000002 0.701995 0.078627 0.697007 0.06866 0.693267 0.065338 0.693267 0.056478 0.685786 0.044297 0.6733170000000002 0.036545 0.65586 0.036545 0.6508729999999999 0.040975 0.6508729999999999 0.046512 0.65586 0.050941 0.6670819999999998 0.050941 0.67581 0.058693 0.677057 0.071982 0.69202 0.091916 0.69202 0.097453 0.695761 0.104097 0.695761 0.11184900000000002 0.698254 0.114064 0.699501 0.130676 0.701995 0.13289 0.706983 0.148394 0.714464 0.159468 0.714464 0.16722 0.718204 0.17608 0.713217 0.191584 0.714464 0.207087 0.718204 0.212625 0.718204 0.220377 0.714464 0.228128 0.714464 0.245847 0.718204 0.252492 0.718204 0.259136 0.721945 0.264673 0.721945 0.273533 0.714464 0.281285 0.714464 0.291251 0.706983 0.305648 0.695761 0.314507 0.693267 0.318937 0.69202 0.33333299999999993 0.698254 0.344408 0.698254 0.352159 0.6733170000000002 0.376523 0.6733170000000002 0.387597 0.687032 0.396456 0.670823 0.409745 0.665835 0.420819 0.665835 0.434109 0.670823 0.43853799999999993 0.677057 0.45072 0.6683289999999998 0.46290099999999995 0.6496259999999999 0.473976 0.645885 0.471761 0.634663 0.470653 0.633416 0.454042 0.630923 0.449612 0.617207 0.43853799999999993 0.608479 0.437431 0.602244 0.433001 0.608479 0.427464 0.608479 0.419712 0.605985 0.41639 0.587282 0.401993 0.577307 0.401993 0.571072 0.398671 0.584788 0.39756400000000003 0.587282 0.395349 0.587282 0.385382 0.57606 0.372093 0.566085 0.364341 0.544888 0.355482 0.532419 0.356589 0.523691 0.363234 0.514963 0.352159 0.517456 0.351052 0.522444 0.35326699999999994 0.532419 0.35326699999999994 0.537406 0.348837 0.537406 0.3410850000000001 0.524938 0.330011 0.497506 0.322259 0.48005 0.312292 0.490025 0.311185 0.49625900000000006 0.305648 0.497506 0.293466 0.4825439999999999 0.27907 0.4825439999999999 0.272425 0.47506200000000004 0.263566 0.47506200000000004 0.259136 0.468828 0.248062 0.4638399999999999 0.243632 0.452618 0.241417 0.450125 0.239203 0.437656 0.239203 0.428928 0.246955 0.427681 0.255814 0.42518700000000004 0.256921 0.4202 0.251384 0.4202 0.238095 0.41521199999999997 0.22923599999999997 0.40399 0.220377 0.394015 0.218162 0.397756 0.214839 0.397756 0.202658 0.389027 0.192691 0.37406500000000004 0.184939 0.356608 0.184939 0.35536200000000007 0.174972 0.34788 0.162791 0.33541099999999996 0.153931 0.32793 0.153931 0.320449 0.16168299999999997 0.320449 0.169435 0.312968 0.170543 0.304239 0.160576 0.312968 0.152824 0.311721 0.138427 0.302993 0.125138 0.294264 0.117386 0.283042 0.116279 0.283042 0.091916 0.279302 0.077519 0.273067 0.071982 0.264339 0.071982 0.256858 0.077519 0.245636 0.066445
6 0.3229429999999999 0.187154 0.317955 0.191584 0.317955 0.197121 0.32793 0.204873 0.329177 0.208195 0.337905 0.21594700000000003 0.337905 0.21926899999999996 0.3466330000000001 0.22923599999999997 0.352868 0.24031 0.35411499999999996 0.248062 0.360349 0.256921 0.361596 0.269103 0.36533699999999997 0.272425 0.37406500000000004 0.272425 0.377805 0.269103 0.377805 0.260244 0.375312 0.256921 0.375312 0.249169 0.370324 0.242525 0.362843 0.222591 0.352868 0.21041 0.352868 0.208195 0.34538700000000006 0.202658 0.342893 0.197121 0.330424 0.187154
6 0.739401 0.213732 0.733167 0.213732 0.72818 0.218162 0.72818 0.282392 0.720698 0.299003 0.720698 0.306755 0.725686 0.311185 0.7319200000000001 0.311185 0.735661 0.307863 0.743142 0.291251 0.743142 0.217054
6 0.089776 0.770764 0.089776 0.776301 0.097257 0.7829460000000001 0.11595999999999998 0.786268 0.137157 0.79402 0.150873 0.803987 0.19201999999999997 0.8239200000000001 0.204489 0.8338869999999999 0.214464 0.844961 0.223192 0.844961 0.22818 0.840532 0.229426 0.831672 0.224439 0.827243 0.220698 0.827243 0.19825399999999999 0.809524 0.159601 0.790698 0.145885 0.780731 0.122195 0.771872 0.10598499999999998 0.769657 0.102244 0.766334 0.094763 0.766334
6 0.945137 0.7142860000000001 0.941397 0.710963 0.9339150000000002 0.710963 0.925187 0.718715 0.922693 0.724252 0.905237 0.741971 0.901496 0.748616 0.8902739999999999 0.758583 0.8690769999999999 0.770764 0.841646 0.7829460000000001 0.819202 0.787375 0.814214 0.791805 0.814214 0.797342 0.819202 0.801772 0.829177 0.801772 0.8478799999999999 0.797342 0.874065 0.786268 0.895262 0.774086 0.916459 0.756368 0.922693 0.7475079999999998 0.9326680000000002 0.738649 0.9339150000000002 0.734219 0.945137 0.722038