0 0.19457 0 0.177979 0.012401 0.176471 0.023675 0.180995 0.028185 0.180995 0.034949 0.190045 0.051859999999999996 0.190045 0.05975199999999999 0.19909500000000002 0.080045 0.20060299999999998 0.100338 0.206637 0.11161199999999999 0.209653 0.128523 0.21417799999999998 0.133033 0.21568600000000002 0.14543400000000004 0.224736 0.158963 0.23076899999999997 0.163472 0.23378599999999997 0.188275 0.239819 0.196167 0.245852 0.224352 0.251885 0.231116 0.251885 0.235626 0.254902 0.23900799999999997 0.254902 0.249154 0.259427 0.253664 0.259427 0.264938 0.26546 0.277339 0.266968 0.299887 0.269985 0.30326900000000007 0.276018 0.321308 0.27451 0.323563 0.277526 0.32807200000000003 0.277526 0.337091 0.288084 0.373168 0.288084 0.388952 0.291101 0.397971 0.291101 0.445321 0.285068 0.4712509999999999 0.719457 0.4712509999999999 0.710407 0.448703 0.710407 0.370913 0.713424 0.363021 0.71644 0.335964 0.723982 0.31567100000000003 0.72549 0.301015 0.733032 0.288613 0.733032 0.280722 0.742081 0.261556 0.74359 0.248027 0.751131 0.236753 0.751131 0.227734 0.757164 0.21195 0.760181 0.209696 0.760181 0.202931 0.766214 0.19503900000000002 0.770739 0.181511 0.7752639999999998 0.177001 0.7767719999999999 0.169109 0.781297 0.163472 0.784314 0.146561 0.779789 0.140924 0.785822 0.133033 0.785822 0.127396 0.7963800000000001 0.11161199999999999 0.7963800000000001 0.10823 0.802413 0.10371999999999999 0.8039219999999999 0.093574 0.8099550000000001 0.086809 0.81448 0.072153 0.819005 0.068771 0.823529 0.05298800000000001 0.8280539999999998 0.048478 0.832579 0.037204 0.850679 0.020293 0.850679 0.018038 0.8446460000000001 0.013529 0.837104 0.012401 0.822021 0.002255 0.8099550000000001 0.001127 0.800905 0.005637 0.800905 0.020293 0.7963800000000001 0.031567 0.7963800000000001 0.038331 0.791855 0.045096 0.791855 0.050733 0.78733 0.055242 0.78733 0.062007 0.7828050000000001 0.073281 0.778281 0.078918 0.778281 0.090192 0.773756 0.098083 0.769231 0.118377 0.761689 0.124014 0.760181 0.128523 0.751131 0.137542 0.723982 0.137542 0.713424 0.133033 0.689291 0.135287 0.674208 0.130778 0.624434 0.135287 0.558069 0.13416 0.544495 0.137542 0.52187 0.137542 0.515837 0.135287 0.47812999999999994 0.136415 0.473605 0.13416 0.443439 0.13416 0.434389 0.130778 0.413273 0.133033 0.3273 0.130778 0.309201 0.13416 0.285068 0.133033 0.277526 0.136415 0.268477 0.137542 0.263952 0.140924 0.24735999999999997 0.140924 0.238311 0.13416 0.232278 0.11950399999999999 0.22775299999999998 0.0823 0.223228 0.073281 0.221719 0.045096 0.21417799999999998 0.030440000000000002 0.21417799999999998 0.012401 0.205128 0.005637 0.206637 0
4 0.288084 0.472379 0.282051 0.47801599999999994 0.263952 0.523112 0.259427 0.527621 0.257919 0.534386 0.253394 0.538895 0.250377 0.547914 0.220211 0.600902 0.218703 0.608794 0.21417799999999998 0.614431 0.209653 0.627959 0.19909500000000002 0.647125 0.19457 0.6674179999999998 0.188537 0.676437 0.187029 0.692221 0.182504 0.702368 0.179487 0.724915 0.174962 0.736189 0.174962 0.747463 0.171946 0.751973 0.170437 0.785795 0.171946 0.824126 0.167421 0.8680949999999998 0.164404 0.877114 0.164404 0.88726 0.161388 0.89177 0.161388 0.900789 0.164404 0.906426 0.159879 0.913191 0.144796 0.9188280000000001 0.14178 0.923337 0.149321 0.934611 0.158371 0.933484 0.162896 0.936866 0.164404 0.950395 0.179487 0.960541 0.188537 0.977452 0.191554 0.979707 0.20362 0.9819620000000001 0.22775299999999998 0.9819620000000001 0.242836 0.985344 0.257919 0.985344 0.289593 0.9932359999999999 0.315234 0.9932359999999999 0.337858 0.996618 0.38009 0.9943630000000001 0.404223 0.99549 0.420814 0.998873 0.432881 0.998873 0.4389140000000001 0.996618 0.500754 0.9943630000000001 0.598793 0.9943630000000001 0.616893 0.990981 0.628959 0.990981 0.631976 0.988726 0.751131 0.988726 0.757164 0.990981 0.778281 0.989853 0.80543 0.992108 0.815988 0.988726 0.832579 0.987599 0.8431369999999999 0.9819620000000001 0.8552039999999999 0.963923 0.861237 0.949267 0.868778 0.941375 0.8702869999999999 0.9312290000000001 0.8642529999999999 0.9188280000000001 0.8552039999999999 0.916573 0.850679 0.912063 0.8552039999999999 0.892897 0.850679 0.8816229999999999 0.852187 0.848929 0.850679 0.8444190000000001 0.847662 0.846674 0.846154 0.845547 0.847662 0.836528 0.8446460000000001 0.749718 0.840121 0.735062 0.837104 0.706877 0.834087 0.703495 0.832579 0.6933480000000001 0.829563 0.688839 0.8250380000000002 0.6674179999999998 0.822021 0.665163 0.8099550000000001 0.6313420000000001 0.7752639999999998 0.576099 0.767722 0.559188 0.758673 0.547914 0.755656 0.540023 0.733032 0.503946 0.733032 0.498309 0.726998 0.48478 0.714932 0.472379
5 0.8778280000000002 0.010147 0.873303 0.012401 0.86727 0.012401 0.850679 0.020293 0.850679 0.022548 0.8431369999999999 0.027057 0.8431369999999999 0.029312 0.835596 0.034949 0.829563 0.048478 0.8250380000000002 0.05298800000000001 0.820513 0.068771 0.815988 0.072153 0.8114630000000002 0.086809 0.80543 0.093574 0.8039219999999999 0.10371999999999999 0.7978880000000002 0.10823 0.7978880000000002 0.11161199999999999 0.78733 0.127396 0.78733 0.133033 0.781297 0.140924 0.785822 0.146561 0.7828050000000001 0.163472 0.779789 0.165727 0.7767719999999999 0.177001 0.772247 0.181511 0.767722 0.19503900000000002 0.761689 0.202931 0.761689 0.209696 0.758673 0.21195 0.754148 0.22322399999999998 0.75264 0.236753 0.745098 0.248027 0.74359 0.261556 0.737557 0.276212 0.751131 0.280722 0.751131 0.29425 0.764706 0.301015 0.773756 0.316798 0.778281 0.33483700000000005 0.7767719999999999 0.341601 0.779789 0.35287499999999994 0.7828050000000001 0.356257 0.7888389999999998 0.394589 0.800905 0.444194 0.800905 0.453213 0.80543 0.461105 0.80543 0.467869 0.8114630000000002 0.482525 0.8280539999999998 0.546787 0.835596 0.56708 0.837104 0.579481 0.8416289999999998 0.588501 0.8416289999999998 0.5952650000000002 0.852187 0.626832 0.859729 0.659526 0.8627449999999999 0.698985 0.868778 0.715896 0.868778 0.733935 0.8763199999999999 0.7688839999999999 0.874811 0.780158 0.8778280000000002 0.784667 0.8778280000000002 0.804961 0.874811 0.828636 0.879336 0.8354 0.879336 0.842165 0.8838610000000001 0.841037 0.9034690000000001 0.843292 0.9095019999999999 0.853439 0.92006 0.853439 0.933635 0.857948 0.965309 0.857948 0.972851 0.86133 0.975867 0.860203 0.993967 0.863585 0.996983 0.860203 0.9954749999999999 0.829763 0.9909500000000001 0.80947 0.9909500000000001 0.78354 0.987934 0.780158 0.987934 0.751973 0.9849170000000002 0.746336 0.9849170000000002 0.729425 0.980392 0.714769 0.978884 0.684329 0.975867 0.6809470000000001 0.975867 0.661781 0.9698340000000001 0.642616 0.9698340000000001 0.622322 0.9351429999999998 0.459977 0.921569 0.338219 0.924585 0.30326900000000007 0.927602 0.296505 0.945701 0.295378 0.957768 0.291995 0.975867 0.291995 0.978884 0.29086800000000007 0.9819 0.284104 0.9819 0.252537 0.9849170000000002 0.248027 0.987934 0.231116 0.987934 0.204059 0.9954749999999999 0.178129 0.9954749999999999 0.16121800000000003 0.9849170000000002 0.107103 0.980392 0.100338 0.978884 0.09131899999999998 0.965309 0.067644 0.960784 0.043968 0.926094 0.018038 0.9170440000000001 0.016911 0.9110110000000001 0.013529 0.8898940000000001 0.013529
5 0.167421 0.011274 0.162896 0.012401 0.159879 0.015784 0.146305 0.013529 0.14178 0.015784 0.128205 0.014656 0.120664 0.019166 0.105581 0.018038 0.09954799999999998 0.021421 0.09803900000000002 0.020293 0.073906 0.037204 0.046757 0.076663 0.034691 0.10371999999999999 0.027149000000000003 0.14543400000000004 0.027149000000000003 0.179256 0.034691 0.21195 0.040724 0.22097 0.048265 0.241263 0.05279 0.245772 0.051282 0.291995 0.055807 0.301015 0.06183999999999999 0.304397 0.069382 0.317926 0.075415 0.321308 0.084465 0.3224350000000001 0.088989 0.32807200000000003 0.088989 0.367531 0.082956 0.382187 0.078431 0.44081200000000004 0.075415 0.444194 0.072398 0.483653 0.066365 0.505073 0.057315 0.583991 0.051282 0.599775 0.051282 0.616685 0.048265 0.622322 0.039216 0.662909 0.039216 0.6809470000000001 0.034691 0.688839 0.033183 0.706877 0.025641 0.7316800000000001 0.022624 0.759865 0.012066 0.798196 0.010558 0.820744 0.006033 0.827508 0.006033 0.847802 0 0.8680949999999998 0.001508 0.885006 0.00905 0.885006 0.027149000000000003 0.8804960000000001 0.031674 0.8816229999999999 0.067873 0.877114 0.088989 0.877114 0.093514 0.870349 0.101056 0.86584 0.117647 0.86584 0.12217200000000002 0.864713 0.12367999999999998 0.86133 0.120664 0.850056 0.120664 0.822999 0.125189 0.812852 0.125189 0.792559 0.14178 0.736189 0.143288 0.7181509999999999 0.152338 0.692221 0.158371 0.6561440000000001 0.171946 0.6178129999999998 0.174962 0.5952650000000002 0.182504 0.573844 0.182504 0.563698 0.191554 0.53664 0.19457 0.512965 0.208145 0.46336 0.208145 0.455468 0.21267000000000003 0.44644899999999993 0.217195 0.410372 0.22926100000000002 0.37655 0.23076899999999997 0.354002 0.236802 0.3224350000000001 0.24434400000000003 0.311161 0.248869 0.310034 0.250377 0.306652 0.260935 0.301015 0.262443 0.29086800000000007 0.26546 0.288613 0.263952 0.277339 0.257919 0.264938 0.257919 0.253664 0.253394 0.249154 0.253394 0.23900799999999997 0.250377 0.235626 0.250377 0.231116 0.24434400000000003 0.224352 0.238311 0.196167 0.232278 0.188275 0.22926100000000002 0.163472 0.223228 0.158963 0.217195 0.149944 0.21417799999999998 0.133033 0.209653 0.126268 0.205128 0.107103 0.19909500000000002 0.095829 0.19758699999999998 0.080045 0.188537 0.05975199999999999 0.188537 0.051859999999999996 0.179487 0.034949 0.179487 0.028185 0.176471 0.024803 0.179487 0.013529 0.173454 0.014656
2 0.19758699999999998 0.006764 0.19758699999999998 0.012401 0.20362 0.019166 0.20362 0.028185 0.211161 0.043968 0.211161 0.050733 0.21568600000000002 0.060879 0.21568600000000002 0.08342699999999999 0.220211 0.09921099999999998 0.221719 0.118377 0.224736 0.121759 0.224736 0.129651 0.22926100000000002 0.13416 0.232278 0.144307 0.239819 0.151071 0.263952 0.151071 0.266968 0.148816 0.297134 0.147689 0.301659 0.14543400000000004 0.319759 0.144307 0.47511299999999995 0.144307 0.497738 0.14543400000000004 0.502262 0.147689 0.607843 0.148816 0.621418 0.14543400000000004 0.757164 0.144307 0.760181 0.142052 0.766214 0.142052 0.772247 0.13416 0.773756 0.125141 0.778281 0.118377 0.778281 0.11161199999999999 0.7828050000000001 0.101466 0.78733 0.096956 0.7888389999999998 0.080045 0.7963800000000001 0.068771 0.802413 0.046223 0.806938 0.038331 0.806938 0.032694 0.8099550000000001 0.030440000000000002 0.8114630000000002 0.020293 0.81448 0.016911 0.81448 0.007892 0.808446 0.003382 0.800905 0.003382 0.794872 0.007892 0.779789 0.055242 0.769231 0.076663 0.769231 0.087937 0.763198 0.095829 0.755656 0.122886 0.751131 0.129651 0.739065 0.128523 0.736048 0.130778 0.609351 0.131905 0.600302 0.13416 0.517345 0.13416 0.490196 0.130778 0.307692 0.130778 0.27451 0.135287 0.25641 0.135287 0.253394 0.137542 0.242836 0.122886 0.242836 0.11274 0.239819 0.110485 0.238311 0.089064 0.235294 0.085682 0.23378599999999997 0.051859999999999996 0.23076899999999997 0.049605 0.22926100000000002 0.034949 0.223228 0.022548 0.223228 0.013529 0.211161 0.002255 0.20362 0.002255
2 0.785822 0.116122 0.779789 0.11161199999999999 0.772247 0.11161199999999999 0.761689 0.118377 0.760181 0.1646 0.754148 0.179256 0.751131 0.181511 0.751131 0.192785 0.746606 0.19842199999999996 0.746606 0.206313 0.742081 0.21646 0.73454 0.224352 0.733032 0.234498 0.71644 0.253664 0.705882 0.261556 0.705882 0.263811 0.695324 0.271702 0.68175 0.277339 0.633484 0.277339 0.630468 0.275085 0.609351 0.273957 0.603318 0.271702 0.529412 0.270575 0.517345 0.267193 0.452489 0.269448 0.4012069999999999 0.267193 0.390649 0.26832 0.386124 0.270575 0.363499 0.270575 0.339367 0.275085 0.324284 0.275085 0.313725 0.271702 0.297134 0.270575 0.286576 0.263811 0.28356 0.259301 0.28356 0.253664 0.279035 0.249154 0.279035 0.244645 0.271493 0.233371 0.269985 0.215333 0.26546 0.210823 0.262443 0.19842199999999996 0.257919 0.193912 0.25641 0.18602 0.253394 0.183766 0.24735999999999997 0.166855 0.24434400000000003 0.1646 0.242836 0.144307 0.239819 0.142052 0.239819 0.124014 0.235294 0.120631 0.22775299999999998 0.120631 0.221719 0.125141 0.221719 0.148816 0.224736 0.152198 0.226244 0.171364 0.245852 0.210823 0.245852 0.217587 0.250377 0.22322399999999998 0.253394 0.240135 0.259427 0.250282 0.260935 0.258174 0.263952 0.260428 0.263952 0.266065 0.269985 0.27283 0.286576 0.284104 0.312217 0.287486 0.315234 0.289741 0.346908 0.289741 0.351433 0.287486 0.371041 0.286359 0.374057 0.284104 0.40724 0.282976 0.41176500000000005 0.280722 0.417798 0.282976 0.4389140000000001 0.284104 0.497738 0.282976 0.502262 0.280722 0.508296 0.280722 0.517345 0.284104 0.570136 0.284104 0.574661 0.286359 0.595777 0.286359 0.624434 0.29086800000000007 0.693816 0.29086800000000007 0.701357 0.289741 0.733032 0.263811 0.733032 0.261556 0.751131 0.24239 0.751131 0.234498 0.760181 0.224352 0.760181 0.219842 0.764706 0.215333 0.764706 0.206313 0.769231 0.20180399999999998 0.769231 0.189402 0.773756 0.184893 0.773756 0.180383 0.778281 0.174746 0.778281 0.165727 0.7828050000000001 0.155581 0.7828050000000001 0.137542 0.785822 0.135287
1 0.164404 0.907554 0.164404 0.913191 0.184012 0.924464 0.202112 0.924464 0.21267000000000003 0.927847 0.23378599999999997 0.927847 0.238311 0.9301009999999998 0.248869 0.9312290000000001 0.280543 0.9312290000000001 0.285068 0.933484 0.366516 0.933484 0.372549 0.9312290000000001 0.423831 0.9312290000000001 0.42835599999999996 0.933484 0.573152 0.934611 0.742081 0.933484 0.748115 0.9312290000000001 0.7828050000000001 0.9312290000000001 0.7978880000000002 0.927847 0.822021 0.926719 0.835596 0.923337 0.846154 0.9176999999999998 0.8552039999999999 0.9176999999999998 0.85822 0.915445 0.85822 0.906426 0.853695 0.903044 0.837104 0.904171 0.8250380000000002 0.909808 0.802413 0.914318 0.785822 0.914318 0.769231 0.9176999999999998 0.693816 0.9188280000000001 0.68175 0.921082 0.589744 0.921082 0.579186 0.9188280000000001 0.434389 0.9176999999999998 0.292609 0.9188280000000001 0.260935 0.9176999999999998 0.245852 0.914318 0.22775299999999998 0.914318 0.21267000000000003 0.910936 0.19457 0.910936 0.179487 0.903044 0.170437 0.903044
1 0.134238 0.925592 0.134238 0.9312290000000001 0.14178 0.936866 0.156863 0.942503 0.167421 0.949267 0.176471 0.9684329999999999 0.182504 0.972943 0.208145 0.984216 0.21568600000000002 0.989853 0.257919 0.99549 0.304676 0.996618 0.312217 0.998873 0.671192 0.998873 0.687783 0.99549 0.707391 0.99549 0.714932 0.9932359999999999 0.737557 0.9932359999999999 0.74359 0.99549 0.8174960000000001 0.99549 0.822021 0.9932359999999999 0.835596 0.992108 0.847662 0.985344 0.85822 0.976325 0.85822 0.971815 0.861237 0.96956 0.8627449999999999 0.963923 0.880845 0.949267 0.880845 0.937993 0.8763199999999999 0.934611 0.868778 0.934611 0.850679 0.949267 0.8431369999999999 0.959414 0.840121 0.9684329999999999 0.8280539999999998 0.977452 0.8099550000000001 0.9808339999999999 0.701357 0.979707 0.680241 0.9808339999999999 0.66365 0.984216 0.58371 0.986471 0.574661 0.989853 0.553544 0.986471 0.4992460000000001 0.987599 0.481146 0.990981 0.402715 0.990981 0.368024 0.984216 0.319759 0.984216 0.292609 0.9808339999999999 0.26546 0.9808339999999999 0.24735999999999997 0.977452 0.23378599999999997 0.977452 0.19607800000000003 0.960541 0.184012 0.940248 0.167421 0.928974 0.149321 0.921082 0.140271 0.921082
6 0.171946 0.013529 0.165913 0.018038 0.165913 0.025929999999999998 0.173454 0.043968 0.173454 0.055242 0.177979 0.072153 0.188537 0.093574 0.206637 0.144307 0.226244 0.18263799999999997 0.226244 0.191657 0.235294 0.206313 0.236802 0.22322399999999998 0.24434400000000003 0.236753 0.24434400000000003 0.249154 0.248869 0.255919 0.250377 0.27283 0.253394 0.276212 0.250377 0.278467 0.250377 0.284104 0.254902 0.289741 0.254902 0.29425 0.259427 0.297632 0.269985 0.297632 0.27451 0.29425 0.27451 0.284104 0.271493 0.281849 0.269985 0.258174 0.266968 0.254791 0.266968 0.2469 0.262443 0.241263 0.262443 0.227734 0.253394 0.207441 0.253394 0.197294 0.24434400000000003 0.184893 0.242836 0.169109 0.235294 0.16121800000000003 0.235294 0.156708 0.23076899999999997 0.151071 0.23076899999999997 0.146561 0.217195 0.116122 0.206637 0.08342699999999999 0.20060299999999998 0.074408 0.19758699999999998 0.05975199999999999 0.193062 0.051859999999999996 0.191554 0.034949 0.188537 0.032694 0.187029 0.021421 0.179487 0.013529
6 0.8642529999999999 0.012401 0.8567119999999999 0.012401 0.8446460000000001 0.022548 0.838612 0.034949 0.81448 0.067644 0.785822 0.125141 0.784314 0.13416 0.781297 0.136415 0.772247 0.16121800000000003 0.767722 0.18602 0.761689 0.19503900000000002 0.761689 0.204059 0.75264 0.222097 0.75264 0.22998900000000003 0.74359 0.2469 0.74359 0.255919 0.737557 0.261556 0.739065 0.273957 0.74359 0.277339 0.754148 0.277339 0.760181 0.271702 0.764706 0.248027 0.772247 0.235626 0.772247 0.227734 0.781297 0.210823 0.781297 0.200676 0.7888389999999998 0.187148 0.7888389999999998 0.174746 0.791855 0.171364 0.793363 0.16121800000000003 0.7978880000000002 0.153326 0.7978880000000002 0.146561 0.8039219999999999 0.13867 0.8114630000000002 0.118377 0.834087 0.073281 0.8446460000000001 0.060879 0.8627449999999999 0.030440000000000002 0.8702869999999999 0.023675 0.8702869999999999 0.016911
6 0.082956 0.323563 0.088989 0.32807200000000003 0.09803900000000002 0.32807200000000003 0.105581 0.32469 0.161388 0.314543 0.202112 0.314543 0.21267000000000003 0.31567100000000003 0.21568600000000002 0.317926 0.232278 0.319053 0.235294 0.321308 0.24434400000000003 0.321308 0.248869 0.317926 0.248869 0.310034 0.242836 0.305524 0.21267000000000003 0.301015 0.146305 0.301015 0.096531 0.310034 0.082956 0.317926
6 0.769231 0.295378 0.769231 0.301015 0.773756 0.304397 0.7903469999999999 0.304397 0.8280539999999998 0.297632 0.901961 0.297632 0.9185520000000001 0.302142 0.9291099999999999 0.302142 0.932127 0.299887 0.932127 0.288613 0.927602 0.285231 0.912519 0.284104 0.812971 0.284104 0.7767719999999999 0.289741