0 0.319347 0.001739 0.312354 0.034783 0.293706 0.055652 0.24242400000000003 0.076522 0.226107 0.078261 0.20512800000000003 0.086957 0.18648 0.090435 0.160839 0.106087 0.149184 0.12347800000000002 0.149184 0.126957 0.160839 0.130435 0.184149 0.151304 0.2331 0.234783 0.24242400000000003 0.276522 0.251748 0.297391 0.251748 0.311304 0.265734 0.325217 0.291375 0.363478 0.298368 0.389565 0.307692 0.4 0.305361 0.434783 0.321678 0.44 0.356643 0.443478 0.365967 0.446957 0.498834 0.446957 0.519814 0.443478 0.575758 0.441739 0.589744 0.438261 0.6433569999999998 0.436522 0.655012 0.427826 0.655012 0.328696 0.659674 0.314783 0.671329 0.302609 0.685315 0.273043 0.685315 0.24173900000000004 0.671329 0.217391 0.655012 0.203478 0.6433569999999998 0.184348 0.645688 0.161739 0.629371 0.11304299999999999 0.622378 0.102609 0.594406 0.083478 0.575758 0.08 0.571096 0.076522 0.554779 0.073043 0.531469 0.073043 0.515152 0.067826 0.494172 0.067826 0.487179 0.062609 0.48484800000000006 0.053913 0.480186 0.050435 0.4662 0.050435 0.459207 0.045217 0.44988300000000003 0.015652 0.44289 0.015652 0.440559 0.022609 0.431235 0.029564999999999998 0.424242 0.029564999999999998 0.405594 0.017391 0.37296 0.005217 0.351981 0.001739
4 0.995338 0.867826 0.967366 0.853913 0.958042 0.833043 0.918415 0.796522 0.916084 0.770435 0.892774 0.732174 0.839161 0.674783 0.724942 0.577391 0.715618 0.563478 0.715618 0.554783 0.6899770000000001 0.518261 0.680653 0.4956519999999999 0.662005 0.46956500000000007 0.655012 0.429565 0.6433569999999998 0.438261 0.589744 0.44 0.575758 0.443478 0.519814 0.445217 0.498834 0.44869600000000004 0.365967 0.44869600000000004 0.356643 0.445217 0.321678 0.441739 0.305361 0.436522 0.305361 0.457391 0.289044 0.485217 0.284382 0.50087 0.270396 0.521739 0.188811 0.624348 0.170163 0.64 0.13986 0.676522 0.107226 0.704348 0.090909 0.728696 0.06060600000000001 0.763478 0.034965 0.817391 0.037296 0.838261 0.027972 0.850435 0.030303000000000004 0.86087 0.002331 0.883478 0 0.895652 0.009324 0.907826 0.011655 0.921739 0.020978999999999998 0.930435 0.044289 0.9408699999999999 0.05128200000000001 0.9408699999999999 0.06060600000000001 0.9339129999999999 0.067599 0.9339129999999999 0.10256400000000002 0.958261 0.125874 0.966957 0.135198 0.9634779999999998 0.144522 0.951304 0.160839 0.956522 0.181818 0.9686959999999999 0.216783 0.9739130000000001 0.2331 0.9739130000000001 0.244755 0.965217 0.265734 0.965217 0.277389 0.96 0.30303 0.956522 0.32400900000000005 0.972174 0.32634 0.9808700000000001 0.337995 0.9895649999999999 0.379953 0.9913039999999999 0.389277 0.9808700000000001 0.39627 0.9808700000000001 0.403263 0.987826 0.400932 0.994783 0.405594 0.9982609999999998 0.491841 0.9982609999999998 0.522145 0.9913039999999999 0.536131 0.97913 0.564103 0.9808700000000001 0.582751 0.972174 0.622378 0.972174 0.634033 0.9826090000000001 0.664336 0.9826090000000001 0.682984 0.9913039999999999 0.701632 0.9913039999999999 0.729604 0.977391 0.769231 0.97913 0.79021 0.9634779999999998 0.7995340000000001 0.9634779999999998 0.806527 0.9686959999999999 0.832168 0.9686959999999999 0.846154 0.96 0.8624710000000001 0.96 0.88345 0.9478260000000001 0.895105 0.9460870000000001 0.911422 0.930435 0.939394 0.913043 0.951049 0.9008699999999998 0.974359 0.8991299999999999 0.993007 0.883478
5 0.151515 0.128696 0.146853 0.132174 0.144522 0.147826 0.13986 0.154783 0.125874 0.266087 0.111888 0.316522 0.086247 0.37913 0.086247 0.386087 0.072261 0.401739 0.065268 0.417391 0.048951 0.41913 0.053613 0.434783 0.04662 0.441739 0.044289 0.45913 0 0.50087 0 0.53913 0.011655 0.556522 0.030303000000000004 0.575652 0.041957999999999995 0.577391 0.048951 0.568696 0.06060600000000001 0.521739 0.067599 0.509565 0.072261 0.507826 0.086247 0.528696 0.123543 0.556522 0.151515 0.568696 0.151515 0.575652 0.13986 0.586087 0.149184 0.591304 0.191142 0.584348 0.202797 0.577391 0.207459 0.566957 0.212121 0.511304 0.20979 0.471304 0.235431 0.433043 0.237762 0.365217 0.25641 0.325217 0.25641 0.32 0.249417 0.311304 0.249417 0.297391 0.240093 0.276522 0.23076899999999997 0.234783 0.181818 0.151304 0.172494 0.14087
2 0.312354 0.001739 0.312354 0.008696 0.317016 0.012174 0.37529099999999993 0.01913 0.400932 0.029564999999999998 0.407925 0.029564999999999998 0.421911 0.038261 0.440559 0.036522 0.452214 0.024348 0.452214 0.015652 0.447552 0.012174 0.438228 0.012174 0.424242 0.02087 0.39627 0.008696 0.365967 0.001739
2 0.296037 0.053913 0.296037 0.06087 0.305361 0.069565 0.32634 0.078261 0.354312 0.083478 0.428904 0.085217 0.440559 0.083478 0.4662 0.069565 0.463869 0.057391000000000005 0.452214 0.057391000000000005 0.428904 0.069565 0.39860100000000004 0.071304 0.342657 0.066087 0.319347 0.057391000000000005 0.310023 0.050435 0.30069899999999994 0.050435
2 0.6503500000000001 0.186087 0.613054 0.17913 0.573427 0.18087 0.550117 0.189565 0.543124 0.189565 0.512821 0.210435 0.505828 0.210435 0.501166 0.206957 0.494172 0.206957 0.44289 0.189565 0.428904 0.189565 0.41958 0.186087 0.361305 0.186087 0.337995 0.189565 0.32400900000000005 0.198261 0.319347 0.198261 0.30303 0.210435 0.268065 0.24347800000000003 0.25641 0.264348 0.249417 0.269565 0.244755 0.293913 0.249417 0.297391 0.261072 0.295652 0.268065 0.285217 0.268065 0.276522 0.275058 0.271304 0.284382 0.253913 0.321678 0.21913 0.34965 0.203478 0.379953 0.198261 0.403263 0.198261 0.417249 0.203478 0.438228 0.205217 0.48484800000000006 0.22087 0.491841 0.22087 0.49650299999999997 0.22434800000000002 0.503497 0.22434800000000002 0.508159 0.22782600000000003 0.519814 0.22782600000000003 0.554779 0.203478 0.561772 0.203478 0.589744 0.193043 0.617716 0.193043 0.629371 0.198261 0.648019 0.198261
2 0.668998 0.307826 0.659674 0.302609 0.599068 0.302609 0.540793 0.283478 0.536131 0.28 0.536131 0.266087 0.526807 0.23826100000000003 0.522145 0.23304300000000003 0.519814 0.21913 0.515152 0.215652 0.505828 0.215652 0.501166 0.21913 0.501166 0.22782600000000003 0.517483 0.267826 0.519814 0.283478 0.49650299999999997 0.297391 0.48951 0.297391 0.456876 0.311304 0.447552 0.311304 0.435897 0.316522 0.379953 0.316522 0.37529099999999993 0.32 0.37529099999999993 0.346087 0.361305 0.363478 0.331002 0.377391 0.305361 0.382609 0.30069899999999994 0.386087 0.30069899999999994 0.393043 0.32634 0.394783 0.37296 0.377391 0.391608 0.358261 0.39860100000000004 0.330435 0.445221 0.330435 0.456876 0.325217 0.473193 0.323478 0.515152 0.304348 0.522145 0.304348 0.529138 0.297391 0.554779 0.304348 0.564103 0.309565 0.573427 0.309565 0.594406 0.316522 0.6666669999999999 0.316522
1 0.916084 0.793043 0.895105 0.791304 0.890443 0.794783 0.890443 0.803478 0.841492 0.84 0.8228440000000001 0.845217 0.811189 0.855652 0.811189 0.864348 0.7995340000000001 0.869565 0.722611 0.864348 0.629371 0.84 0.592075 0.84 0.573427 0.852174 0.573427 0.869565 0.582751 0.876522 0.58042 0.878261 0.505828 0.878261 0.48484800000000006 0.885217 0.452214 0.8904350000000001 0.433566 0.8904350000000001 0.41958 0.881739 0.463869 0.866087 0.463869 0.848696 0.459207 0.845217 0.447552 0.843478 0.440559 0.838261 0.433566 0.838261 0.417249 0.831304 0.340326 0.815652 0.293706 0.810435 0.212121 0.812174 0.170163 0.827826 0.142191 0.846957 0.146853 0.86087 0.144522 0.864348 0.11655 0.869565 0.095571 0.864348 0.05128200000000001 0.834783 0.037296 0.815652 0.027972 0.815652 0.02331 0.81913 0.02331 0.829565 0.034965 0.845217 0.081585 0.876522 0.107226 0.883478 0.125874 0.883478 0.146853 0.878261 0.158508 0.878261 0.165501 0.873043 0.16317 0.852174 0.17948700000000004 0.841739 0.214452 0.827826 0.23076899999999997 0.824348 0.284382 0.824348 0.342657 0.831304 0.407925 0.845217 0.417249 0.850435 0.438228 0.855652 0.438228 0.85913 0.412587 0.866087 0.39627 0.874783 0.39627 0.886957 0.400932 0.892174 0.424242 0.9043479999999999 0.46153799999999995 0.9043479999999999 0.503497 0.8973909999999999 0.519814 0.8904350000000001 0.559441 0.8904350000000001 0.578089 0.893913 0.582751 0.8973909999999999 0.655012 0.8973909999999999 0.668998 0.888696 0.668998 0.88 0.655012 0.871304 0.641026 0.867826 0.599068 0.864348 0.592075 0.86087 0.608392 0.852174 0.7132869999999999 0.878261 0.7762239999999999 0.883478 0.818182 0.881739 0.829837 0.874783 0.832168 0.86087 0.8554779999999998 0.852174 0.911422 0.810435 0.916084 0.803478
1 0.020978999999999998 0.869565 0.034965 0.883478 0.053613 0.8904350000000001 0.053613 0.907826 0.074592 0.921739 0.086247 0.923478 0.10256400000000002 0.932174 0.132867 0.9391300000000001 0.202797 0.944348 0.228438 0.9408699999999999 0.2331 0.937391 0.2331 0.928696 0.207459 0.916522 0.19347299999999998 0.9060869999999999 0.188811 0.8991299999999999 0.188811 0.883478 0.195804 0.878261 0.195804 0.874783 0.214452 0.864348 0.237762 0.85913 0.272727 0.866087 0.291375 0.874783 0.305361 0.8904350000000001 0.328671 0.893913 0.331002 0.9060869999999999 0.337995 0.9113040000000001 0.393939 0.9113040000000001 0.414918 0.916522 0.41958 0.921739 0.41025600000000007 0.926957 0.340326 0.925217 0.331002 0.932174 0.331002 0.944348 0.337995 0.951304 0.356643 0.958261 0.407925 0.965217 0.505828 0.9634779999999998 0.522145 0.958261 0.545455 0.9408699999999999 0.561772 0.937391 0.587413 0.937391 0.615385 0.930435 0.6270399999999999 0.930435 0.6666669999999999 0.914783 0.7062939999999999 0.9043479999999999 0.757576 0.8973909999999999 0.7762239999999999 0.902609 0.7599070000000001 0.913043 0.715618 0.925217 0.69697 0.925217 0.685315 0.930435 0.678322 0.930435 0.652681 0.9460870000000001 0.652681 0.954783 0.664336 0.9617389999999999 0.703963 0.9634779999999998 0.715618 0.96 0.741259 0.958261 0.769231 0.949565 0.794872 0.937391 0.801865 0.937391 0.820513 0.930435 0.832168 0.930435 0.843823 0.925217 0.874126 0.923478 0.8857809999999999 0.916522 0.897436 0.8904350000000001 0.909091 0.8904350000000001 0.916084 0.885217 0.927739 0.883478 0.958042 0.871304 0.9720280000000001 0.862609 0.9720280000000001 0.852174 0.95338 0.848696 0.944056 0.85913 0.897436 0.876522 0.88345 0.878261 0.876457 0.883478 0.871795 0.8991299999999999 0.8624710000000001 0.909565 0.804196 0.9182610000000001 0.778555 0.926957 0.773893 0.925217 0.794872 0.909565 0.794872 0.893913 0.785548 0.886957 0.7762239999999999 0.885217 0.724942 0.885217 0.668998 0.8973909999999999 0.613054 0.9182610000000001 0.529138 0.928696 0.515152 0.942609 0.49650299999999997 0.949565 0.482517 0.951304 0.417249 0.951304 0.365967 0.944348 0.361305 0.9408699999999999 0.363636 0.9391300000000001 0.41958 0.9408699999999999 0.428904 0.937391 0.438228 0.930435 0.438228 0.9113040000000001 0.428904 0.9043479999999999 0.403263 0.8973909999999999 0.356643 0.8973909999999999 0.354312 0.885217 0.34965 0.881739 0.321678 0.88 0.305361 0.862609 0.282051 0.852174 0.249417 0.845217 0.228438 0.845217 0.195804 0.853913 0.172494 0.873043 0.170163 0.9060869999999999 0.177156 0.916522 0.191142 0.926957 0.188811 0.928696 0.130536 0.923478 0.08391599999999999 0.907826 0.072261 0.9008699999999998 0.072261 0.883478 0.06060600000000001 0.874783 0.048951 0.871304 0.034965 0.857391 0.025641000000000004 0.857391 0.020978999999999998 0.86087
1 0.997669 0.871304 0.95338 0.895652 0.941725 0.8973909999999999 0.920746 0.9182610000000001 0.9020980000000001 0.925217 0.8554779999999998 0.953043 0.841492 0.958261 0.792541 0.954783 0.778555 0.9634779999999998 0.722611 0.970435 0.7132869999999999 0.977391 0.6503500000000001 0.977391 0.624709 0.9617389999999999 0.594406 0.9617389999999999 0.571096 0.970435 0.561772 0.970435 0.554779 0.9756520000000001 0.524476 0.9739130000000001 0.51049 0.984348 0.468531 0.9895649999999999 0.421911 0.9895649999999999 0.393939 0.972174 0.384615 0.972174 0.37296 0.97913 0.34965 0.9826090000000001 0.333333 0.965217 0.314685 0.951304 0.272727 0.951304 0.258741 0.958261 0.247086 0.96 0.20512800000000003 0.96 0.16783199999999998 0.949565 0.158508 0.944348 0.13986 0.944348 0.128205 0.953043 0.12121200000000001 0.953043 0.090909 0.942609 0.067599 0.925217 0.048951 0.925217 0.044289 0.928696 0.018648 0.914783 0.018648 0.888696 0.013986 0.885217 0.004662 0.885217 0 0.888696 0 0.921739 0.011655 0.932174 0.02331 0.935652 0.030303000000000004 0.942609 0.06060600000000001 0.9408699999999999 0.076923 0.954783 0.114219 0.966957 0.13986 0.966957 0.149184 0.96 0.188811 0.972174 0.261072 0.972174 0.272727 0.970435 0.282051 0.965217 0.30069899999999994 0.965217 0.312354 0.970435 0.32634 0.987826 0.344988 0.9982609999999998 0.370629 0.9965219999999999 0.389277 0.9895649999999999 0.403263 0.9982609999999998 0.522145 0.9982609999999998 0.531469 0.9895649999999999 0.564103 0.9895649999999999 0.571096 0.984348 0.58042 0.984348 0.6107230000000001 0.9739130000000001 0.641026 0.9913039999999999 0.727273 0.9913039999999999 0.736597 0.984348 0.787879 0.977391 0.797203 0.970435 0.8554779999999998 0.970435 0.864802 0.966957 0.911422 0.9391300000000001 0.918415 0.9391300000000001 0.93007 0.932174 0.955711 0.909565 0.962704 0.909565 0.983683 0.8973909999999999 0.9883449999999999 0.8973909999999999 0.997669 0.8904350000000001
6 0.149184 0.12173900000000001 0.144522 0.125217 0.144522 0.132174 0.160839 0.14087 0.191142 0.173913 0.191142 0.18087 0.200466 0.198261 0.20512800000000003 0.201739 0.216783 0.23826100000000003 0.216783 0.248696 0.221445 0.252174 0.226107 0.271304 0.23076899999999997 0.274783 0.235431 0.292174 0.244755 0.307826 0.244755 0.314783 0.261072 0.316522 0.261072 0.29913 0.251748 0.283478 0.251748 0.274783 0.235431 0.24 0.223776 0.194783 0.20979 0.173913 0.207459 0.161739 0.200466 0.156522 0.198135 0.149565 0.160839 0.12173900000000001