0 0.242967 0.073826 0.240409 0.083893 0.248082 0.100671 0.250639 0.134228 0.255754 0.147651 0.263427 0.238255 0.26087 0.355705 0.245524 0.419463 0.250639 0.43288599999999994 0.253197 0.479866 0.2711 0.550336 0.278772 0.630872 0.29156 0.677852 0.289003 0.704698 0.296675 0.731544 0.294118 0.758389 0.299233 0.768456 0.30179 0.838926 0.296675 0.845638 0.299233 0.872483 0.258312 0.899329 0.250639 0.909396 0.263427 0.932886 0.265985 0.9463089999999998 0.29156 0.979866 0.299233 0.979866 0.306905 0.9697989999999999 0.31202 0.9697989999999999 0.327366 0.983221 0.355499 0.983221 0.37084399999999995 0.9932889999999999 0.40409200000000006 0.9932889999999999 0.41688 0.983221 0.455243 0.989933 0.462916 0.983221 0.493606 0.983221 0.506394 0.97651 0.524297 0.97651 0.539642 0.983221 0.547315 0.9697989999999999 0.560102 0.966443 0.578005 0.973154 0.58312 0.986577 0.59335 0.983221 0.601023 0.989933 0.613811 0.989933 0.629156 0.97651 0.664962 0.97651 0.6803070000000001 0.959732 0.726343 0.956376 0.7416879999999999 0.942953 0.744246 0.919463 0.705882 0.8859059999999999 0.690537 0.8657719999999999 0.68798 0.815436 0.695652 0.768456 0.6930950000000001 0.738255 0.716113 0.630872 0.716113 0.583893 0.746803 0.439597 0.7416879999999999 0.395973 0.723785 0.338926 0.723785 0.278523 0.7289000000000001 0.238255 0.7416879999999999 0.191275 0.746803 0.130872 0.7570329999999998 0.090604 0.726343 0.080537 0.677749 0.04698 0.654731 0.036913 0.641944 0.036913 0.621483 0.006711 0.616368 0.006711 0.606138 0.020134 0.608696 0.043624 0.595908 0.060403000000000005 0.598465 0.09396 0.59335 0.100671 0.595908 0.11744999999999998 0.588235 0.134228 0.590793 0.144295 0.585678 0.154362 0.58312 0.201342 0.598465 0.208054 0.601023 0.214765 0.585678 0.231544 0.567775 0.231544 0.534527 0.251678 0.526854 0.251678 0.496164 0.278523 0.480818 0.278523 0.45268499999999995 0.265101 0.439898 0.255034 0.432225 0.24161100000000002 0.41688 0.238255 0.396419 0.224832 0.401535 0.204698 0.401535 0.157718 0.39386200000000005 0.147651 0.391304 0.130872 0.398977 0.107383 0.39386200000000005 0.097315 0.39386200000000005 0.067114 0.378517 0.030201 0.38363200000000003 0.013423 0.38107399999999997 0.0033560000000000005 0.355499 0.020134 0.342711 0.036913 0.309463 0.057046999999999994 0.30179 0.057046999999999994 0.296675 0.063758 0.265985 0.067114 0.248082 0.080537
5 0.782609 0.073826 0.774936 0.083893 0.772379 0.080537 0.769821 0.087248 0.7570329999999998 0.090604 0.744246 0.191275 0.731458 0.238255 0.726343 0.278523 0.726343 0.338926 0.744246 0.395973 0.749361 0.43288599999999994 0.7544759999999999 0.422819 0.767263 0.466443 0.782609 0.486577 0.813299 0.486577 0.826087 0.5 0.8286449999999999 0.600671 0.8363169999999999 0.600671 0.8695649999999999 0.573826 0.887468 0.540268 0.8951410000000001 0.536913 0.910486 0.54698 0.925831 0.52349 0.933504 0.5 0.946292 0.486577 0.959079 0.49328900000000003 0.971867 0.47651 0.974425 0.4630870000000001 0.992327 0.44630899999999996 0.9974419999999999 0.43288599999999994 0.992327 0.422819 0.953964 0.422819 0.933504 0.402685 0.933504 0.385906 0.9488490000000002 0.345638 0.946292 0.302013 0.925831 0.24161100000000002 0.918159 0.204698 0.872123 0.124161 0.8363169999999999 0.100671 0.826087 0.087248 0.8005120000000001 0.073826
5 0.227621 0.053691 0.18925800000000004 0.057046999999999994 0.163683 0.073826 0.12020499999999999 0.11744999999999998 0.112532 0.134228 0.074169 0.184564 0.058824 0.265101 0.035806 0.318792 0.043478 0.35906 0.061381 0.38255 0.069054 0.402685 0.061381 0.409396 0.061381 0.395973 0.053708 0.412752 0.023018 0.412752 0 0.42953 0 0.449664 0.017903 0.48322100000000007 0.030691 0.479866 0.053708 0.516779 0.066496 0.526846 0.076726 0.526846 0.092072 0.54698 0.099744 0.543624 0.12532 0.573826 0.143223 0.573826 0.153453 0.587248 0.161125 0.587248 0.158568 0.510067 0.173913 0.486577 0.176471 0.49328900000000003 0.17902800000000002 0.489933 0.173913 0.486577 0.176471 0.48322100000000007 0.20204600000000003 0.486577 0.232737 0.439597 0.230179 0.43624199999999996 0.245524 0.426174 0.242967 0.419463 0.258312 0.355705 0.26087 0.238255 0.253197 0.147651 0.248082 0.134228 0.245524 0.100671 0.240409 0.090604 0.242967 0.07047
7 0.248082 0.909396 0.255754 0.932886 0.289003 0.983221 0.30179 0.983221 0.30179 0.9697989999999999 0.294118 0.959732 0.296675 0.95302 0.327366 0.9932889999999999 0.36061399999999993 0.989933 0.365729 0.996644 0.414322 0.996644 0.419437 0.989933 0.42711 0.989933 0.432225 0.996644 0.465473 0.996644 0.47826099999999994 0.983221 0.496164 0.989933 0.539642 0.989933 0.554987 0.973154 0.578005 0.989933 0.613811 0.9932889999999999 0.626598 0.989933 0.634271 0.979866 0.664962 0.983221 0.685422 0.959732 0.723785 0.956376 0.744246 0.939597 0.751918 0.9261740000000002 0.751918 0.916107 0.744246 0.9127519999999999 0.71867 0.942953 0.703325 0.9463089999999998 0.700767 0.936242 0.6930950000000001 0.936242 0.670077 0.95302 0.657289 0.9697989999999999 0.629156 0.966443 0.616368 0.979866 0.585678 0.97651 0.567775 0.966443 0.565217 0.959732 0.544757 0.963087 0.531969 0.979866 0.473146 0.9697989999999999 0.460358 0.983221 0.411765 0.97651 0.396419 0.989933 0.386189 0.989933 0.36061399999999993 0.973154 0.33503799999999995 0.979866 0.322251 0.966443 0.309463 0.942953 0.28133 0.942953 0.255754 0.90604
2 0.378517 0.006711 0.375959 0.033557 0.388747 0.063758 0.388747 0.104027 0.39386200000000005 0.107383 0.388747 0.144295 0.398977 0.167785 0.39386200000000005 0.197987 0.39386200000000005 0.22818799999999997 0.398977 0.23489900000000002 0.434783 0.258389 0.44245499999999993 0.258389 0.483376 0.288591 0.49872099999999997 0.291946 0.544757 0.255034 0.606138 0.22818799999999997 0.606138 0.21812099999999998 0.588235 0.194631 0.59335 0.181208 0.590793 0.147651 0.598465 0.134228 0.598465 0.11409399999999999 0.606138 0.104027 0.601023 0.063758 0.611253 0.050336 0.611253 0.026846 0.616368 0.016779 0.621483 0.016779 0.621483 0.0033560000000000005 0.606138 0.006711 0.601023 0.016779 0.601023 0.040268 0.590793 0.060403000000000005 0.59335 0.097315 0.590793 0.120805 0.580563 0.144295 0.58312 0.174497 0.578005 0.184564 0.578005 0.201342 0.590793 0.221477 0.539642 0.24161100000000002 0.496164 0.275168 0.480818 0.271812 0.462916 0.255034 0.45268499999999995 0.251678 0.450128 0.24496599999999996 0.44245499999999993 0.24496599999999996 0.40409200000000006 0.21812099999999998 0.409207 0.184564 0.409207 0.161074 0.401535 0.144295 0.40409200000000006 0.100671 0.396419 0.090604 0.398977 0.063758 0.396419 0.043624 0.386189 0.026846 0.386189 0.0033560000000000005
2 0.342711 0.036913 0.347826 0.097315 0.352941 0.107383 0.363171 0.187919 0.363171 0.211409 0.419437 0.248322 0.470588 0.268456 0.49872099999999997 0.291946 0.514066 0.285235 0.554987 0.251678 0.618926 0.22818799999999997 0.621483 0.197987 0.626598 0.187919 0.631714 0.154362 0.631714 0.11744999999999998 0.647059 0.050336 0.647059 0.033557 0.636829 0.036913 0.636829 0.04698 0.629156 0.063758 0.621483 0.151007 0.608696 0.214765 0.549872 0.238255 0.519182 0.258389 0.503836 0.275168 0.4680309999999999 0.251678 0.40409200000000006 0.224832 0.373402 0.201342 0.36061399999999993 0.11744999999999998 0.352941 0.033557
2 0.296675 0.85906 0.299233 0.872483 0.38363200000000003 0.8892619999999999 0.58312 0.892617 0.675192 0.88255 0.6930950000000001 0.875839 0.690537 0.85906 0.670077 0.8691279999999999 0.631714 0.875839 0.544757 0.88255 0.411765 0.8791950000000001 0.327366 0.8657719999999999 0.304348 0.855705
6 0.242967 0.077181 0.240409 0.104027 0.250639 0.154362 0.255754 0.211409 0.253197 0.379195 0.242967 0.422819 0.255754 0.426174 0.263427 0.365772 0.265985 0.21812099999999998 0.26087 0.194631 0.258312 0.130872 0.250639 0.104027 0.250639 0.080537
6 0.066496 0.399329 0.066496 0.40604 0.09462900000000002 0.422819 0.130435 0.45637599999999995 0.158568 0.496644 0.173913 0.496644 0.168798 0.47651 0.163683 0.47651 0.153453 0.459732 0.148338 0.459732 0.107417 0.416107 0.076726 0.395973
6 0.7621479999999999 0.09396 0.751918 0.100671 0.73913 0.144295 0.736573 0.204698 0.7289000000000001 0.231544 0.723785 0.288591 0.726343 0.375839 0.744246 0.43288599999999994 0.7544759999999999 0.43288599999999994 0.7544759999999999 0.416107 0.736573 0.365772 0.734015 0.281879 0.73913 0.238255 0.746803 0.211409 0.749361 0.151007 0.7621479999999999 0.11409399999999999
6 0.933504 0.392617 0.918159 0.389262 0.879795 0.409396 0.83376 0.45637599999999995 0.815857 0.479866 0.815857 0.486577 0.8235290000000001 0.489933 0.867008 0.439597 0.907928 0.409396 0.933504 0.399329