3 0.501931 0 0.501931 0.312195 0.511583 0.317073 0.519305 0.324878 0.525097 0.34439 0.523166 0.352195 0.513514 0.361951 0.503861 0.379512 0.501931 0.417561 0.501931 0.974634 0.505792 0.97561 0.53668 0.973659 0.546332 0.96878 0.579151 0.971707 0.594595 0.96878 0.600386 0.969756 0.608108 0.97561 0.610039 0.989268 0.61583 0.99122 0.625483 0.99122 0.629344 0.993171 0.640927 0.992195 0.65444 0.996098 0.696911 0.995122 0.698842 0.997073 0.714286 0.998049 0.758687 0.998049 0.77027 0.994146 0.789575 0.994146 0.799228 0.99122 0.820463 0.995122 0.830116 0.992195 0.849421 0.990244 0.866795 0.990244 0.878378 0.992195 0.882239 0.989268 0.903475 0.99122 0.930502 0.989268 0.936293 0.986341 0.945946 0.985366 0.976834 0.977561 0.996139 0.963902 0.996139 0.939512 0.992278 0.931707 0.986486 0.875122 0.978764 0.842927 0.96139 0.799024 0.96139 0.788293 0.945946 0.754146 0.926641 0.732683 0.92278 0.722927 0.911197 0.667317 0.888031 0.592195 0.882239 0.549268 0.870656 0.526829 0.868726 0.509268 0.861004 0.49561 0.857143 0.467317 0.851351 0.456585 0.837838 0.412683 0.830116 0.364878 0.824324 0.356098 0.822394 0.346341 0.812741 0.336585 0.814672 0.266341 0.810811 0.246829 0.80888 0.205854 0.789575 0.141463 0.776062 0.115122 0.754826 0.084878 0.73166 0.057561 0.708494 0.037073 0.702703 0.013659 0.694981 0.004878 0.681467 0.001951 0.660232 0 0.65444 0.001951 0.646718 0 0.635135 0.001951
3 0.505792 0 0.34749 0.000976 0.326255 0.001951 0.312741 0.006829 0.301158 0.036098 0.274131 0.061463 0.262548 0.079024 0.239382 0.102439 0.206564 0.159024 0.189189 0.223415 0.189189 0.276098 0.185328 0.281951 0.183398 0.356098 0.173745 0.371707 0.169884 0.4 0.160232 0.422439 0.160232 0.432195 0.148649 0.476098 0.144788 0.512195 0.121622 0.560976 0.111969 0.612683 0.104247 0.629268 0.102317 0.64878 0.090734 0.681951 0.084942 0.713171 0.079151 0.717073 0.063707 0.736585 0.03668 0.801951 0.032819 0.826341 0.007722 0.898537 0 0.941463 0 0.952195 0.011583 0.956098 0.023166 0.955122 0.03861 0.957073 0.048263 0.96 0.07529 0.96 0.090734 0.962927 0.096525 0.965854 0.100386 0.982439 0.104247 0.986341 0.119691 0.990244 0.121622 0.989268 0.133205 0.992195 0.140927 0.992195 0.144788 0.994146 0.158301 0.993171 0.179537 0.995122 0.24903500000000003 0.995122 0.264479 0.994146 0.27027 0.992195 0.281853 0.995122 0.341699 0.994146 0.34749 0.992195 0.378378 0.992195 0.38417 0.990244 0.399614 0.989268 0.403475 0.987317 0.420849 0.987317 0.430502 0.983415 0.444015 0.980488 0.451737 0.980488 0.459459 0.976585 0.471042 0.974634 0.505792 0.974634 0.505792 0.389268 0.501931 0.383415 0.501931 0.325854 0.505792 0.320976
7 0.714286 0.03122 0.706564 0.028293 0.65251 0.028293 0.646718 0.030244 0.546332 0.030244 0.53668 0.032195 0.388031 0.032195 0.378378 0.030244 0.30888 0.030244 0.301158 0.033171 0.299228 0.04 0.305019 0.043902 0.362934 0.043902 0.370656 0.045854 0.554054 0.045854 0.561776 0.043902 0.675676 0.042927 0.681467 0.045854 0.700772 0.045854 0.708494 0.043902 0.714286 0.04
7 0.316602 0.003902 0.316602 0.00878 0.322394 0.012683 0.343629 0.012683 0.34749 0.010732 0.658301 0.010732 0.666023 0.01561 0.683398 0.01561 0.700772 0.010732 0.700772 0 0.322394 0
1 0 0.942439 0 0.955122 0.005792 0.955122 0.015444 0.958049 0.040541 0.958049 0.046332 0.96 0.065637 0.96 0.07722 0.961951 0.081081 0.977561 0.092664 0.98439 0.096525 0.989268 0.102317 0.992195 0.108108 0.992195 0.129344 0.998049 0.297297 0.999024 0.372587 0.997073 0.378378 0.995122 0.399614 0.995122 0.403475 0.993171 0.445946 0.990244 0.480695 0.981463 0.49806899999999993 0.980488 0.501931 0.976585 0.501931 0.967805 0.494208 0.964878 0.471042 0.965854 0.46139 0.969756 0.451737 0.970732 0.430502 0.976585 0.405405 0.977561 0.38417 0.981463 0.34556 0.982439 0.339768 0.98439 0.285714 0.98439 0.279923 0.986341 0.181467 0.986341 0.175676 0.98439 0.144788 0.98439 0.119691 0.977561 0.108108 0.969756 0.106178 0.954146 0.094595 0.948293 0.079151 0.946341 0.061776 0.946341 0.054054 0.94439 0.030888 0.94439 0.019305 0.941463
7 0.932432 0.740488 0.92471 0.737561 0.907336 0.737561 0.870656 0.74439 0.849421 0.74439 0.843629 0.746341 0.832046 0.746341 0.822394 0.749268 0.785714 0.75122 0.743243 0.756098 0.648649 0.756098 0.640927 0.754146 0.617761 0.753171 0.611969 0.75122 0.581081 0.75122 0.534749 0.748293 0.521236 0.74439 0.507722 0.745366 0.501931 0.749268 0.501931 0.754146 0.509653 0.76 0.525097 0.762927 0.555985 0.764878 0.598456 0.764878 0.608108 0.767805 0.627413 0.767805 0.633205 0.769756 0.760618 0.769756 0.766409 0.767805 0.818533 0.764878 0.826255 0.762927 0.835907 0.762927 0.84556 0.76 0.857143 0.76 0.862934 0.758049 0.8861 0.758049 0.909266 0.753171 0.920849 0.753171 0.932432 0.749268
7 0.069498 0.72878 0.069498 0.733659 0.07529 0.737561 0.111969 0.739512 0.127413 0.742439 0.131274 0.74439 0.135135 0.752195 0.144788 0.758049 0.164093 0.762927 0.179537 0.762927 0.187259 0.764878 0.418919 0.764878 0.42471 0.762927 0.447876 0.761951 0.467181 0.758049 0.492278 0.758049 0.505792 0.752195 0.505792 0.743415 0.49806899999999993 0.740488 0.484556 0.740488 0.472973 0.74439 0.453668 0.74439 0.447876 0.746341 0.409266 0.749268 0.403475 0.75122 0.204633 0.75122 0.169884 0.747317 0.162162 0.74439 0.160232 0.73561 0.15444 0.731707 0.125483 0.725854 0.104247 0.723902 0.079151 0.723902
7 0.882239 0.53561 0.874517 0.532683 0.861004 0.532683 0.84749 0.537561 0.816602 0.541463 0.80888 0.54439 0.789575 0.54439 0.777992 0.547317 0.760618 0.547317 0.749035 0.550244 0.698842 0.550244 0.69112 0.552195 0.604247 0.552195 0.557915 0.549268 0.528958 0.54439 0.507722 0.54439 0.5 0.547317 0.49806899999999993 0.554146 0.503861 0.558049 0.513514 0.558049 0.540541 0.562927 0.594595 0.566829 0.700772 0.566829 0.708494 0.564878 0.758687 0.564878 0.774131 0.560976 0.793436 0.560976 0.803089 0.558049 0.824324 0.558049 0.828185 0.556098 0.841699 0.555122 0.853282 0.55122 0.864865 0.55122 0.882239 0.545366
7 0.131274 0.533659 0.131274 0.538537 0.138996 0.543415 0.177606 0.550244 0.19112 0.559024 0.23166 0.567805 0.272201 0.567805 0.277992 0.569756 0.330116 0.569756 0.337838 0.567805 0.388031 0.566829 0.395753 0.564878 0.418919 0.564878 0.436293 0.560976 0.449807 0.560976 0.457529 0.558049 0.5 0.558049 0.507722 0.556098 0.513514 0.552195 0.513514 0.545366 0.507722 0.541463 0.488417 0.540488 0.469112 0.54439 0.444015 0.54439 0.434363 0.547317 0.42278 0.547317 0.409266 0.550244 0.3861 0.550244 0.378378 0.552195 0.359073 0.552195 0.349421 0.554146 0.322394 0.554146 0.312741 0.556098 0.293436 0.556098 0.285714 0.554146 0.252896 0.554146 0.22973 0.55122 0.214286 0.547317 0.194981 0.537561 0.162162 0.530732 0.140927 0.52878
7 0.826255 0.353171 0.818533 0.350244 0.791506 0.350244 0.783784 0.353171 0.777992 0.359024 0.762548 0.363902 0.737452 0.363902 0.702703 0.370732 0.669884 0.370732 0.642857 0.373659 0.557915 0.372683 0.546332 0.370732 0.511583 0.370732 0.503861 0.373659 0.501931 0.380488 0.507722 0.38439 0.530888 0.38439 0.53861 0.386341 0.586873 0.388293 0.65251 0.388293 0.662162 0.386341 0.677606 0.386341 0.683398 0.38439 0.718147 0.38439 0.754826 0.377561 0.776062 0.377561 0.814672 0.367805 0.826255 0.361951
7 0.177606 0.361951 0.177606 0.366829 0.185328 0.371707 0.208494 0.374634 0.235521 0.38439 0.250965 0.38439 0.260618 0.387317 0.285714 0.389268 0.291506 0.39122 0.324324 0.393171 0.405405 0.393171 0.413127 0.39122 0.453668 0.39122 0.459459 0.389268 0.496139 0.388293 0.505792 0.386341 0.513514 0.380488 0.513514 0.37561 0.503861 0.370732 0.490347 0.370732 0.484556 0.372683 0.465251 0.373659 0.459459 0.37561 0.445946 0.37561 0.438224 0.377561 0.333977 0.378537 0.30695 0.377561 0.297297 0.374634 0.277992 0.373659 0.264479 0.370732 0.252896 0.370732 0.22973 0.362927 0.198842 0.357073 0.187259 0.357073
1 0.998069 0.954146 0.982625 0.955122 0.96332 0.965854 0.932432 0.977561 0.918919 0.977561 0.899614 0.981463 0.832046 0.982439 0.826255 0.98439 0.783784 0.98439 0.776062 0.986341 0.648649 0.987317 0.638996 0.98439 0.635135 0.979512 0.635135 0.972683 0.619691 0.964878 0.611969 0.964878 0.606178 0.962927 0.503861 0.960976 0.496139 0.963902 0.494208 0.970732 0.503861 0.97561 0.592664 0.976585 0.596525 0.978537 0.602317 0.978537 0.606178 0.980488 0.606178 0.988293 0.611969 0.995122 0.623552 0.999024 0.795367 0.999024 0.872587 0.997073 0.878378 0.995122 0.915058 0.995122 0.918919 0.993171 0.944015 0.992195 0.957529 0.988293 0.982625 0.978537 0.994208 0.971707 0.998069 0.971707