0 0.235443 0.024444 0.227848 0.031111 0.23038 0.042222 0.240506 0.053333 0.255696 0.084444 0.273418 0.097778 0.286076 0.113333 0.293671 0.14 0.306329 0.15555600000000003 0.308861 0.184444 0.318987 0.204444 0.318987 0.233333 0.311392 0.242222 0.301266 0.32 0.311392 0.3422220000000001 0.311392 0.351111 0.326582 0.375556 0.33417699999999995 0.395556 0.33417699999999995 0.406667 0.341772 0.417778 0.349367 0.442222 0.34683500000000006 0.517778 0.329114 0.573333 0.318987 0.588889 0.288608 0.662222 0.286076 0.6844440000000002 0.281013 0.691111 0.281013 0.706667 0.270886 0.742222 0.265823 0.748889 0.260759 0.788889 0.265823 0.82 0.283544 0.842222 0.306329 0.851111 0.313924 0.851111 0.321519 0.844444 0.389873 0.846667 0.412658 0.862222 0.483544 0.8733330000000001 0.526582 0.8733330000000001 0.56962 0.864444 0.579747 0.855556 0.648101 0.857778 0.678481 0.868889 0.688608 0.868889 0.693671 0.864444 0.7518990000000001 0.864444 0.759494 0.851111 0.7721519999999998 0.857778 0.810127 0.855556 0.81519 0.86 0.865823 0.842222 0.8784809999999998 0.842222 0.8759489999999999 0.813333 0.840506 0.784444 0.868354 0.784444 0.868354 0.771111 0.848101 0.746667 0.81519 0.693333 0.820253 0.688889 0.840506 0.686667 0.840506 0.662222 0.820253 0.62 0.817722 0.606667 0.7974679999999998 0.571111 0.779747 0.52 0.779747 0.511111 0.759494 0.466667 0.7493669999999999 0.40222199999999997 0.741772 0.388889 0.741772 0.335556 0.7468349999999999 0.324444 0.756962 0.315556 0.779747 0.26 0.7721519999999998 0.211111 0.767089 0.204444 0.76962 0.195556 0.75443 0.168889 0.721519 0.144444 0.713924 0.11555599999999999 0.696203 0.08888900000000001 0.686076 0.055556 0.650633 0.02 0.6 0.015556 0.579747 0.006667 0.577215 0.008889 0.589873 0.066667 0.607595 0.082222 0.612658 0.1 0.632911 0.126667 0.632911 0.14 0.648101 0.162222 0.64557 0.173333 0.622785 0.188889 0.612658 0.208889 0.6 0.22 0.582278 0.22 0.551899 0.204444 0.541772 0.195556 0.511392 0.182222 0.422785 0.164444 0.4 0.142222 0.39746799999999993 0.131111 0.382278 0.11555599999999999 0.374684 0.093333 0.35443 0.066667 0.35443 0.051111 0.349367 0.04 0.311392 0.002222 0.293671 0.002222 0.253165 0.024444
5 0.311392 0.175556 0.293671 0.2 0.243038 0.217778 0.225316 0.23111099999999998 0.187342 0.251111 0.15443 0.251111 0.144304 0.255556 0.126582 0.273333 0.126582 0.282222 0.149367 0.308889 0.146835 0.344444 0.134177 0.371111 0.10632899999999999 0.502222 0.081013 0.562222 0.063291 0.631111 0.053165 0.644444 0.053165 0.655556 0.010127 0.742222 0 0.784444 0.005063 0.826667 0.022785000000000003 0.848889 0.032911 0.875556 0.053165 0.9 0.063291 0.902222 0.081013 0.92 0.078481 0.928889 0.063291 0.9377779999999999 0.043038 0.96 0.040506 0.977778 0.055695999999999996 0.988889 0.086076 0.988889 0.093671 0.995556 0.2 0.995556 0.24557 0.982222 0.253165 0.973333 0.253165 0.966667 0.21519 0.9244439999999999 0.227848 0.915556 0.235443 0.915556 0.273418 0.8866670000000001 0.278481 0.8866670000000001 0.293671 0.868889 0.321519 0.844444 0.326582 0.844444 0.344304 0.811111 0.34683500000000006 0.791111 0.329114 0.715556 0.32405100000000003 0.706667 0.321519 0.677778 0.306329 0.631111 0.306329 0.6111109999999998 0.298734 0.586667 0.298734 0.555556 0.293671 0.535556 0.293671 0.515556 0.298734 0.497778 0.298734 0.311111 0.308861 0.242222 0.316456 0.233333 0.316456 0.204444 0.308861 0.188889
2 0.303797 0.002222 0.306329 0.013333 0.329114 0.037778 0.341772 0.066667 0.349367 0.073333 0.3645570000000001 0.104444 0.377215 0.117778 0.394937 0.162222 0.4 0.166667 0.43038 0.168889 0.475949 0.18 0.551899 0.22 0.564557 0.222222 0.587342 0.233333 0.597468 0.233333 0.627848 0.197778 0.658228 0.17111100000000004 0.650633 0.148889 0.620253 0.1 0.597468 0.051111 0.589873 0.013333 0.58481 0.008889 0.579747 0.008889 0.572152 0.015556 0.582278 0.055556 0.605063 0.104444 0.637975 0.16 0.637975 0.166667 0.602532 0.202222 0.597468 0.213333 0.592405 0.217778 0.58481 0.217778 0.574684 0.211111 0.551899 0.204444 0.544304 0.197778 0.481013 0.166667 0.460759 0.164444 0.455696 0.16 0.412658 0.15555600000000003 0.407595 0.151111 0.40253199999999995 0.131111 0.389873 0.108889 0.382278 0.102222 0.374684 0.084444 0.35443 0.055556 0.34683500000000006 0.035556 0.316456 0
2 0.7291140000000002 0.15555600000000003 0.7240509999999999 0.151111 0.683544 0.151111 0.655696 0.157778 0.627848 0.173333 0.582278 0.22 0.529114 0.195556 0.49620300000000006 0.184444 0.483544 0.184444 0.460759 0.17777800000000002 0.44557 0.168889 0.422785 0.162222 0.3518990000000001 0.162222 0.313924 0.175556 0.308861 0.18 0.308861 0.186667 0.321519 0.188889 0.35443 0.175556 0.372152 0.173333 0.417722 0.175556 0.44050600000000006 0.182222 0.455696 0.191111 0.483544 0.195556 0.524051 0.208889 0.534177 0.21555599999999997 0.544304 0.21555599999999997 0.577215 0.235556 0.589873 0.235556 0.6 0.226667 0.605063 0.21555599999999997 0.637975 0.184444 0.6683539999999999 0.168889 0.698734 0.162222 0.726582 0.162222
2 0.744304 0.168889 0.734177 0.164444 0.7240509999999999 0.17111100000000004 0.703797 0.173333 0.673418 0.186667 0.650633 0.204444 0.620253 0.237778 0.605063 0.264444 0.56962 0.24 0.544304 0.23111099999999998 0.521519 0.217778 0.511392 0.217778 0.498734 0.211111 0.407595 0.191111 0.382278 0.191111 0.349367 0.2 0.32405100000000003 0.211111 0.311392 0.222222 0.311392 0.226667 0.316456 0.23111099999999998 0.32405100000000003 0.23111099999999998 0.34683500000000006 0.21555599999999997 0.387342 0.204444 0.422785 0.208889 0.513924 0.23111099999999998 0.579747 0.262222 0.605063 0.286667 0.610127 0.286667 0.622785 0.268889 0.622785 0.26 0.653165 0.222222 0.683544 0.197778 0.721519 0.182222 0.739241 0.182222 0.744304 0.17777800000000002
2 0.739241 0.38 0.698734 0.371111 0.55443 0.371111 0.539241 0.375556 0.501266 0.377778 0.422785 0.395556 0.35443 0.428889 0.341772 0.44 0.341772 0.444444 0.3518990000000001 0.448889 0.387342 0.426667 0.42784800000000006 0.40888899999999995 0.506329 0.391111 0.526582 0.391111 0.559494 0.384444 0.6911389999999998 0.384444 0.736709 0.391111
7 0.612658 0.38 0.602532 0.384444 0.610127 0.448889 0.592405 0.5 0.546835 0.533333 0.432911 0.5755560000000001 0.405063 0.6 0.405063 0.6111109999999998 0.41518999999999995 0.62 0.42784800000000006 0.624444 0.47848099999999993 0.62 0.513924 0.624444 0.536709 0.64 0.539241 0.653333 0.516456 0.671111 0.488608 0.68 0.44050600000000006 0.68 0.372152 0.671111 0.33417699999999995 0.673333 0.318987 0.6844440000000002 0.321519 0.6955560000000001 0.33417699999999995 0.711111 0.356962 0.722222 0.450633 0.724444 0.468354 0.731111 0.437975 0.751111 0.303797 0.751111 0.291139 0.757778 0.263291 0.764444 0.255696 0.775556 0.260759 0.784444 0.308861 0.764444 0.443038 0.764444 0.47848099999999993 0.742222 0.486076 0.726667 0.473418 0.715556 0.455696 0.711111 0.362025 0.708889 0.33924100000000007 0.6955560000000001 0.336709 0.691111 0.341772 0.686667 0.38481 0.6844440000000002 0.407595 0.691111 0.493671 0.693333 0.526582 0.6822220000000001 0.551899 0.662222 0.55443 0.635556 0.536709 0.62 0.518987 0.6111109999999998 0.493671 0.606667 0.432911 0.6111109999999998 0.422785 0.604444 0.435443 0.591111 0.443038 0.591111 0.475949 0.573333 0.508861 0.564444 0.556962 0.544444 0.594937 0.517778 0.607595 0.504444 0.622785 0.46222199999999997 0.622785 0.413333 0.617722 0.384444
7 0.617722 0.377778 0.610127 0.391111 0.602532 0.437778 0.607595 0.497778 0.617722 0.528889 0.650633 0.551111 0.7240509999999999 0.566667 0.731646 0.571111 0.759494 0.571111 0.76962 0.58 0.774684 0.591111 0.7518990000000001 0.595556 0.711392 0.6133329999999999 0.701266 0.622222 0.701266 0.64 0.721519 0.657778 0.794937 0.664444 0.812658 0.673333 0.7468349999999999 0.7 0.739241 0.706667 0.736709 0.733333 0.741772 0.746667 0.7518990000000001 0.757778 0.76962 0.768889 0.807595 0.773333 0.81519 0.777778 0.860759 0.78 0.865823 0.775556 0.860759 0.766667 0.820253 0.764444 0.812658 0.76 0.774684 0.755556 0.756962 0.742222 0.7518990000000001 0.731111 0.75443 0.713333 0.792405 0.6977780000000001 0.8278479999999999 0.675556 0.8278479999999999 0.666667 0.807595 0.653333 0.7291140000000002 0.644444 0.716456 0.633333 0.721519 0.624444 0.7772150000000001 0.604444 0.787342 0.604444 0.792405 0.595556 0.789873 0.58 0.76962 0.56 0.739241 0.557778 0.731646 0.553333 0.678481 0.544444 0.655696 0.537778 0.63038 0.52 0.617722 0.45333299999999993 0.627848 0.382222
7 0.265823 0.826667 0.265823 0.831111 0.288608 0.846667 0.329114 0.853333 0.4 0.851111 0.410127 0.864444 0.448101 0.8711110000000001 0.551899 0.8711110000000001 0.582278 0.86 0.63038 0.862222 0.640506 0.857778 0.653165 0.857778 0.663291 0.868889 0.6708860000000001 0.8711110000000001 0.7291140000000002 0.8711110000000001 0.759494 0.864444 0.7721519999999998 0.857778 0.8303799999999999 0.857778 0.8556960000000001 0.851111 0.8784809999999998 0.84 0.873418 0.831111 0.8556960000000001 0.833333 0.850633 0.837778 0.825316 0.844444 0.779747 0.846667 0.764557 0.84 0.75443 0.851111 0.734177 0.855556 0.678481 0.857778 0.675949 0.853333 0.683544 0.846667 0.683544 0.842222 0.678481 0.837778 0.663291 0.837778 0.625316 0.848889 0.577215 0.846667 0.567089 0.848889 0.559494 0.855556 0.508861 0.86 0.453165 0.857778 0.42784800000000006 0.851111 0.432911 0.846667 0.432911 0.84 0.42784800000000006 0.835556 0.331646 0.84 0.293671 0.833333 0.275949 0.822222
6 0.316456 0.195556 0.308861 0.188889 0.293671 0.191111 0.278481 0.202222 0.217722 0.228889 0.134177 0.257778 0.129114 0.266667 0.134177 0.271111 0.151899 0.268889 0.179747 0.255556 0.222785 0.242222 0.283544 0.21555599999999997 0.301266 0.204444 0.303797 0.228889 0.313924 0.233333 0.318987 0.228889
6 0.078481 0.915556 0.078481 0.92 0.088608 0.926667 0.131646 0.9377779999999999 0.20253200000000002 0.935556 0.217722 0.928889 0.217722 0.9222219999999999 0.20759499999999997 0.911111 0.20253200000000002 0.911111 0.192405 0.9222219999999999 0.136709 0.9244439999999999 0.091139 0.911111 0.083544 0.911111