0 0.60134 0.020537 0.589615 0.034755 0.58124 0.033175 0.576214 0.041074 0.564489 0.045814 0.564489 0.050552999999999994 0.557789 0.052133 0.544389 0.061611 0.542714 0.066351 0.529313 0.063191 0.527638 0.05687199999999999 0.519263 0.052133 0.507538 0.053712 0.505863 0.048973 0.500838 0.045814 0.49078700000000003 0.045814 0.47906199999999993 0.037915 0.4639869999999999 0.037915 0.44723599999999997 0.026856 0.42881099999999994 0.025276 0.435511 0.045814 0.435511 0.080569 0.430486 0.097946 0.430486 0.11058499999999999 0.422111 0.126382 0.422111 0.132701 0.437186 0.173776 0.44388599999999995 0.184834 0.44388599999999995 0.192733 0.452261 0.205371 0.480737 0.21643 0.579564 0.21643 0.59799 0.21327 0.609715 0.208531 0.61809 0.184834 0.619765 0.146919 0.633166 0.12006300000000002 0.634841 0.107425 0.639866 0.096367 0.634841 0.077409 0.619765 0.050552999999999994 0.60804 0.036335
5 0.361809 0.00316 0.355109 0.009479 0.353434 0.015798 0.346734 0.017378 0.340034 0.014217999999999998 0.336683 0.017378 0.336683 0.022117 0.329983 0.025276 0.335008 0.044234 0.329983 0.052133 0.328308 0.066351 0.335008 0.06951 0.343384 0.091627 0.329983 0.10110599999999999 0.329983 0.11216400000000001 0.318258 0.126382 0.313233 0.139021 0.326633 0.134281 0.338358 0.151659 0.356784 0.139021 0.360134 0.139021 0.380235 0.157978 0.383585 0.157978 0.38861 0.151659 0.390285 0.14376 0.39531 0.139021 0.410385 0.151659 0.417085 0.151659 0.417085 0.135861 0.422111 0.134281 0.420436 0.126382 0.42881099999999994 0.11058499999999999 0.42881099999999994 0.097946 0.433836 0.080569 0.433836 0.045814 0.430486 0.034755 0.435511 0.026856 0.41541 0.017378 0.410385 0.017378 0.407035 0.012638 0.39866 0.007899 0.393635 0.007899 0.386935 0.00158
4 0.00335 0.793049 0.001675 0.8167460000000001 0.011725 0.8451820000000001 0.00335 0.868878 0.01005 0.8751969999999999 0.01675 0.8767770000000001 0.035176 0.8751969999999999 0.038526 0.878357 0.035176 0.8973139999999998 0.041876 0.902054 0.06030200000000001 0.906793 0.093802 0.924171 0.110553 0.92891 0.147404 0.93049 0.157454 0.9225910000000002 0.165829 0.9225910000000002 0.175879 0.93049 0.179229 0.936809 0.177554 0.947867 0.18928 0.9573460000000001 0.20268 0.9620849999999999 0.254606 0.963665 0.281407 0.9557659999999999 0.299832 0.963665 0.306533 0.9747240000000001 0.321608 0.982622 0.371859 0.9952609999999998 0.41206 0.9952609999999998 0.442211 0.984202 0.453936 0.984202 0.47906199999999993 0.9952609999999998 0.499162 0.99842 0.534338 0.99842 0.58124 0.9905209999999999 0.589615 0.9921010000000001 0.596315 0.9968399999999998 0.621441 0.9968399999999998 0.643216 0.993681 0.656616 0.988942 0.680067 0.987362 0.693467 0.981043 0.760469 0.981043 0.805695 0.968404 0.815745 0.9573460000000001 0.839196 0.954186 0.872697 0.9336490000000001 0.901173 0.92575 0.911223 0.917852 0.912898 0.9052129999999999 0.922948 0.8973139999999998 0.948074 0.8957349999999998 0.956449 0.887836 0.9765490000000001 0.8925749999999999 0.988275 0.889415 0.9899499999999999 0.8862559999999999 0.9899499999999999 0.865719 0.9765490000000001 0.85466 0.9765490000000001 0.849921 0.981575 0.843602 0.981575 0.835703 0.974874 0.824645 0.974874 0.8167460000000001 0.979899 0.8120060000000001 0.979899 0.799368 0.9396980000000001 0.726698 0.9212730000000001 0.698262 0.9212730000000001 0.693523 0.9396980000000001 0.676145 0.9396980000000001 0.661927 0.934673 0.649289 0.9313229999999999 0.628752 0.929648 0.598736 0.9212730000000001 0.592417 0.9145730000000001 0.57346 0.9095480000000001 0.56872 0.889447 0.581359 0.8810719999999999 0.582938 0.8760469999999999 0.579779 0.865997 0.554502 0.867672 0.541864 0.8592959999999998 0.526066 0.8592959999999998 0.508689 0.852596 0.50237 0.842546 0.49921 0.837521 0.494471 0.815745 0.45181699999999997 0.753769 0.35545 0.737018 0.339652 0.695142 0.28752 0.61139 0.208531 0.59799 0.21485 0.579564 0.218009 0.480737 0.218009 0.452261 0.20695099999999997 0.450586 0.20379100000000003 0.445561 0.20379100000000003 0.435511 0.208531 0.41541 0.230648 0.373534 0.262243 0.304858 0.323855 0.231156 0.401264 0.147404 0.510269 0.140704 0.513428 0.128978 0.513428 0.125628 0.516588 0.132328 0.526066 0.132328 0.532385 0.12060299999999999 0.540284 0.122278 0.552923 0.11222799999999998 0.56872 0.110553 0.576619 0.093802 0.587678 0.075377 0.582938 0.073702 0.587678 0.087102 0.609795 0.087102 0.614534 0.056951 0.638231 0.056951 0.64613 0.06197699999999999 0.652449 0.06197699999999999 0.657188 0.045226 0.677725 0.035176 0.696682 0.035176 0.701422 0.048576 0.71722 0.048576 0.721959 0.023451 0.753555
7 0.4405359999999999 0.20221199999999998 0.4405359999999999 0.20695099999999997 0.44723599999999997 0.21643 0.452261 0.21643 0.4639869999999999 0.22274899999999997 0.524288 0.22748799999999997 0.589615 0.224329 0.606365 0.21643 0.61139 0.21643 0.616415 0.208531 0.616415 0.20221199999999998 0.61139 0.197472 0.606365 0.197472 0.599665 0.20379100000000003 0.582915 0.210111 0.534338 0.21327 0.475712 0.210111 0.45896100000000006 0.20379100000000003 0.450586 0.197472 0.445561 0.197472
2 0.606365 0.022117 0.59799 0.020537 0.566164 0.037915 0.542714 0.061611 0.524288 0.055292 0.500838 0.042654 0.484087 0.037915 0.457286 0.023697 0.438861 0.022117 0.435511 0.023697 0.433836 0.031596 0.438861 0.036335 0.452261 0.037915 0.514238 0.06793 0.519263 0.06793 0.539363 0.077409 0.552764 0.078989 0.556114 0.077409 0.559464 0.066351 0.58459 0.045814 0.606365 0.034755
7 0.641541 0.091627 0.633166 0.090047 0.60804 0.10110599999999999 0.603015 0.11058499999999999 0.603015 0.118483 0.592965 0.129542 0.592965 0.137441 0.58794 0.1406 0.58459 0.150079 0.577889 0.156398 0.561139 0.156398 0.554439 0.148499 0.547739 0.14534 0.519263 0.14376 0.514238 0.139021 0.514238 0.127962 0.504188 0.126382 0.499162 0.129542 0.49078700000000003 0.129542 0.480737 0.12164299999999999 0.47906199999999993 0.11374399999999998 0.46733699999999995 0.10426500000000001 0.452261 0.10426500000000001 0.445561 0.11058499999999999 0.425461 0.10900500000000002 0.422111 0.11058499999999999 0.420436 0.118483 0.425461 0.123223 0.462312 0.12164299999999999 0.475712 0.139021 0.48576199999999997 0.14376 0.499162 0.14376 0.507538 0.156398 0.529313 0.156398 0.537688 0.159558 0.541039 0.169036 0.544389 0.170616 0.582915 0.170616 0.59799 0.162717 0.599665 0.153239 0.606365 0.150079 0.606365 0.139021 0.613065 0.134281 0.61809 0.126382 0.619765 0.115324 0.624791 0.11058499999999999 0.641541 0.10426500000000001
2 0.437186 0.173776 0.438861 0.183254 0.453936 0.191153 0.46733699999999995 0.191153 0.472362 0.194313 0.499162 0.197472 0.547739 0.197472 0.589615 0.191153 0.60469 0.191153 0.61474 0.187994 0.61809 0.183254 0.61809 0.178515 0.613065 0.173776 0.542714 0.183254 0.48576199999999997 0.181675 0.472362 0.176935 0.45896100000000006 0.176935 0.44723599999999997 0.169036 0.442211 0.169036
1 0.726968 0.320695 0.716918 0.319115 0.708543 0.323855 0.700168 0.333333 0.691792 0.352291 0.691792 0.363349 0.696817 0.371248 0.696817 0.379147 0.691792 0.388626 0.691792 0.40600300000000006 0.698492 0.42496100000000003 0.695142 0.43917899999999993 0.685092 0.453397 0.685092 0.47867300000000007 0.680067 0.4881519999999999 0.661642 0.508689 0.663317 0.535545 0.658291 0.548183 0.648241 0.559242 0.646566 0.567141 0.636516 0.57188 0.619765 0.590837 0.599665 0.598736 0.599665 0.612954 0.596315 0.616114 0.58459 0.620853 0.566164 0.624013 0.554439 0.631912 0.544389 0.635071 0.534338 0.633491 0.517588 0.63981 0.512563 0.64613 0.514238 0.655608 0.522613 0.658768 0.522613 0.663507 0.507538 0.669826 0.505863 0.658768 0.49413700000000005 0.657188 0.480737 0.665087 0.474037 0.674566 0.457286 0.684044 0.44388599999999995 0.688784 0.425461 0.685624 0.407035 0.691943 0.40536 0.703002 0.386935 0.701422 0.380235 0.691943 0.370184 0.685624 0.348409 0.685624 0.323283 0.695103 0.316583 0.704581 0.316583 0.718799 0.306533 0.718799 0.303183 0.71564 0.303183 0.707741 0.299832 0.701422 0.288107 0.691943 0.269682 0.684044 0.251256 0.685624 0.24288099999999999 0.691943 0.24120599999999998 0.704581 0.252931 0.71722 0.249581 0.718799 0.232831 0.71406 0.201005 0.71564 0.19598 0.720379 0.19598 0.728278 0.204355 0.736177 0.19933 0.739336 0.18928 0.737757 0.18593 0.734597 0.184255 0.726698 0.177554 0.723539 0.160804 0.723539 0.139028 0.731438 0.088777 0.729858 0.067002 0.721959 0.053601 0.706161 0.050251 0.698262 0.045226 0.695103 0.040201 0.695103 0.035176 0.699842 0.035176 0.706161 0.051926 0.731438 0.058626 0.736177 0.078727 0.742496 0.149079 0.744076 0.167504 0.737757 0.170854 0.745656 0.180905 0.750395 0.20938 0.751975 0.21943 0.745656 0.22445599999999996 0.745656 0.22445599999999996 0.728278 0.236181 0.729858 0.246231 0.734597 0.264657 0.733017 0.269682 0.725118 0.268007 0.7109 0.261307 0.703002 0.264657 0.698262 0.284757 0.709321 0.283082 0.721959 0.288107 0.728278 0.301508 0.733017 0.321608 0.733017 0.333333 0.729858 0.336683 0.725118 0.336683 0.71406 0.333333 0.709321 0.353434 0.699842 0.365159 0.701422 0.378559 0.71564 0.422111 0.71564 0.42881099999999994 0.7109 0.43216099999999996 0.701422 0.448911 0.703002 0.472362 0.693523 0.49078700000000003 0.682464 0.514238 0.684044 0.534338 0.674566 0.537688 0.669826 0.539363 0.649289 0.551089 0.649289 0.564489 0.64455 0.571189 0.638231 0.589615 0.635071 0.619765 0.624013 0.619765 0.606635 0.634841 0.600316 0.648241 0.584518 0.663317 0.576619 0.663317 0.567141 0.670017 0.559242 0.678392 0.540284 0.676717 0.515008 0.688442 0.503949 0.700168 0.483412 0.700168 0.458136 0.705193 0.453397 0.711893 0.43759900000000007 0.713568 0.417062 0.705193 0.398104 0.711893 0.383886 0.711893 0.364929 0.706868 0.35703 0.715243 0.341232 0.726968 0.331754
1 0.649916 0.57346 0.649916 0.586098 0.659966 0.586098 0.670017 0.593997 0.661642 0.601896 0.661642 0.608215 0.668342 0.622433 0.683417 0.630332 0.696817 0.630332 0.705193 0.633491 0.708543 0.64455 0.718593 0.650869 0.748744 0.652449 0.755444 0.658768 0.753769 0.669826 0.757119 0.676145 0.80067 0.677725 0.805695 0.682464 0.798995 0.688784 0.80067 0.696682 0.815745 0.701422 0.825796 0.701422 0.834171 0.696682 0.842546 0.687204 0.847571 0.687204 0.852596 0.696682 0.865997 0.704581 0.896147 0.703002 0.9145730000000001 0.707741 0.9246229999999999 0.706161 0.9246229999999999 0.693523 0.901173 0.688784 0.871022 0.690363 0.865997 0.687204 0.8643219999999999 0.679305 0.852596 0.672986 0.834171 0.674566 0.824121 0.684044 0.820771 0.674566 0.80737 0.663507 0.773869 0.663507 0.770519 0.649289 0.758794 0.63981 0.726968 0.636651 0.725293 0.628752 0.720268 0.624013 0.706868 0.617694 0.693467 0.617694 0.685092 0.614534 0.678392 0.608215 0.691792 0.598736 0.690117 0.586098 0.664992 0.57188
1 0.685092 0.624013 0.680067 0.619273 0.671692 0.620853 0.663317 0.635071 0.639866 0.658768 0.629816 0.663507 0.60804 0.666667 0.603015 0.677725 0.603015 0.684044 0.60804 0.693523 0.619765 0.698262 0.616415 0.701422 0.606365 0.704581 0.579564 0.706161 0.576214 0.707741 0.572864 0.71722 0.512563 0.720379 0.504188 0.725118 0.500838 0.737757 0.49078700000000003 0.734597 0.477387 0.736177 0.47068699999999997 0.750395 0.407035 0.742496 0.400335 0.747235 0.39531 0.764613 0.386935 0.764613 0.378559 0.759874 0.365159 0.759874 0.355109 0.764613 0.351759 0.780411 0.341709 0.789889 0.324958 0.780411 0.313233 0.777251 0.299832 0.777251 0.288107 0.78515 0.281407 0.804107 0.268007 0.802528 0.244556 0.791469 0.231156 0.793049 0.22780599999999998 0.802528 0.232831 0.8104270000000001 0.254606 0.821485 0.261307 0.8278039999999999 0.259631 0.830964 0.244556 0.830964 0.22613099999999997 0.824645 0.21775500000000003 0.824645 0.211055 0.830964 0.207705 0.830964 0.18928 0.8167460000000001 0.172529 0.8167460000000001 0.162479 0.8230649999999999 0.157454 0.835703 0.147404 0.826224 0.140704 0.8230649999999999 0.132328 0.8230649999999999 0.127303 0.8278039999999999 0.127303 0.837283 0.097152 0.837283 0.046901 0.821485 0.015075 0.804107 0.0067 0.805687 0.005025 0.813586 0.015075 0.8230649999999999 0.045226 0.837283 0.056951 0.8388629999999999 0.067002 0.8451820000000001 0.075377 0.8451820000000001 0.092127 0.8515010000000001 0.137353 0.8515010000000001 0.144054 0.8467610000000001 0.154104 0.8515010000000001 0.167504 0.8515010000000001 0.174204 0.848341 0.175879 0.8341230000000001 0.179229 0.830964 0.18258 0.830964 0.18928 0.8388629999999999 0.20268 0.8451820000000001 0.221106 0.8451820000000001 0.22613099999999997 0.8404419999999999 0.23953099999999997 0.8451820000000001 0.268007 0.8451820000000001 0.278057 0.835703 0.278057 0.824645 0.274707 0.819905 0.291457 0.818325 0.298157 0.8151659999999998 0.303183 0.808847 0.301508 0.796209 0.306533 0.791469 0.328308 0.799368 0.329983 0.802528 0.351759 0.802528 0.360134 0.797788 0.366834 0.78515 0.366834 0.777251 0.370184 0.774092 0.376884 0.777251 0.40871 0.777251 0.410385 0.761453 0.413735 0.758294 0.457286 0.764613 0.477387 0.764613 0.48576199999999997 0.759874 0.489112 0.750395 0.512563 0.751975 0.515913 0.748815 0.515913 0.737757 0.519263 0.734597 0.552764 0.731438 0.592965 0.731438 0.599665 0.728278 0.603015 0.71722 0.616415 0.71722 0.636516 0.7109 0.644891 0.699842 0.641541 0.687204 0.624791 0.684044 0.619765 0.680885 0.626466 0.677725 0.641541 0.676145 0.654941 0.668246 0.675042 0.647709 0.685092 0.630332
1 0.664992 0.650869 0.664992 0.661927 0.686767 0.684044 0.716918 0.696682 0.763819 0.709321 0.755444 0.71248 0.753769 0.71564 0.757119 0.726698 0.763819 0.731438 0.79397 0.736177 0.795645 0.750395 0.802345 0.753555 0.832496 0.753555 0.840871 0.750395 0.840871 0.766193 0.845896 0.770932 0.867672 0.770932 0.877722 0.764613 0.886097 0.763033 0.8877719999999999 0.764613 0.882747 0.772512 0.884422 0.781991 0.9095480000000001 0.800948 0.922948 0.804107 0.9313229999999999 0.808847 0.959799 0.8104270000000001 0.968174 0.8151659999999998 0.978224 0.813586 0.978224 0.802528 0.973199 0.799368 0.9581239999999999 0.796209 0.9413739999999999 0.796209 0.9212730000000001 0.789889 0.901173 0.775671 0.907873 0.764613 0.907873 0.756714 0.904523 0.751975 0.8927970000000001 0.748815 0.879397 0.748815 0.8592959999999998 0.756714 0.857621 0.745656 0.850921 0.737757 0.829146 0.737757 0.824121 0.740916 0.815745 0.740916 0.815745 0.729858 0.812395 0.725118 0.78057 0.71722 0.78392 0.71248 0.782245 0.701422 0.767169 0.693523 0.708543 0.677725 0.698492 0.672986 0.678392 0.650869
1 0.812395 0.748815 0.80737 0.744076 0.798995 0.745656 0.79397 0.751975 0.765494 0.769352 0.740369 0.793049 0.703518 0.797788 0.688442 0.8104270000000001 0.680067 0.813586 0.659966 0.805687 0.639866 0.805687 0.629816 0.8120060000000001 0.626466 0.818325 0.616415 0.818325 0.613065 0.808847 0.606365 0.805687 0.579564 0.799368 0.567839 0.799368 0.561139 0.802528 0.556114 0.8104270000000001 0.547739 0.8120060000000001 0.522613 0.799368 0.512563 0.799368 0.499162 0.804107 0.487437 0.797788 0.46733699999999995 0.797788 0.45561100000000004 0.778831 0.420436 0.775671 0.410385 0.766193 0.40201 0.767773 0.400335 0.775671 0.403685 0.781991 0.413735 0.789889 0.44388599999999995 0.791469 0.450586 0.799368 0.452261 0.8104270000000001 0.484087 0.8120060000000001 0.487437 0.8167460000000001 0.49748700000000007 0.821485 0.504188 0.821485 0.517588 0.813586 0.542714 0.826224 0.559464 0.826224 0.566164 0.8230649999999999 0.574539 0.813586 0.59129 0.8167460000000001 0.59464 0.819905 0.592965 0.826224 0.59799 0.830964 0.636516 0.830964 0.646566 0.819905 0.654941 0.819905 0.668342 0.824645 0.671692 0.8293840000000001 0.683417 0.8293840000000001 0.703518 0.819905 0.713568 0.8104270000000001 0.730318 0.8104270000000001 0.755444 0.804107 0.758794 0.797788 0.785595 0.774092 0.809045 0.761453
1 0.901173 0.778831 0.896147 0.774092 0.877722 0.775671 0.871022 0.778831 0.862647 0.78673 0.845896 0.818325 0.830821 0.8167460000000001 0.81407 0.826224 0.80402 0.843602 0.79062 0.8515010000000001 0.777219 0.8515010000000001 0.770519 0.85466 0.755444 0.872038 0.728643 0.883096 0.710218 0.883096 0.703518 0.8862559999999999 0.698492 0.894155 0.685092 0.890995 0.666667 0.890995 0.658291 0.8973139999999998 0.654941 0.906793 0.649916 0.9099530000000001 0.606365 0.8973139999999998 0.592965 0.890995 0.572864 0.8957349999999998 0.554439 0.889415 0.532663 0.889415 0.519263 0.8973139999999998 0.499162 0.8957349999999998 0.487437 0.883096 0.460637 0.8736179999999999 0.450586 0.8736179999999999 0.442211 0.8799370000000001 0.42881099999999994 0.881517 0.420436 0.878357 0.39866 0.8625589999999999 0.380235 0.8641390000000001 0.365159 0.8594 0.356784 0.8515010000000001 0.351759 0.8420220000000002 0.316583 0.830964 0.306533 0.813586 0.301508 0.8104270000000001 0.293132 0.8120060000000001 0.291457 0.821485 0.306533 0.843602 0.338358 0.853081 0.353434 0.870458 0.375209 0.878357 0.39196 0.8767770000000001 0.410385 0.890995 0.41876 0.894155 0.44723599999999997 0.894155 0.460637 0.889415 0.477387 0.8957349999999998 0.48241199999999995 0.903633 0.500838 0.9115320000000001 0.525963 0.9115320000000001 0.537688 0.903633 0.546064 0.902054 0.571189 0.9115320000000001 0.582915 0.9115320000000001 0.58794 0.906793 0.592965 0.906793 0.634841 0.9225910000000002 0.661642 0.9225910000000002 0.668342 0.916272 0.670017 0.9083729999999999 0.673367 0.9052129999999999 0.686767 0.9083729999999999 0.703518 0.9083729999999999 0.711893 0.9052129999999999 0.716918 0.8973139999999998 0.740369 0.8957349999999998 0.747069 0.890995 0.762144 0.8862559999999999 0.773869 0.878357 0.782245 0.865719 0.80067 0.8641390000000001 0.812395 0.8578199999999999 0.830821 0.8341230000000001 0.834171 0.837283 0.850921 0.837283 0.865997 0.821485 0.867672 0.808847 0.8760469999999999 0.796209 0.882747 0.789889 0.8927970000000001 0.789889 0.8994969999999999 0.78673
1 0.984925 0.8515010000000001 0.981575 0.8467610000000001 0.9832499999999998 0.8293840000000001 0.9715239999999999 0.8293840000000001 0.968174 0.8341230000000001 0.9698490000000001 0.8641390000000001 0.9648239999999999 0.8767770000000001 0.9581239999999999 0.884676 0.9279730000000002 0.890995 0.907873 0.8988940000000001 0.9028480000000001 0.906793 0.9028480000000001 0.919431 0.8643219999999999 0.9336490000000001 0.852596 0.941548 0.80737 0.952607 0.79397 0.966825 0.785595 0.966825 0.770519 0.971564 0.757119 0.971564 0.742044 0.9778829999999998 0.688442 0.9747240000000001 0.663317 0.982622 0.619765 0.987362 0.599665 0.981043 0.539363 0.984202 0.524288 0.987362 0.49748700000000007 0.987362 0.474037 0.984202 0.45561100000000004 0.9778829999999998 0.42881099999999994 0.9778829999999998 0.400335 0.987362 0.370184 0.987362 0.343384 0.984202 0.319933 0.9778829999999998 0.311558 0.969984 0.306533 0.9605059999999999 0.298157 0.952607 0.289782 0.949447 0.231156 0.954186 0.201005 0.951027 0.190955 0.9447080000000001 0.18258 0.9225910000000002 0.172529 0.916272 0.157454 0.9146920000000001 0.135678 0.9225910000000002 0.123953 0.917852 0.11390299999999999 0.917852 0.080402 0.903633 0.055276 0.8988940000000001 0.046901 0.8925749999999999 0.050251 0.8799370000000001 0.046901 0.872038 0.043551 0.870458 0.025126 0.870458 0.01005 0.8625589999999999 0 0.8641390000000001 0 0.8751969999999999 0.01005 0.881517 0.030151000000000004 0.884676 0.030151000000000004 0.900474 0.045226 0.9115320000000001 0.073702 0.917852 0.105528 0.93049 0.115578 0.93049 0.130653 0.936809 0.144054 0.936809 0.164154 0.92891 0.170854 0.935229 0.177554 0.954186 0.184255 0.9605059999999999 0.19598 0.965245 0.236181 0.968404 0.284757 0.963665 0.294807 0.971564 0.298157 0.9794630000000001 0.308208 0.988942 0.338358 0.99842 0.41541 0.99842 0.437186 0.9905209999999999 0.453936 0.9921010000000001 0.469012 0.99842 0.569514 0.99842 0.589615 0.9952609999999998 0.603015 0.99842 0.658291 0.99842 0.698492 0.987362 0.721943 0.9905209999999999 0.750419 0.9905209999999999 0.765494 0.984202 0.798995 0.981043 0.80737 0.9778829999999998 0.812395 0.969984 0.819095 0.965245 0.860972 0.954186 0.8810719999999999 0.9431279999999999 0.9028480000000001 0.936809 0.916248 0.93049 0.919598 0.92575 0.919598 0.9115320000000001 0.922948 0.9083729999999999 0.968174 0.8973139999999998 0.979899 0.884676 0.984925 0.868878
6 0.430486 0.028435999999999996 0.425461 0.033175 0.42881099999999994 0.063191 0.425461 0.07109 0.425461 0.090047 0.417085 0.115324 0.41876 0.126382 0.430486 0.126382 0.4405359999999999 0.096367 0.442211 0.041074 0.438861 0.030016