0 0.36214 0.006237 0.345679 0.011435 0.335391 0.017672 0.335391 0.025988 0.355967 0.039501 0.358025 0.045737999999999994 0.335391 0.06133099999999999 0.335391 0.072765 0.329218 0.085239 0.320988 0.089397 0.312757 0.089397 0.308642 0.087318 0.294239 0.072765 0.286008 0.068607 0.269547 0.067568 0.240741 0.087318 0.209877 0.087318 0.205761 0.089397 0.205761 0.095634 0.197531 0.101871 0.187243 0.100832 0.179012 0.095634 0.166667 0.092516 0.158436 0.094595 0.144033 0.102911 0.119342 0.097713 0.109053 0.097713 0.104938 0.099792 0.102881 0.118503 0.10699599999999998 0.121622 0.10699599999999998 0.136175 0.113169 0.144491 0.113169 0.159044 0.121399 0.168399 0.127572 0.185031 0.162551 0.20894 0.17284 0.220374 0.183128 0.222453 0.203704 0.232848 0.211934 0.242204 0.209877 0.285863 0.205761 0.29106 0.211934 0.310811 0.209877 0.328482 0.211934 0.331601 0.226337 0.338877 0.228395 0.356549 0.246914 0.366944 0.257202 0.370062 0.292181 0.370062 0.306584 0.372141 0.3107 0.37422 0.298354 0.384615 0.298354 0.390852 0.292181 0.401247 0.294239 0.403326 0.312757 0.406445 0.331276 0.406445 0.364198 0.411642 0.417695 0.4158 0.479424 0.4158 0.518519 0.413721 0.664609 0.413721 0.691358 0.410603 0.713992 0.410603 0.716049 0.408524 0.707819 0.402287 0.707819 0.390852 0.713992 0.385655 0.709877 0.367983 0.720165 0.362786 0.7366260000000001 0.361746 0.761317 0.35239099999999995 0.771605 0.35239099999999995 0.794239 0.330561 0.794239 0.319127 0.804527 0.302495 0.804527 0.288981 0.814815 0.275468 0.804527 0.256757 0.804527 0.244283 0.814815 0.230769 0.841564 0.217256 0.847737 0.205821 0.860082 0.195426 0.8786010000000001 0.165281 0.890947 0.155925 0.888889 0.143451 0.901235 0.132017 0.90535 0.120582 0.901235 0.101871 0.890947 0.095634 0.835391 0.095634 0.8189300000000002 0.090437 0.786008 0.101871 0.779835 0.098753 0.77572 0.089397 0.761317 0.082121 0.738683 0.082121 0.722222 0.073805 0.711934 0.065489 0.699588 0.067568 0.6893 0.077963 0.6810699999999998 0.082121 0.656379 0.080042 0.650206 0.075884 0.648148 0.068607 0.63786 0.060291 0.63786 0.048857 0.625514 0.039501 0.625514 0.031185 0.646091 0.014553 0.646091 0.011435 0.63786 0.008316 0.623457 0.008316 0.596708 0.00104 0.5617280000000001 0.00104 0.547325 0.008316 0.547325 0.015593 0.541152 0.017672 0.530864 0.012474 0.526749 0.007277 0.518519 0.004158 0.481481 0.003119 0.475309 0.008316 0.475309 0.018711 0.481481 0.024948 0.481481 0.030146 0.477366 0.032225 0.471193 0.032225 0.462963 0.027027 0.45679 0.010395 0.442387 0.00104 0.417695 0.00104 0.411523 0.009356 0.403292 0.012474 0.397119 0.012474 0.382716 0.006237
5 0.890947 0.158004 0.886831 0.159044 0.880658 0.165281 0.86214 0.195426 0.849794 0.205821 0.843621 0.217256 0.816872 0.230769 0.808642 0.240125 0.806584 0.256757 0.816872 0.275468 0.806584 0.288981 0.806584 0.302495 0.796296 0.319127 0.794239 0.33368 0.771605 0.35343 0.761317 0.35343 0.740741 0.361746 0.72428 0.363825 0.730453 0.379418 0.730453 0.389813 0.734568 0.397089 0.738683 0.399168 0.738683 0.448025 0.734568 0.454262 0.734568 0.470894 0.740741 0.472973 0.753086 0.483368 0.755144 0.507277 0.761317 0.517672 0.761317 0.524948 0.755144 0.538462 0.742798 0.548857 0.734568 0.56237 0.734568 0.573805 0.728395 0.587318 0.728395 0.595634 0.746914 0.599792 0.773663 0.602911 0.8107 0.612266 0.8374489999999999 0.616424 0.864198 0.615385 0.872428 0.612266 0.880658 0.612266 0.909465 0.60499 0.921811 0.60395 0.94856 0.592516 0.960905 0.577963 0.9794240000000001 0.567568 0.981481 0.559252 0.950617 0.539501 0.942387 0.529106 0.942387 0.524948 0.950617 0.522869 0.973251 0.523909 0.985597 0.52079 0.997942 0.505198 0.993827 0.462578 0.987654 0.438669 0.9794240000000001 0.426195 0.977366 0.406445 0.967078 0.385655 0.960905 0.359667 0.940329 0.324324 0.9382719999999999 0.29002100000000003 0.925926 0.265073 0.923868 0.243243 0.917695 0.237006 0.903292 0.174636 0.897119 0.162162
5 0.113169 0.153846 0.113169 0.159044 0.098765 0.176715 0.096708 0.18815 0.088477 0.204782 0.061728 0.317048 0.04938300000000001 0.339917 0.047325 0.355509 0.037037 0.371102 0.037037 0.38357600000000003 0.026748999999999995 0.403326 0.024691 0.424116 0.014403 0.439709 0.010288 0.463617 0 0.482328 0 0.49896 0.00823 0.513514 0.026748999999999995 0.529106 0.05349799999999999 0.537422 0.04938300000000001 0.547817 0.04321 0.551975 0.030864 0.549896 0.022634 0.550936 0.022634 0.554054 0.026748999999999995 0.556133 0.026748999999999995 0.574844 0.059671 0.591476 0.065844 0.596674 0.065844 0.601871 0.069959 0.60499 0.082305 0.606029 0.109053 0.614345 0.127572 0.615385 0.131687 0.617464 0.131687 0.623701 0.144033 0.621622 0.162551 0.621622 0.193416 0.62474 0.218107 0.619543 0.251029 0.60499 0.271605 0.589397 0.279835 0.570686 0.283951 0.567568 0.283951 0.54158 0.279835 0.538462 0.271605 0.52183 0.253086 0.507277 0.253086 0.504158 0.24485600000000002 0.49896 0.240741 0.492723 0.240741 0.483368 0.251029 0.471933 0.253086 0.465696 0.251029 0.42827399999999993 0.255144 0.369023 0.251029 0.360707 0.240741 0.358628 0.22428 0.351351 0.22428 0.338877 0.209877 0.331601 0.207819 0.328482 0.209877 0.310811 0.203704 0.29106 0.207819 0.285863 0.209877 0.242204 0.201646 0.232848 0.183128 0.223493 0.170782 0.220374 0.160494 0.20894 0.13786 0.193347 0.131687 0.179834 0.115226 0.162162
4 0.290123 0.401247 0.27572 0.412682 0.273663 0.419958 0.261317 0.432432 0.216049 0.468815 0.185185 0.510395 0.168724 0.546778 0.160494 0.557173 0.160494 0.56341 0.144033 0.589397 0.135802 0.613306 0.131687 0.616424 0.12963 0.629938 0.119342 0.639293 0.098765 0.68815 0.088477 0.7047819999999999 0.088477 0.720374 0.09465 0.723493 0.109053 0.725572 0.12963 0.735967 0.144033 0.748441 0.158436 0.754678 0.156379 0.764033 0.144033 0.775468 0.144033 0.780665 0.154321 0.786902 0.154321 0.797297 0.158436 0.799376 0.191358 0.799376 0.207819 0.796258 0.218107 0.796258 0.228395 0.799376 0.242798 0.7952180000000001 0.257202 0.7952180000000001 0.263374 0.800416 0.263374 0.804574 0.255144 0.810811 0.251029 0.823285 0.257202 0.828482 0.325103 0.828482 0.349794 0.836798 0.37037 0.837838 0.380658 0.8430349999999999 0.382716 0.858628 0.479424 0.858628 0.479424 0.849272 0.485597 0.845114 0.510288 0.847193 0.54321 0.841996 0.582305 0.841996 0.600823 0.836798 0.62963 0.835759 0.644033 0.831601 0.666667 0.830561 0.705761 0.823285 0.720165 0.816008 0.740741 0.813929 0.761317 0.804574 0.783951 0.804574 0.802469 0.794179 0.820988 0.794179 0.839506 0.784823 0.839506 0.7671520000000001 0.860082 0.7671520000000001 0.874486 0.760915 0.874486 0.751559 0.860082 0.741164 0.853909 0.730769 0.855967 0.709979 0.87037 0.700624 0.872428 0.694387 0.847737 0.658004 0.841564 0.628898 0.845679 0.618503 0.831276 0.60395 0.82716 0.593555 0.816872 0.581081 0.804527 0.551975 0.794239 0.537422 0.794239 0.529106 0.786008 0.519751 0.7818929999999998 0.508316 0.744856 0.462578 0.730453 0.440748 0.726337 0.425156 0.711934 0.411642 0.691358 0.411642 0.664609 0.41476099999999994 0.518519 0.41476099999999994 0.479424 0.41684 0.417695 0.41684 0.364198 0.412682 0.331276 0.407484 0.312757 0.407484 0.294239 0.404366
7 0.294239 0.403326 0.296296 0.408524 0.302469 0.410603 0.314815 0.410603 0.32716 0.41476099999999994 0.341564 0.4158 0.360082 0.419958 0.399177 0.420998 0.40535 0.423077 0.45679 0.423077 0.462963 0.420998 0.473251 0.420998 0.481481 0.423077 0.557613 0.423077 0.565844 0.420998 0.646091 0.418919 0.658436 0.4158 0.703704 0.41476099999999994 0.711934 0.410603 0.709877 0.404366 0.701646 0.400208 0.676955 0.404366 0.652263 0.404366 0.639918 0.407484 0.559671 0.409563 0.549383 0.411642 0.487654 0.411642 0.479424 0.409563 0.41358 0.411642 0.40535 0.409563 0.366255 0.408524 0.358025 0.405405 0.339506 0.404366 0.323045 0.399168 0.302469 0.399168
1 0.893004 0.759875 0.890947 0.746362 0.87037 0.733888 0.860082 0.724532 0.860082 0.715177 0.874486 0.7079 0.882716 0.699584 0.880658 0.694387 0.868313 0.692308 0.847737 0.702703 0.8374489999999999 0.711019 0.8374489999999999 0.727651 0.849794 0.741164 0.864198 0.747401 0.87037 0.754678 0.86214 0.760915 0.8374489999999999 0.766112 0.831276 0.769231 0.82716 0.774428 0.825103 0.786902 0.788066 0.7952180000000001 0.77572 0.800416 0.757202 0.800416 0.740741 0.804574 0.734568 0.808732 0.716049 0.813929 0.695473 0.814969 0.656379 0.825364 0.613169 0.83264 0.602881 0.835759 0.565844 0.836798 0.54321 0.839917 0.49177 0.840956 0.479424 0.8430349999999999 0.462963 0.852391 0.434156 0.85343 0.419753 0.850312 0.395062 0.849272 0.395062 0.839917 0.390947 0.836798 0.376543 0.83368 0.351852 0.83264 0.34773699999999996 0.827443 0.329218 0.821206 0.259259 0.819127 0.255144 0.816008 0.26749 0.808732 0.27572 0.799376 0.273663 0.794179 0.259259 0.787942 0.240741 0.787942 0.226337 0.79106 0.170782 0.797297 0.168724 0.786902 0.154321 0.780665 0.156379 0.774428 0.168724 0.764033 0.166667 0.75052 0.139918 0.733888 0.096708 0.712058 0.084362 0.711019 0.076132 0.715177 0.082305 0.724532 0.090535 0.726611 0.102881 0.733888 0.119342 0.740125 0.146091 0.757796 0.133745 0.77027 0.12963 0.784823 0.146091 0.793139 0.141975 0.801455 0.152263 0.807692 0.176955 0.809771 0.24485600000000002 0.800416 0.246914 0.802495 0.236626 0.807692 0.230453 0.816008 0.230453 0.822245 0.236626 0.826403 0.261317 0.831601 0.320988 0.83264 0.32716 0.835759 0.331276 0.841996 0.339506 0.8440749999999999 0.355967 0.8440749999999999 0.36831300000000006 0.846154 0.364198 0.849272 0.364198 0.855509 0.374486 0.860707 0.411523 0.861746 0.4279839999999999 0.864865 0.471193 0.863825 0.485597 0.859667 0.497942 0.852391 0.50823 0.851351 0.549383 0.851351 0.572016 0.848233 0.611111 0.847193 0.619342 0.8440749999999999 0.639918 0.841996 0.658436 0.836798 0.668724 0.835759 0.703704 0.826403 0.7181070000000002 0.826403 0.7366260000000001 0.822245 0.757202 0.813929 0.76749 0.81185 0.786008 0.81185 0.804527 0.804574 0.8189300000000002 0.802495 0.829218 0.798337 0.841564 0.796258 0.849794 0.790021 0.849794 0.778586 0.882716 0.768191
2 0.648148 0.013514 0.644033 0.010395 0.633745 0.009356 0.619342 0.016632 0.598765 0.018711 0.58642 0.02183 0.572016 0.033264 0.569959 0.045737999999999994 0.547325 0.045737999999999994 0.512346 0.051975 0.495885 0.050936 0.483539 0.046778 0.462963 0.046778 0.440329 0.055094 0.41358 0.043659 0.372428 0.038462 0.364198 0.035343 0.366255 0.017672 0.358025 0.013514 0.34773699999999996 0.014553 0.343621 0.017672 0.339506 0.037422 0.351852 0.047817 0.401235 0.054054 0.430041 0.066528 0.45679 0.065489 0.473251 0.058212 0.495885 0.06341 0.518519 0.06341 0.555556 0.057173 0.58642 0.057173 0.59465 0.049896 0.596708 0.034304 0.604938 0.030146 0.62963 0.028067 0.639918 0.024948 0.648148 0.017672
2 0.644033 0.068607 0.639918 0.065489 0.62963 0.064449 0.557613 0.088358 0.516461 0.092516 0.45679 0.09147599999999999 0.44856 0.089397 0.4094650000000001 0.087318 0.401235 0.0842 0.380658 0.081081 0.349794 0.071726 0.339506 0.072765 0.335391 0.079002 0.341564 0.08316 0.36214 0.089397 0.403292 0.098753 0.442387 0.100832 0.450617 0.102911 0.522634 0.10395 0.545267 0.102911 0.563786 0.099792 0.59465 0.09147599999999999 0.627572 0.079002 0.639918 0.076923 0.644033 0.073805
2 0.302469 0.373181 0.3107 0.377339 0.325103 0.37526 0.41358 0.371102 0.440329 0.372141 0.483539 0.377339 0.619342 0.377339 0.627572 0.37526 0.697531 0.373181 0.709877 0.37422 0.7181070000000002 0.371102 0.720165 0.36590399999999995 0.711934 0.361746 0.6213989999999999 0.363825 0.611111 0.36590399999999995 0.48971200000000004 0.36590399999999995 0.446502 0.360707 0.407407 0.359667 0.3107 0.364865 0.304527 0.366944
6 0.240741 0.475052 0.23251 0.471933 0.22428 0.471933 0.218107 0.474012 0.179012 0.476091 0.133745 0.482328 0.10699599999999998 0.489605 0.065844 0.509356 0.04321 0.524948 0.045267 0.532225 0.04938300000000001 0.534304 0.065844 0.534304 0.088477 0.519751 0.121399 0.503119 0.12963 0.502079 0.146091 0.495842 0.195473 0.489605 0.240741 0.489605 0.24485600000000002 0.487526 0.24485600000000002 0.47921
6 0.748971 0.502079 0.751029 0.508316 0.7633739999999999 0.512474 0.843621 0.512474 0.86214 0.516632 0.882716 0.517672 0.911523 0.525988 0.9197529999999999 0.531185 0.927984 0.533264 0.936214 0.533264 0.94856 0.529106 0.94856 0.515593 0.944444 0.513514 0.925926 0.513514 0.895062 0.504158 0.884774 0.504158 0.855967 0.49896 0.759259 0.496881
6 0.121399 0.158004 0.115226 0.162162 0.115226 0.169439 0.123457 0.19230800000000003 0.133745 0.202703 0.183128 0.235967 0.187243 0.235967 0.203704 0.244283 0.220165 0.244283 0.22428 0.242204 0.22428 0.23180899999999996 0.207819 0.221414 0.197531 0.220374 0.158436 0.194387 0.152263 0.18815 0.141975 0.160083 0.133745 0.156965
6 0.897119 0.158004 0.884774 0.156965 0.876543 0.160083 0.855967 0.18711 0.839506 0.201663 0.833333 0.211019 0.796296 0.235967 0.796296 0.240125 0.802469 0.244283 0.820988 0.244283 0.835391 0.237006 0.86214 0.216216 0.901235 0.169439 0.901235 0.160083