0 0.563567 0 0.555977 0.016055 0.55408 0.029817 0.555977 0.071101 0.56167 0.082569 0.565465 0.105505 0.573055 0.126147 0.574953 0.146789 0.580645 0.15825700000000004 0.580645 0.172018 0.588235 0.188073 0.588235 0.208716 0.56926 0.236239 0.563567 0.236239 0.550285 0.247706 0.538899 0.247706 0.527514 0.254587 0.514231 0.272936 0.500949 0.28211 0.495256 0.28211 0.462998 0.247706 0.43074 0.236239 0.409867 0.213303 0.406072 0.204128 0.406072 0.190367 0.425047 0.146789 0.428843 0.123853 0.436433 0.107798 0.440228 0.027523000000000002 0.432638 0.009174 0.425047 0.006880999999999999 0.417457 0.045872 0.402277 0.068807 0.387097 0.075688 0.375712 0.08715600000000001 0.351044 0.103211 0.324478 0.105505 0.332068 0.11009200000000001 0.324478 0.130734 0.324478 0.142202 0.318786 0.15367 0.314991 0.17431200000000002 0.311195 0.24311899999999997 0.316888 0.254587 0.316888 0.263761 0.322581 0.275229 0.324478 0.293578 0.332068 0.31422 0.337761 0.3440369999999999 0.345351 0.362385 0.349146 0.392202 0.354839 0.41055 0.360531 0.41743099999999994 0.362429 0.447248 0.366224 0.46789 0.370019 0.472477 0.375712 0.543578 0.379507 0.550459 0.379507 0.619266 0.387097 0.630734 0.388994 0.646789 0.411765 0.676606 0.44592 0.6972480000000001 0.472486 0.704128 0.514231 0.704128 0.529412 0.6972480000000001 0.54649 0.6972480000000001 0.56926 0.688073 0.586338 0.676606 0.59203 0.667431 0.597723 0.667431 0.605313 0.65367 0.614801 0.644495 0.620493 0.630734 0.620493 0.6123849999999998 0.616698 0.603211 0.618596 0.594037 0.612903 0.568807 0.620493 0.552752 0.626186 0.451835 0.643264 0.389908 0.645161 0.360092 0.650854 0.34862400000000004 0.650854 0.32798199999999994 0.662239 0.284404 0.664137 0.245413 0.667932 0.236239 0.669829 0.208716 0.675522 0.188073 0.675522 0.142202 0.666034 0.11697199999999999 0.658444 0.105505 0.607211 0.077982 0.590133 0.075688 0.578748 0.061927 0.573055 0.059633 0.567362 0.041284 0.56926 0.006880999999999999
5 0.339658 0.103211 0.305503 0.103211 0.273245 0.119266 0.256167 0.151376 0.252372 0.178899 0.248577 0.18578 0.252372 0.199541 0.24667899999999998 0.208716 0.24667899999999998 0.220183 0.242884 0.227064 0.244782 0.238532 0.239089 0.247706 0.239089 0.256881 0.233397 0.268349 0.229602 0.286697 0.218216 0.309633 0.210626 0.357798 0.199241 0.383028 0.187856 0.424312 0.172676 0.440367 0.155598 0.451835 0.100569 0.518349 0.060721 0.573394 0.049336 0.59633 0.032258 0.6169719999999999 0.011385 0.66055 0.003795 0.706422 0 0.7660549999999999 0.001898 0.786697 0.011385 0.8073390000000001 0.034156 0.837156 0.049336 0.848624 0.070209 0.853211 0.075901 0.857798 0.085389 0.857798 0.089184 0.8623849999999998 0.087287 0.873853 0.062619 0.922018 0.049336 0.956422 0.049336 0.963303 0.064516 0.981651 0.083491 0.986239 0.089184 0.995413 0.102467 0.990826 0.1537 0.931193 0.1537 0.926606 0.189753 0.87844 0.199241 0.87156 0.225806 0.869266 0.265655 0.848624 0.301708 0.816514 0.309298 0.81422 0.324478 0.791284 0.335863 0.694954 0.351044 0.644495 0.354839 0.591743 0.352941 0.557339 0.358634 0.538991 0.360531 0.483945 0.366224 0.472477 0.368121 0.458716 0.362429 0.454128 0.358634 0.41743099999999994 0.352941 0.41055 0.347249 0.392202 0.347249 0.373853 0.337761 0.350917 0.330171 0.31422 0.322581 0.293578 0.320683 0.275229 0.309298 0.24311899999999997 0.313093 0.17431200000000002 0.316888 0.15367 0.322581 0.142202 0.322581 0.130734 0.330171 0.11009200000000001 0.326376 0.107798 0.332068 0.103211
5 0.660342 0.11009200000000001 0.667932 0.11697199999999999 0.677419 0.142202 0.677419 0.188073 0.671727 0.208716 0.669829 0.236239 0.666034 0.245413 0.664137 0.284404 0.652751 0.32798199999999994 0.652751 0.34862400000000004 0.647059 0.360092 0.645161 0.389908 0.628083 0.451835 0.622391 0.552752 0.614801 0.568807 0.620493 0.594037 0.618596 0.603211 0.622391 0.6123849999999998 0.622391 0.626147 0.626186 0.62844 0.633776 0.65367 0.639469 0.6972480000000001 0.650854 0.740826 0.677419 0.8027519999999999 0.711575 0.832569 0.740038 0.8669719999999999 0.751423 0.873853 0.764706 0.873853 0.772296 0.87844 0.806452 0.87844 0.812144 0.885321 0.814042 0.901376 0.821632 0.91055 0.825427 0.922018 0.836812 0.933486 0.840607 0.9518350000000001 0.86148 0.9793580000000001 0.886148 0.9793580000000001 0.901328 0.974771 0.916509 0.961009 0.918406 0.938073 0.897533 0.889908 0.889943 0.8830280000000001 0.886148 0.87156 0.897533 0.8669719999999999 0.914611 0.853211 0.931689 0.848624 0.943074 0.841743 0.958254 0.825688 0.9829219999999999 0.816514 0.990512 0.809633 0.998102 0.793578 0.998102 0.740826 0.969639 0.6697250000000001 0.941176 0.614679 0.903226 0.56422 0.851992 0.479358 0.800759 0.42201800000000006 0.789374 0.362385 0.779886 0.34633 0.777989 0.31422 0.772296 0.305046 0.770398 0.28211 0.760911 0.268349 0.759013 0.247706 0.745731 0.224771 0.73814 0.18578 0.726755 0.167431 0.721063 0.146789 0.688805 0.112385 0.673624 0.107798
2 0.56926 0 0.559772 0 0.552182 0.018349 0.552182 0.077982 0.567362 0.133028 0.56926 0.151376 0.573055 0.155963 0.582543 0.190367 0.582543 0.199541 0.573055 0.21789 0.56926 0.21789 0.552182 0.233945 0.544592 0.236239 0.521822 0.254587 0.502846 0.275229 0.470588 0.25 0.44592 0.236239 0.41556 0.206422 0.41556 0.197248 0.425047 0.176606 0.43074 0.149083 0.436433 0.137615 0.436433 0.12844 0.442125 0.112385 0.44592 0.073394 0.444023 0.022936 0.434535 0.004587 0.428843 0.004587 0.425047 0.009174 0.436433 0.043578000000000006 0.436433 0.06422 0.426945 0.126147 0.404175 0.194954 0.404175 0.21100900000000003 0.417457 0.229358 0.43833 0.247706 0.466793 0.263761 0.495256 0.288991 0.508539 0.288991 0.531309 0.263761 0.571157 0.236239 0.588235 0.220183 0.588235 0.208716 0.595825 0.204128 0.595825 0.192661 0.58444 0.151376 0.580645 0.146789 0.580645 0.135321 0.571157 0.107798 0.563567 0.071101 0.56167 0.036697 0.563567 0.022936 0.56926 0.016055
7 0.377609 0.614679 0.392789 0.658257 0.41556 0.683486 0.451613 0.704128 0.516129 0.706422 0.565465 0.6972480000000001 0.590133 0.683486 0.618596 0.649083 0.626186 0.635321 0.626186 0.623853 0.616698 0.623853 0.590133 0.6651380000000001 0.56167 0.683486 0.510436 0.694954 0.489564 0.694954 0.455408 0.690367 0.451613 0.68578 0.442125 0.683486 0.436433 0.676606 0.43074 0.676606 0.41556 0.6651380000000001 0.404175 0.651376 0.387097 0.610092 0.381404 0.610092
6 0.332068 0.105505 0.324478 0.11009200000000001 0.318786 0.126147 0.303605 0.192661 0.303605 0.245413 0.313093 0.286697 0.320683 0.272936 0.316888 0.24311899999999997 0.313093 0.233945 0.313093 0.208716 0.320683 0.167431 0.335863 0.11697199999999999 0.335863 0.11009200000000001
6 0.667932 0.11009200000000001 0.664137 0.114679 0.664137 0.123853 0.671727 0.149083 0.673624 0.188073 0.664137 0.268349 0.673624 0.270642 0.683112 0.213303 0.683112 0.144495 0.675522 0.114679
6 0.337761 0.355505 0.333966 0.350917 0.328273 0.350917 0.309298 0.376147 0.290323 0.394495 0.263757 0.41055 0.256167 0.41055 0.244782 0.41743099999999994 0.216319 0.419725 0.187856 0.415138 0.184061 0.419725 0.184061 0.426606 0.203036 0.431193 0.239089 0.431193 0.267552 0.424312 0.29222 0.41055 0.322581 0.383028 0.337761 0.362385
6 0.648956 0.355505 0.648956 0.360092 0.654649 0.36467900000000003 0.666034 0.38532099999999997 0.669829 0.38532099999999997 0.688805 0.40137599999999996 0.728653 0.41743099999999994 0.743833 0.41743099999999994 0.772296 0.428899 0.804554 0.426606 0.804554 0.41743099999999994 0.796964 0.41055 0.793169 0.41055 0.787476 0.41743099999999994 0.777989 0.41743099999999994 0.774194 0.412844 0.732448 0.40367 0.696395 0.389908 0.671727 0.37156 0.660342 0.353211 0.652751 0.350917
6 0.087287 0.860092 0.087287 0.864679 0.092979 0.87156 0.113852 0.876147 0.151803 0.876147 0.170778 0.8830280000000001 0.184061 0.8830280000000001 0.199241 0.876147 0.199241 0.864679 0.195446 0.860092 0.180266 0.869266 0.163188 0.864679 0.117647 0.8623849999999998 0.094877 0.855505
6 0.891841 0.864679 0.882353 0.860092 0.878558 0.864679 0.844402 0.864679 0.806452 0.87156 0.802657 0.880734 0.827324 0.8830280000000001 0.855787 0.876147 0.889943 0.876147
6 0.045541 0.956422 0.047438 0.965596 0.066414 0.990826 0.072106 0.990826 0.079696 0.997706 0.102467 0.995413 0.102467 0.988532 0.098672 0.9839450000000001 0.087287 0.986239 0.072106 0.977064 0.053131 0.9518350000000001
6 0.920304 0.949541 0.910816 0.944954 0.903226 0.956422 0.893738 0.963303 0.865275 0.970183 0.86148 0.9793580000000001 0.865275 0.9839450000000001 0.874763 0.9839450000000001 0.897533 0.977064 0.920304 0.963303