0 0.193133 0.060403 0.2103 0.082774 0.2103 0.098434 0.218884 0.105145 0.223176 0.12304300000000001 0.227468 0.248322 0.261803 0.317673 0.274678 0.371365 0.270386 0.387025 0.33047200000000004 0.39149899999999993 0.703863 0.389262 0.716738 0.322148 0.759657 0.248322 0.763948 0.165548 0.785408 0.134228 0.802575 0.089485 0.815451 0.07606300000000002 0.759657 0.060403 0.678112 0.049217 0.656652 0.040268 0.648069 0.022371 0.630901 0.011186000000000001 0.562232 0.002237 0.44206 0.002237 0.364807 0.011186000000000001 0.32618 0.044743 0.23176 0.053691 0.214592 0.060403
4 0.274678 0.389262 0.266094 0.393736 0.253219 0.425056 0.236052 0.447427 0.214592 0.50783 0.184549 0.548098 0.133047 0.680089 0.103004 0.731544 0.038627 0.872483 0.030043 0.879195 0.004292 0.944072 0.030043 0.950783 0.064378 0.950783 0.077253 0.946309 0.128755 0.946309 0.145923 0.95302 0.154506 0.9731540000000001 0.180258 0.977629 0.236052 0.977629 0.270386 0.96868 0.33047200000000004 0.96868 0.343348 0.975391 0.34763900000000003 0.986577 0.429185 0.9888139999999999 0.454936 0.995526 0.519313 0.995526 0.579399 0.9888139999999999 0.678112 0.986577 0.682403 0.9731540000000001 0.716738 0.96868 0.785408 0.975391 0.824034 0.970917 0.83691 0.9731540000000001 0.845494 0.959732 0.862661 0.950783 0.987124 0.950783 0.991416 0.944072 0.974249 0.928412 0.965665 0.9127519999999999 0.965665 0.894855 0.95279 0.883669 0.948498 0.847875 0.909871 0.787472 0.892704 0.733781 0.866953 0.695749 0.862661 0.668904 0.785408 0.541387 0.785408 0.532438 0.76824 0.512304 0.76824 0.503356 0.729614 0.442953 0.708155 0.393736 0.33047200000000004 0.393736
5 0.193133 0.064877 0.158798 0.073826 0.008584 0.199105 0.008584 0.205817 0.030043 0.217002 0.098712 0.239374 0.11588 0.24161100000000002 0.133047 0.250559 0.175966 0.259508 0.184549 0.257271 0.201717 0.23713599999999999 0.223176 0.223714 0.223176 0.143177 0.214592 0.105145 0.206009 0.098434 0.206009 0.082774
5 0.819742 0.07606300000000002 0.806867 0.089485 0.7897000000000001 0.134228 0.772532 0.1566 0.763948 0.187919 0.763948 0.24161100000000002 0.7897000000000001 0.250559 0.806867 0.270694 0.819742 0.270694 0.909871 0.234899 0.95279 0.230425 0.987124 0.212528 0.978541 0.196868 0.944206 0.174497 0.879828 0.102908 0.845494 0.080537
7 0.261803 0.38255 0.270386 0.39149899999999993 0.291845 0.395973 0.377682 0.395973 0.416309 0.400447 0.6952789999999999 0.395973 0.712446 0.389262 0.703863 0.378076 0.669528 0.384787 0.33047200000000004 0.384787 0.300429 0.38255 0.291845 0.378076 0.270386 0.378076
2 0.630901 0.008949 0.575107 0.053691 0.55794 0.10961999999999998 0.48927 0.181208 0.467811 0.167785 0.450644 0.129754 0.44206 0.12528 0.44206 0.111857 0.416309 0.049217 0.369099 0.017897 0.351931 0.022371 0.356223 0.033557 0.390558 0.053691 0.390558 0.060403 0.399142 0.064877 0.407725 0.102908 0.429185 0.152125 0.437768 0.1566 0.44206 0.17226 0.476395 0.201342 0.497854 0.201342 0.506438 0.196868 0.545064 0.152125 0.570815 0.131991 0.5965670000000001 0.085011 0.5965670000000001 0.060403 0.648069 0.022371
2 0.253219 0.33557 0.257511 0.342282 0.291845 0.342282 0.369099 0.328859 0.506438 0.326622 0.566524 0.328859 0.643777 0.342282 0.67382 0.342282 0.682403 0.346756 0.708155 0.344519 0.708155 0.33557 0.6952789999999999 0.331096 0.665236 0.331096 0.587983 0.317673 0.515021 0.313199 0.416309 0.313199 0.381974 0.317673 0.343348 0.317673 0.261803 0.331096
1 0 0.93736 0 0.946309 0.034335 0.957494 0.098712 0.957494 0.137339 0.95302 0.145923 0.957494 0.145923 0.975391 0.16309 0.979866 0.236052 0.979866 0.261803 0.977629 0.283262 0.970917 0.309013 0.970917 0.32618 0.977629 0.33047200000000004 0.986577 0.343348 0.993289 0.420601 0.993289 0.44206 0.997763 0.626609 0.997763 0.665236 0.993289 0.699571 0.9731540000000001 0.729614 0.977629 0.845494 0.975391 0.879828 0.95302 0.914163 0.957494 0.995708 0.957494 0.995708 0.93736 0.987124 0.93736 0.974249 0.944072 0.871245 0.939597 0.849785 0.948546 0.832618 0.961969 0.678112 0.961969 0.648069 0.982103 0.476395 0.986577 0.446352 0.982103 0.364807 0.982103 0.351931 0.977629 0.351931 0.970917 0.317597 0.957494 0.274678 0.957494 0.253219 0.964206 0.175966 0.96868 0.171674 0.950783 0.150215 0.941834 0.042918 0.944072 0.012876 0.9351229999999999
2 0.669528 0.04698 0.6609440000000001 0.04698 0.648069 0.053691 0.5965670000000001 0.147651 0.570815 0.174497 0.519313 0.210291 0.51073 0.225951 0.515021 0.246085 0.502146 0.290828 0.506438 0.304251 0.493562 0.31096199999999996 0.502146 0.319911 0.532189 0.317673 0.527897 0.295302 0.540773 0.250559 0.536481 0.230425 0.545064 0.217002 0.592275 0.183445 0.630901 0.14094 0.643777 0.107383 0.656652 0.096197 0.656652 0.080537 0.678112 0.058166 0.678112 0.051454
2 0.334764 0.040268 0.32618 0.044743 0.32618 0.051454 0.334764 0.055928 0.339056 0.087248 0.34763900000000003 0.09396 0.369099 0.147651 0.403433 0.192394 0.454936 0.239374 0.454936 0.317673 0.480687 0.324385 0.48927 0.319911 0.480687 0.232662 0.429185 0.187919 0.403433 0.147651 0.39485000000000003 0.143177 0.373391 0.089485 0.364807 0.082774 0.360515 0.051454 0.343348 0.040268
6 0.819742 0.073826 0.811159 0.073826 0.7897000000000001 0.089485 0.785408 0.10961999999999998 0.776824 0.11856799999999999 0.776824 0.134228 0.763948 0.152125 0.763948 0.17226 0.751073 0.199105 0.751073 0.239374 0.759657 0.243848 0.776824 0.239374 0.772532 0.208054 0.781116 0.201342 0.798283 0.134228 0.824034 0.087248
6 0.188841 0.060403 0.180258 0.069351 0.19742500000000002 0.105145 0.19742500000000002 0.127517 0.2103 0.147651 0.2103 0.17673399999999997 0.218884 0.194631 0.214592 0.225951 0.236052 0.230425 0.244635 0.225951 0.236052 0.143177 0.223176 0.12304300000000001 0.223176 0.102908 0.2103 0.067114 0.19742500000000002 0.060403