0 0.267544 0.018587 0.267544 0.178439 0.276316 0.193309 0.276316 0.215613 0.289474 0.24163600000000002 0.289474 0.256506 0.32456099999999993 0.30855 0.333333 0.342007 0.333333 0.390335 0.302632 0.442379 0.381579 0.479554 0.42543900000000007 0.49442400000000003 0.442982 0.49442400000000003 0.486842 0.513011 0.504386 0.513011 0.605263 0.472119 0.649123 0.442379 0.679825 0.431227 0.653509 0.375465 0.653509 0.330855 0.697368 0.256506 0.70614 0.219331 0.70614 0.026022 0.662281 0.026022 0.539474 0.040892 0.416667 0.040892 0.368421 0.026022 0.29386 0.026022
5 0.535088 0.040892 0.416667 0.040892 0.372807 0.026022 0.29386 0.026022 0.210526 0.007435 0.140351 0.007435 0.114035 0.197026 0.083333 0.256506 0.074561 0.312268 0.02193 0.401487 0.02193 0.420074 0.039474 0.438662 0.039474 0.453532 0.013158 0.475836 0 0.501859 0.004386 0.527881 0.039474 0.542751 0.035088 0.561338 0.004386 0.591078 0.004386 0.657993 0.02193 0.762082 0.061404 0.869888 0.144737 0.858736 0.20614 0.836431 0.219298 0.821561 0.20614 0.657993 0.214912 0.542751 0.223684 0.516729 0.223684 0.479554 0.241228 0.434944 0.245614 0.375465 0.263158 0.32342 0.263158 0.267658 0.29386 0.267658 0.27193 0.215613 0.263158 0.144981 0.289474 0.130112 0.320175 0.126394
5 0.548246 0.037175 0.5 0.05948 0.7105260000000001 0.137546 0.7105260000000001 0.219331 0.701754 0.256506 0.688596 0.275093 0.701754 0.275093 0.7105260000000001 0.286245 0.736842 0.420074 0.767544 0.48698900000000006 0.780702 0.565056 0.79386 0.583643 0.807018 0.624535 0.79386 0.747212 0.811404 0.810409 0.894737 0.836431 0.942982 0.840149 0.97807 0.724907 0.995614 0.572491 0.986842 0.572491 0.9605260000000001 0.542751 0.964912 0.527881 0.97807 0.516729 0.97807 0.438662 0.929825 0.390335 0.934211 0.342007 0.881579 0.215613 0.881579 0.167286 0.842105 0.003717 0.785088 0.003717 0.70614 0.026022 0.644737 0.026022 0.618421 0.033457
4 0.692982 0.438662 0.675439 0.434944 0.605263 0.475836 0.504386 0.516729 0.486842 0.516729 0.442982 0.49814100000000006 0.42543900000000007 0.49814100000000006 0.381579 0.483271 0.302632 0.446097 0.302632 0.438662 0.22807 0.535316 0.223684 0.561338 0.201754 0.60223 0.144737 0.680297 0.105263 0.784387 0.109649 0.832714 0.201754 0.892193 0.201754 0.947955 0.320175 0.95539 0.337719 0.962825 0.364035 0.9925649999999999 0.381579 0.996283 0.42543900000000007 0.996283 0.47807 0.981413 0.552632 0.981413 0.587719 0.9925649999999999 0.644737 0.9925649999999999 0.6710530000000001 0.981413 0.6710530000000001 0.962825 0.697368 0.944238 0.798246 0.94052 0.8289469999999999 0.929368 0.824561 0.869888 0.894737 0.825279 0.899123 0.784387 0.864035 0.728625 0.855263 0.687732 0.815789 0.63197 0.802632 0.598513 0.77193 0.561338 0.70614 0.449814
1 0.907895 0.810409 0.894737 0.810409 0.8596489999999999 0.843866 0.837719 0.847584 0.815789 0.866171 0.815789 0.877323 0.8289469999999999 0.895911 0.820175 0.929368 0.692982 0.94052 0.675439 0.9516730000000001 0.662281 0.977695 0.649123 0.9851299999999998 0.473684 0.9739780000000001 0.39473699999999995 0.9888480000000001 0.372807 0.981413 0.359649 0.9702599999999999 0.359649 0.962825 0.333333 0.944238 0.223684 0.944238 0.210526 0.936803 0.20614 0.877323 0.149123 0.847584 0.114035 0.817844 0.105263 0.817844 0.100877 0.828996 0.127193 0.855019 0.153509 0.866171 0.162281 0.877323 0.179825 0.881041 0.19736800000000002 0.895911 0.19736800000000002 0.947955 0.210526 0.95539 0.328947 0.959108 0.346491 0.981413 0.368421 0.996283 0.442982 0.996283 0.486842 0.9851299999999998 0.596491 0.996283 0.662281 0.996283 0.675439 0.9925649999999999 0.679825 0.9739780000000001 0.697368 0.95539 0.723684 0.947955 0.833333 0.94052 0.842105 0.910781 0.837719 0.869888 0.885965 0.847584 0.903509 0.828996
7 0.684211 0.427509 0.6710530000000001 0.427509 0.618421 0.449814 0.508772 0.509294 0.429825 0.490706 0.328947 0.442379 0.302632 0.438662 0.298246 0.453532 0.350877 0.468401 0.390351 0.49442400000000003 0.504386 0.524164 0.535088 0.516729 0.5789469999999999 0.49442400000000003 0.600877 0.475836 0.627193 0.468401 0.649123 0.453532 0.6710530000000001 0.449814 0.684211 0.438662
2 0.263158 0.022305 0.263158 0.02974 0.307018 0.033457 0.315789 0.040892 0.412281 0.040892 0.442982 0.048327 0.5789469999999999 0.048327 0.70614 0.033457 0.70614 0.022305 0.535088 0.037175 0.346491 0.02974 0.289474 0.018587
6 0.5 0.04461 0.438596 0.070632 0.42543900000000007 0.081784 0.280702 0.130112 0.263158 0.141264 0.263158 0.148699 0.289474 0.148699 0.307018 0.137546 0.342105 0.130112 0.421053 0.096654 0.442982 0.092937 0.5 0.05948
6 0.486842 0.055762 0.486842 0.063197 0.513158 0.081784 0.614035 0.130112 0.662281 0.133829 0.675439 0.141264 0.719298 0.148699 0.719298 0.133829 0.622807 0.115242 0.530702 0.070632 0.513158 0.055762
6 0.289474 0.133829 0.162281 0.163569 0.118421 0.178439 0.114035 0.189591 0.144737 0.189591 0.20614 0.167286 0.22807 0.167286 0.267544 0.156134 0.276316 0.148699 0.289474 0.148699
6 0.70614 0.141264 0.70614 0.148699 0.785088 0.167286 0.833333 0.167286 0.842105 0.174721 0.881579 0.178439 0.877193 0.163569 0.855263 0.163569 0.846491 0.156134 0.79386 0.152416 0.72807 0.137546